3.825
3.64614
4.50857
3.97348
3.74976
3.27542
3.95133
4.06912
4.11748
4.09109
3.60211
3.87945
3.72773
3.96713
4.08493
3.77681
3.26074
3.54661
4.11488
3.88215
4.45177
3.58797
4.66553
4.27125
3.75096
4.10106
4.45256
3.57158
3.8225
3.71598
3.84337
3.95065
3.73968
4.22095
3.80227
3.84261
3.83517
3.93374
3.99398
3.68182
4.83633
3.75096
3.5277
3.77831
3.92078
3.80645
4.26377
3.93229
3.61431
3.49917
3.63453
4.12256
3.95125
3.81001
3.83448
3.59452
3.89813
3.938
4.03217
3.41511
4.41036
3.72497
4.15689
3.77069
4.80948
3.5851
4.03511
3.74559
4.36847
3.53984
3.66077
4.40272
3.35383
3.94445
3.94479
3.82231
4.03763
3.896
3.60791
4.58247
3.76159
4.19883
3.37282
3.78049
4.41035
3.54438
3.79399
4.85957
3.87192
4.1314
3.58148
3.82125
3.46979
3.43641
3.66665
5.01711
3.77722
5.55303
3.47671
3.87081
4.63505
3.89724
4.15757
3.93496
3.36564
5.55348
4.02642
3.32676
5.17876
3.98241
3.67631
4.21292
3.5433
3.84733
3.62879
3.27422
3.8975
3.36585
3.81458
3.65781
3.50525
3.7545
3.59427
4.06982
4.08787
6.11898
3.77713
3.42341
3.28753
3.43671
4.30034
4.40821
3.48061
3.78263
3.97981
3.78314
4.49956
4.08827
4.35981
4.23102
3.8912
4.134
4.8288
3.85256
4.53762
3.50056
4.34741
3.44785
3.24435
4.59086
3.84465
3.50433
4.10825
3.66417
3.17233
3.71018
3.82931
3.73591
3.8038
4.19276
3.74352
3.50849
4.27201
4.60825
4.11183
4.09833
3.55502
5.0951
3.75559
3.99496
3.59763
3.25733
3.98114
3.68011
3.59017
3.92443
3.4414
3.47683
4.08326
4.15442
4.11282
3.9037
4.54579
3.84034
3.65872
4.17464
3.98592
3.41053
3.3552
3.87484
3.40099
4.1803
3.73763
3.74692
3.57126
4.14534
4.04402
4.04841
4.06349
3.71487
4.34614
3.91892
4.1654
4.45698
4.59398
3.6959
3.48462
3.20481
4.45414
4.12538
4.25027
3.35484
3.31035
3.87797
3.58471
3.75425
3.51853
3.77271
3.36877
3.6853
4.62187
3.89738
4.29795
3.81894
3.56267
3.57684
4.57579
3.71354
3.34884
4.21644
4.60468
3.51284
3.14625
3.94907
3.71414
4.08191
4.09379
4.09569
3.92049
4.03083
3.66578
3.8851
3.46469
3.55364
3.58925
3.78022
4.11096
4.74797
4.92592
3.82727
3.46944
4.68274
3.45494
4.1175
4.20629
3.9108
4.4629
4.07216
3.82791
4.55532
3.84012
3.97238
4.4263
3.88
3.9231
4.35099
4.16637
3.67234
3.98765
3.80868
3.71687
3.93737
3.84266
4.00838
3.77155
3.67674
6.14182
3.8628
3.66805
4.24719
4.09175
3.69681
3.41276
3.89094
4.22206
4.01979
3.76194
4.18989
3.66611
3.78325
4.23308
4.23937
3.87526
3.62868
3.63331
3.86462
3.26405
3.78186
3.80597
3.89272
4.05316
4.56894
3.51962
3.92026
4.31922
4.09233
3.88294
3.61955
3.94139
4.19568
3.84444
3.81186
4.18143
3.63523
3.69654
3.64559
4.04831
4.46009
3.12165
3.39676
4.29874
3.42383
4.13473
3.87303
3.64326
4.351
4.08885
3.51568
3.35078
3.68864
3.47853
3.91141
3.98933
4.41715
4.57891
3.52522
4.04445
3.78417
3.92078
3.67793
3.83703
4.02698
4.13294
4.03521
4.5568
4.06041
3.68495
3.89161
3.71878
4.02211
3.67531
3.57689
3.93741
4.06164
5.26657
4.18194
3.77435
4.11119
4.55303
4.37426
3.75865
4.24287
4.33931
3.92504
3.72848
3.75178
3.51672
4.08161
3.64811
3.34877
3.79295
4.03437
4.04068
3.38875
4.04175
4.03759
3.46703
3.62382
3.39817
4.00167
3.74517
3.86588
3.9221
3.68851
3.79231
4.0804
3.91934
3.85188
3.73858
4.00351
3.53082
3.37651
4.22505
3.693
3.81073
3.49634
3.73199
3.94314
3.18382
4.18624
3.42281
3.74981
3.85879
4.29136
3.62407
3.6347
3.65113
3.80346
3.80929
4.15436
4.39524
4.38078
3.57252
3.6026
3.36882
3.56382
3.80985
3.42115
3.36359
4.12836
4.26622
3.8296
4.08052
3.82853
3.77745
4.43782
3.8338
5.58065
3.88311
3.90302
3.96529
4.13843
3.7708
3.68548
4.63811
3.77902
4.06575
4.12941
4.28904
3.85573
3.83702
4.10921
4.87312
3.88196
3.54462
3.92697
3.6757
5.02599
3.82715
4.31519
3.64491
4.51329
4.10874
4.08686
3.90493
4.03685
3.69519
4.82271
4.3646
4.36013
3.79262
3.65359
4.21958
3.90962
3.6845
3.72896
3.47214
4.24022
3.30835
3.82229
3.22156
4.03385
4.75953
3.44252
3.87266
3.71804
4.6851
3.71953
3.43379
3.61184
5.60925
4.2606
3.99886
4.01089
4.4145
3.71427
3.37308
3.45721
4.08133
4.1449
3.82729
4.07803
4.0007
3.55093
3.90957
3.77447
4.24308
3.57975
3.95788
3.88174
