4.34306
2.62332
3.78321
4.90687
3.10437
4.14867
4.83323
4.60664
4.83484
3.95048
5.00792
3.39533
3.97312
3.9974
4.17294
4.84292
3.88683
4.04486
3.18143
4.35367
4.54704
3.90513
4.46597
5.04271
5.81864
4.53562
4.31118
4.52382
5.21784
4.35262
3.70195
5.71535
3.2663
2.69745
5.05074
5.18177
4.94178
3.6155
2.76393
3.95971
4.59483
3.36211
5.07042
3.57182
3.0995
4.63649
4.75227
4.02633
6.90386
4.67192
4.82686
4.25083
4.64683
3.65387
5.56525
4.78987
5.03921
2.88804
5.03711
4.99765
5.1748
4.66233
5.96207
4.50928
4.43555
5.55152
5.49636
5.18433
4.81806
4.28166
5.08389
4.76912
3.37099
5.6824
3.04653
3.47153
3.09626
2.71621
3.16486
6.47159
6.32507
4.3681
2.99942
6.32243
3.41333
6.59578
5.21288
3.35331
5.61762
2.90013
5.36567
3.6624
3.12895
4.10365
4.88943
6.80709
4.27423
6.32043
4.81561
5.78
4.32134
3.99805
6.22209
3.23734
4.3708
4.80319
4.83891
3.60497
5.89306
3.68755
3.80015
4.98273
5.2157
3.29168
3.27838
7.82078
3.70975
3.97008
5.62921
4.16037
4.45382
5.41447
4.61648
4.16624
4.445
2.06494
3.74129
4.07025
4.05586
3.63021
6.44705
4.84658
3.83617
4.13904
5.20807
5.25009
4.41806
4.78186
3.47825
4.66415
4.68936
2.97214
4.53226
3.49205
4.99228
3.9852
5.32067
4.86654
5.00735
4.26839
2.97069
4.78286
4.61574
4.69826
4.43382
2.90096
3.59445
5.3016
4.03794
4.26503
3.73615
6.15884
5.61563
4.85408
3.64392
3.74051
4.73483
5.55555
3.42743
3.7095
8.48298
2.95783
3.49815
4.42774
5.46119
3.32077
4.01035
5.29282
5.78515
4.25128
4.01964
5.51537
2.93683
4.6964
5.03335
3.26197
3.04412
2.83774
3.78098
3.712
4.97795
4.97805
4.45757
3.34328
3.27701
3.8062
6.03654
3.7606
4.93125
3.95617
4.35627
5.3752
5.53928
2.98331
3.19601
5.04465
3.90386
3.02431
3.98708
3.51461
5.73723
3.87309
5.38996
4.24669
4.47193
6.50669
3.14567
5.84686
5.31006
3.33306
5.10291
2.99007
3.30821
4.43612
4.52686
3.0306
6.37686
4.54924
3.76825
4.21934
3.67561
4.87387
3.9187
2.61173
3.18087
4.73028
4.655
3.25955
4.46146
4.42003
4.97904
5.02985
4.92732
5.05623
4.12091
6.05287
4.15497
3.86024
4.98167
6.19916
6.43196
5.09549
3.69485
3.82331
4.10444
3.23408
5.15011
5.61101
3.27416
2.68662
4.98404
5.47102
3.15174
4.64104
5.31485
4.70758
4.23467
6.51439
4.54161
4.54145
3.88685
5.1068
3.08887
3.65177
3.4658
5.05224
2.80165
3.98641
4.65161
3.44916
4.08359
4.82166
4.46844
4.69997
4.51843
2.83508
3.23874
4.15694
4.37277
4.74619
6.03641
2.71186
2.22846
5.47999
6.86937
2.99241
2.66272
5.84517
5.68069
2.94607
4.46828
4.58465
3.82291
4.0561
5.78637
5.04683
4.20292
5.98994
2.53366
5.30912
5.2784
5.65502
3.67808
3.69754
3.94322
4.94074
6.49739
4.41332
4.20125
4.39577
5.53221
4.39205
2.46142
4.24244
3.4491
4.67325
3.88099
5.8247
5.16673
4.59838
2.40108
3.77117
5.0612
4.13209
7.64069
4.62144
3.48519
4.46577
4.80749
5.82035
3.29255
4.54606
5.89193
4.6287
5.18118
4.71745
4.28632
4.04881
6.80033
6.73333
4.61968
4.75367
4.96569
8.95404
4.07219
4.52054
6.83546
4.23938
4.68679
6.0835
4.38806
4.71003
3.33387
4.3599
6.01505
3.9846
4.38468
4.12504
4.57449
5.81565
3.7707
3.28473
3.79395
4.96895
4.64248
3.20763
5.1595
4.47894
3.12546
4.90519
4.32866
4.86376
5.40325
4.93002
5.1157
5.71728
3.14399
2.7286
4.17147
4.00898
4.7918
4.5221
4.3568
3.84506
2.91409
2.73781
3.00704
3.85061
5.39567
3.93251
5.15127
4.95251
3.95992
4.27011
2.52766
5.10437
2.80739
4.91587
3.77673
2.67797
5.63394
5.66811
5.46456
5.4694
6.26375
6.51864
4.47934
3.7104
6.6637
5.4657
4.43893
3.03803
6.62114
5.01578
4.60867
5.77042
6.23283
4.1874
3.61743
3.98336
4.05734
4.84305
3.91473
3.71309
5.93768
3.84513
4.25741
4.38077
4.02118
4.69563
4.69565
4.28596
3.88484
3.69633
5.46559
3.80324
3.69247
4.60589
3.02324
3.51798
3.33193
5.38338
3.52818
4.781
9.91496
3.54975
2.85016
4.43098
3.21445
3.35399
8.4682
4.32616
2.70842
5.3531
4.88202
4.19447
7.45239
3.60784
4.27047
4.34341
5.58541
2.20772
3.39789
4.64207
4.27197
2.7239
4.59326
4.32949
4.62709
4.91006
2.63772
3.90265
3.36331
4.80006
3.63021
3.59619
6.08987
6.92795
5.4912
4.78737
4.80552
3.05394
4.14654
3.57049
4.18024
6.03412
3.75004
3.24088
3.79188
3.26964
