4.28948
4.43487
4.17889
4.41204
4.12892
4.20959
4.19722
4.57331
4.86115
5.35933
5.27494
4.31464
4.72575
4.15753
4.67508
4.36929
4.83527
4.26618
4.39317
4.39475
4.42352
4.341
4.25058
4.6051
4.71244
3.76081
4.05133
4.0751
5.16152
4.26587
3.87255
4.57408
4.19741
4.49907
4.30761
4.07757
4.0588
4.42851
5.2553
4.26023
3.92154
4.57358
4.35662
3.96449
4.65895
4.35678
3.97941
4.64023
4.61301
5.08261
4.26363
4.27382
4.70718
4.22245
4.35743
5.39088
4.73466
4.33725
4.10711
4.77776
4.3048
4.30716
4.6498
5.77412
4.3681
4.70886
4.74299
4.35095
4.03556
4.48015
4.38132
4.42789
4.4349
5.07654
4.34446
4.1931
4.65515
4.70201
4.00412
3.88141
4.34725
4.96854
4.38699
4.83248
4.37629
4.26223
4.67509
4.82956
4.58254
4.65087
4.37527
4.39684
4.54442
4.6975
4.44989
5.27784
4.33176
4.86133
4.44895
4.51889
4.02924
4.85081
4.42114
4.60028
4.68212
3.99445
4.33721
4.16806
4.31377
4.41499
4.45167
4.30045
4.80262
4.47059
4.6318
4.55721
4.78947
5.0317
4.01068
4.72374
4.3136
4.7494
4.73073
4.8996
5.17075
4.33233
5.26739
3.74066
5.12173
4.46139
4.57824
4.56342
4.471
4.19148
4.50543
4.24077
4.58669
4.5734
4.60143
4.34278
4.74197
4.61657
4.43919
4.79492
4.85191
4.70539
4.12475
4.7261
4.63363
5.3361
4.32786
3.87459
4.69991
4.75469
5.27879
4.378
4.88746
4.67375
4.49473
5.00689
4.67489
4.18156
4.3468
4.18807
4.59847
4.74025
6.07435
4.97118
4.65747
4.52811
4.72321
4.87302
4.16459
4.33611
4.49525
4.33394
4.25793
4.63706
4.31059
5.15712
4.32401
4.34958
4.64646
3.91903
4.39649
4.52024
4.3409
4.16189
4.70801
4.36632
4.96434
4.67997
5.43059
4.3046
4.389
4.51796
4.21805
4.36097
5.16219
4.73334
4.00753
4.09582
4.19731
4.67937
4.44337
4.7619
4.25465
6.45317
4.87081
4.40509
4.61016
4.40703
4.25794
4.47125
4.54859
4.53496
4.61547
4.47828
4.33537
4.97274
5.05204
4.71778
4.45308
4.27925
4.53589
4.13497
4.42336
4.99196
4.03866
5.92919
4.87105
4.72582
4.42863
4.1857
4.69432
4.53833
3.99155
4.08524
4.18028
4.39704
4.03553
4.49363
5.34915
4.59572
4.24179
7.86251
4.29422
4.50657
4.33524
3.86245
4.03664
4.95884
4.48681
4.32624
4.76862
4.46896
3.80642
4.58291
4.50292
4.34955
3.97598
4.16527
4.15157
4.65134
4.59071
5.07288
4.62931
4.42106
4.97377
4.23799
5.40869
4.0606
5.38024
4.87495
4.74117
4.17432
5.10669
4.64226
4.33236
4.42843
5.29534
4.39154
4.40362
4.57351
5.04957
5.20153
4.84104
5.00254
4.57684
5.80743
4.37116
4.39701
4.36113
4.80311
3.9905
4.61488
4.27406
3.92132
4.27344
4.46808
5.22425
5.62667
4.69534
4.35965
4.69377
3.8577
4.61056
4.38403
5.02981
4.51189
4.93165
4.93365
4.5462
4.19631
4.68208
4.20732
4.52901
4.54243
5.12606
4.94071
4.67684
4.82032
4.93248
4.36517
4.55652
4.29037
4.64212
4.68668
4.70912
3.96446
4.49245
5.22829
4.04131
4.59027
4.80706
3.76917
4.30418
4.18003
4.9265
4.87646
4.22714
4.20712
4.29857
4.39194
4.23844
4.50448
4.31827
4.1105
4.66336
4.21165
4.50616
4.53474
5.0437
4.21806
4.45563
4.83182
4.463
4.70115
4.38329
4.30418
4.05213
4.07204
3.97564
4.94602
4.52456
5.06213
4.84486
4.55154
4.52155
4.59844
4.41842
5.34123
4.47105
4.23072
4.05498
4.32685
4.42292
4.33848
4.08314
4.48246
4.57074
5.0782
4.13612
5.57115
4.56164
4.25846
4.78774
4.33727
4.30525
4.001
4.48242
4.94842
4.38444
4.59938
4.18651
4.495
4.63961
4.62143
3.69001
3.68774
4.47206
4.24194
3.67283
4.06077
4.69652
4.81483
4.88943
4.99818
4.309
4.34734
4.35197
4.54701
4.34138
5.04022
3.99002
4.40412
4.2039
4.66088
4.20792
4.38893
4.32433
4.56842
4.66284
3.97303
4.79738
4.23777
4.19316
4.11643
4.08206
4.92955
3.97089
5.02943
4.90205
4.56102
4.42744
5.41767
4.49654
4.70705
4.43421
4.12989
4.36051
4.27584
4.25342
5.08206
4.57359
4.04312
4.01079
4.23637
4.24011
4.34247
4.83237
4.65203
4.5915
4.77267
4.12369
4.94422
4.61383
4.6901
4.0888
5.32073
4.57948
4.77541
3.93622
4.64997
4.25865
4.54694
4.28865
4.68238
4.96134
4.76148
4.00094
5.22079
4.75299
4.31969
4.08719
4.03064
3.92983
4.26352
4.2669
4.84803
4.2447
4.23036
3.89236
4.38553
4.40156
4.34444
4.78904
4.20487
4.15898
4.7718
4.14562
4.34123
4.18908
4.38254
4.74509
4.35828
5.1562
4.48892
4.0372
4.35614
