2.76714
2.73422
2.70458
2.88181
2.60212
2.73491
2.60611
3.00673
2.94099
3.10146
2.73716
2.76259
2.70997
2.73003
2.86202
2.60408
3.0077
2.73767
2.86096
2.86939
2.85184
2.77158
2.74447
2.89495
3.05752
2.40698
2.72822
2.54341
3.13178
2.796
2.55366
2.93569
2.74152
2.94997
2.7982
2.59644
2.52912
2.86145
3.07637
2.95565
2.49155
2.72818
2.71813
2.59465
2.55289
2.82246
2.5971
2.75186
2.99927
3.02324
2.68088
2.86183
3.11734
2.71905
2.71271
3.35765
3.1091
2.87452
2.63041
3.1428
2.52856
2.76904
2.83922
3.15977
2.85106
2.93127
3.05046
2.83383
2.65889
2.83887
2.67267
2.91315
2.7368
3.22303
2.78616
2.62416
3.03691
2.96172
2.55294
2.44915
2.79435
3.25062
2.77294
2.93367
2.70396
2.73574
2.92356
2.94182
2.9324
2.86079
2.67591
2.89036
2.79544
3.04814
2.89003
2.88947
2.60343
2.97305
2.85263
2.81421
2.62907
3.11782
2.78066
2.8779
2.80246
2.62763
2.87176
2.62029
2.83994
2.86316
2.87923
2.7265
2.96171
2.78336
2.80387
2.82383
3.20718
2.81711
2.57143
3.06027
2.77333
3.02765
2.73166
3.17142
2.8704
2.71015
3.37295
2.43304
3.22746
2.82759
2.85577
2.98019
2.94905
2.69971
2.97391
2.82335
2.98228
2.9915
2.94213
2.83073
2.90251
2.94772
2.93344
3.05731
2.9376
2.92508
2.85776
2.91822
2.74055
3.20222
2.81351
2.56039
3.06982
2.89366
3.05888
2.9687
2.85109
2.99141
2.90153
3.03535
2.93005
2.63255
2.7392
2.72575
2.97832
2.99421
3.78479
3.08171
2.85131
2.84512
2.89451
2.9985
2.69999
2.80664
2.63831
2.6781
2.74453
3.04286
2.81318
3.30442
2.75941
2.61606
2.95726
2.54289
2.83604
2.93666
2.81232
2.70258
2.74097
2.59114
3.00623
2.74765
3.35822
2.84535
2.87444
2.8438
2.78021
2.80876
3.08541
2.88511
2.59782
2.86992
2.70402
2.99513
2.92455
3.09262
2.80516
2.88043
2.99564
2.88482
2.8406
2.80385
2.75046
2.87164
2.85069
2.87604
2.75457
3.01991
2.77429
3.10219
2.73669
2.99156
2.74019
2.9183
2.98101
2.47483
2.90492
3.25543
2.48958
3.32385
3.02145
3.01895
2.54144
2.58872
2.7807
2.81127
2.52968
2.50788
2.63236
2.76575
2.46553
2.97463
2.6987
2.83412
2.80607
2.92339
2.6252
2.99653
2.82459
2.50515
2.56912
3.08333
2.64142
2.85253
2.98905
2.9736
2.49659
2.88423
2.83899
2.81329
2.58686
2.61177
2.72907
2.94133
2.82003
3.03772
2.89271
2.95977
2.7188
2.7347
3.29953
2.55932
2.69189
2.69177
2.94243
2.69192
3.09461
2.83372
2.73171
2.83846
3.47467
2.64659
2.99267
2.9825
2.97479
2.75185
3.15982
3.06755
2.92014
3.39876
2.75044
2.66217
2.86834
3.04086
2.64692
3.00967
2.63899
2.45131
2.75605
2.97358
3.13493
3.21993
2.85648
2.8012
3.01043
2.58213
2.85575
2.70436
3.21833
2.71964
2.98328
2.71711
2.75449
2.74412
2.91335
2.72832
2.90537
2.70645
3.26645
2.4335
2.72458
3.0313
2.86911
2.78918
2.91282
2.78711
2.90126
2.99713
2.83403
2.55539
2.91273
3.25444
2.43243
2.82741
2.82424
2.55284
2.72875
2.80317
3.00669
3.08558
2.78206
2.81242
2.70659
2.8023
2.76259
2.93521
2.54578
2.61475
2.96191
2.78049
2.72399
2.72319
2.85424
2.87165
2.91652
2.78463
2.89495
2.80578
2.78648
2.75622
2.61688
2.64208
2.71655
2.93068
2.80051
3.00499
2.94798
2.87035
2.83257
2.94443
2.72981
3.41585
2.74687
2.73471
2.58511
2.69551
2.8426
2.73757
2.53207
2.9645
3.12317
3.20364
2.72801
3.15346
3.00102
2.85495
2.99624
2.73775
2.82519
2.61246
2.83966
2.96562
2.75498
2.91583
2.68418
2.89706
2.96103
2.99844
2.37275
2.36303
2.90273
2.72163
2.43265
2.62778
2.91892
2.98991
3.10444
2.96709
2.86618
2.88167
2.86068
2.77053
2.76667
3.00668
2.65007
2.74934
2.76556
2.93463
2.78571
2.7638
2.75524
2.92652
3.00097
2.56361
2.87625
2.79375
2.68042
2.69166
2.64887
2.79737
2.63932
2.99887
3.22283
2.90086
2.83786
3.19578
2.58004
3.03084
2.74641
2.71427
2.75905
2.70851
2.75859
2.7918
2.90042
2.6361
2.6138
2.72248
2.67535
2.92795
3.06149
3.06361
2.90605
2.70783
2.75337
3.0041
2.8891
3.05169
2.67059
3.31686
2.86808
2.96758
2.47622
2.96726
2.62257
2.99124
2.64944
2.66597
2.99747
2.88141
2.51967
3.25169
2.85999
2.76158
2.62881
2.60406
2.49609
2.82581
2.78691
2.99172
2.70387
2.68597
2.50938
2.70091
2.78203
2.83263
3.004
2.65297
2.73116
3.03737
2.74494
2.83865
2.70466
2.7114
2.89214
2.76034
3.10901
2.84993
2.72522
2.79486
