3.51595
4.10437
3.41429
3.1873
3.29732
2.96661
3.80274
3.41714
4.3734
4.3688
3.55744
3.14638
3.11459
4.33304
3.75498
3.5674
3.44551
3.55339
4.2684
3.77611
4.33496
2.94149
3.80548
3.34434
3.51063
5.09373
4.21756
4.39286
3.17836
2.89663
4.11758
3.23412
3.7479
3.85123
3.60897
3.90303
4.35961
4.23101
4.25033
3.5211
4.05197
3.94791
3.28936
3.75601
3.10407
4.04623
3.70743
3.08334
3.19266
3.81654
4.32668
4.13602
2.7265
3.62017
4.52321
3.09115
3.45315
2.79233
3.70987
3.78079
4.3195
3.41668
2.52415
3.55423
4.57663
2.24738
5.00466
4.2304
3.80459
2.91508
3.55952
2.76236
3.20738
3.8111
3.4139
3.70761
4.24783
3.99161
3.25516
3.6355
3.27388
3.16947
3.07094
3.64603
3.13689
3.55315
3.77974
3.4023
3.2533
4.36597
4.36418
4.45169
4.53003
3.51792
3.53594
3.65113
4.0129
4.1233
3.47615
3.09268
3.5256
3.73193
4.10167
3.9977
3.70154
3.70607
4.44879
3.73598
3.5976
4.52393
3.53285
3.89795
3.75201
3.47767
3.88975
2.99861
3.32846
3.21858
3.31218
4.06908
3.85132
4.04984
3.38789
3.03924
3.4388
3.33916
3.28669
2.6599
3.27522
3.32564
3.8473
3.80088
3.20964
4.31461
3.07208
3.72042
4.43576
4.11755
4.18386
4.06048
2.7189
2.8047
4.12199
3.33253
2.9664
4.10409
3.12379
3.15906
3.3129
5.18649
2.75329
2.73666
3.76866
4.14883
3.94253
3.31955
3.91253
4.00538
2.79267
3.10815
2.87502
3.43509
3.20986
3.27374
3.35964
4.54589
5.3222
3.68918
2.92886
4.94979
4.52044
4.0682
4.37088
3.27182
3.83813
3.57322
2.82471
3.79578
3.39103
4.45235
2.81785
3.8136
2.73915
4.45753
3.38059
3.9512
3.53621
3.0709
3.02653
3.52391
3.65041
2.50093
3.80187
4.24218
3.90199
3.03799
3.11703
5.0887
3.25204
5.12918
3.28676
2.8674
3.34053
3.6912
3.80377
3.80649
3.30413
4.22206
3.84346
4.00602
4.33123
4.18639
4.05622
3.35526
4.18435
3.40276
3.3146
3.38367
3.24016
2.89197
3.4249
2.90131
4.27918
3.32788
2.64984
5.5439
3.89932
3.03803
3.49655
4.83371
4.65315
3.48119
3.37193
3.03263
3.2808
3.40237
4.26002
3.82504
3.27983
3.19739
3.70087
4.26079
3.71549
3.39944
4.5811
3.05171
4.16532
3.67972
3.19911
3.53511
3.36681
3.49782
3.44787
3.41599
4.11383
3.95819
3.45945
4.19068
3.85253
4.47708
4.02947
3.22778
4.5202
3.75424
4.86216
3.3661
2.89774
3.98159
2.7846
3.75173
3.11141
4.26923
3.81932
3.11589
4.42283
3.40524
4.94543
4.05994
2.47743
3.10205
4.2455
3.99176
3.95642
3.76867
3.30519
3.29541
4.64807
3.45239
4.37318
4.21688
3.1222
2.91481
3.80457
3.70469
3.23734
4.41658
3.18495
3.99944
3.37095
4.16903
3.16338
4.40255
3.75087
3.64176
3.0475
3.35831
3.31639
3.99954
3.74737
3.33057
3.14834
3.97791
4.06578
4.44384
3.00833
3.28486
3.39975
3.73417
4.42094
3.42741
3.46452
3.0119
2.93647
3.51007
3.82812
3.09335
4.63432
3.24746
3.76201
3.52521
3.70763
4.35875
3.10369
3.77544
3.40755
4.48144
3.41946
3.7143
4.34304
4.33706
4.06394
3.94739
3.40099
4.64341
3.26516
4.03269
4.41467
3.68783
3.58696
3.82064
3.26045
2.89573
3.0524
4.10102
2.81629
2.86675
3.89703
3.44382
4.08747
3.71634
3.18658
3.33169
3.21515
2.71726
3.81449
3.26692
4.52162
3.32638
3.16662
3.65381
3.05089
3.52191
2.81264
3.30924
4.64345
3.70266
4.05612
3.07361
3.44605
3.46733
3.15121
4.24268
3.46618
4.09406
3.41036
4.05688
3.96969
3.52499
3.65077
3.48924
3.38983
3.6502
3.81083
3.37606
3.52069
3.73059
3.56395
3.73405
2.9961
3.09028
3.5267
2.88514
3.34506
3.70617
2.95645
4.92684
3.89177
3.23124
3.87785
3.38106
3.44439
3.30558
3.32864
3.96404
3.65791
3.66864
3.77231
3.49596
4.4907
4.30679
3.67657
2.95382
4.20777
3.63357
3.82046
2.72611
3.36027
3.60279
4.26619
3.69933
3.80669
3.31899
3.00948
3.74169
3.98638
3.1982
3.77788
2.87837
4.2873
3.07572
4.15836
4.15683
3.45286
3.46661
3.50342
4.10272
3.57724
5.04111
3.71196
3.17142
3.88331
3.74574
3.18795
4.18564
3.8598
3.75944
3.77906
3.75865
3.61059
4.29297
3.868
4.04927
4.60191
3.48023
5.79047
4.27682
3.66184
3.21623
3.3445
3.57851
4.72625
3.51269
3.89028
3.34491
3.72143
3.17206
3.20267
2.78636
4.38602
4.25745
3.629
4.0471
3.32325
3.84324
2.89141
3.24606
3.15717
3.76821
3.88342
3.62455
2.97058
4.98557
3.18917
4.12777
3.40181
3.12679
3.9224
4.06726
3.15907
3.96222
