5.80557
5.89555
4.99646
6.1103
5.68036
5.52473
6.26383
5.98815
5.69241
6.7808
6.58464
6.31705
5.80617
5.35506
6.05072
5.73832
5.6909
5.41009
5.74726
5.47143
5.35927
6.02727
6.10641
6.6484
6.1113
6.04559
5.93609
5.61675
6.30332
6.3461
5.47872
6.65218
6.35246
6.06078
6.66987
5.59589
5.34513
6.06521
5.27326
5.75073
6.29563
5.42488
5.35643
6.25677
5.44745
6.47998
5.47748
8.08554
5.7298
6.3193
6.79933
5.95424
5.15584
6.69709
6.90572
5.80971
5.82303
5.09217
5.98616
5.96885
5.78782
6.06312
5.76633
6.90032
5.92318
6.51104
6.48295
6.09473
6.80245
6.41283
5.58285
6.45522
5.30464
6.5752
6.37694
5.8279
6.02545
7.66842
8.60132
5.84319
5.64654
6.02837
7.40893
5.99962
5.62948
5.92053
6.16229
6.02271
6.11069
6.03985
5.73612
6.22536
5.94138
6.40626
5.92233
6.00391
6.69697
6.52871
6.1548
5.96343
5.75972
6.61098
6.45125
6.65127
5.52401
6.22405
6.51377
5.91564
6.49271
6.30364
5.99595
5.42104
6.07035
5.8926
5.66964
6.67145
5.63556
5.52412
7.29322
5.82999
7.68127
5.32214
5.97034
5.46146
6.4691
6.13002
6.31003
6.80146
6.25319
5.43926
5.46462
7.10974
6.42619
5.85637
6.06169
6.1549
8.07095
5.55748
7.44121
5.26952
5.33934
5.66023
6.15003
5.88728
5.85879
6.23888
5.94291
6.36571
5.46092
5.96825
5.89402
6.28778
5.90548
6.08082
6.54659
5.61946
5.34078
5.64494
5.7142
6.55517
5.21615
6.46251
7.53521
5.38956
5.31972
5.20406
5.92374
5.89251
5.54051
6.64216
6.31219
5.29111
5.67925
6.36455
6.32546
6.00477
6.19745
5.85627
6.16848
6.87386
5.90484
6.84065
5.70509
6.59166
5.95132
7.89519
6.46869
7.42627
5.52582
5.94427
6.24336
5.67699
5.95643
5.96312
9.21313
5.39961
6.85546
7.11491
5.8516
6.19074
5.69803
6.62233
6.20172
5.79985
6.0515
6.6645
5.75583
5.78886
5.85084
6.1437
6.14535
5.43663
5.99724
5.90421
6.54596
7.30411
5.97288
5.51085
4.82947
5.85758
5.59796
6.01593
6.11083
6.09309
6.60665
6.80956
5.90933
6.3861
6.27047
7.40044
5.62998
5.31437
5.7373
5.12418
7.44859
6.3182
6.51066
6.11941
5.89058
5.3536
7.06122
7.26556
5.51392
5.95692
6.29658
6.31433
6.00651
6.2287
6.31263
6.08433
6.95134
5.22639
6.77794
6.77411
5.52412
6.16377
6.00546
6.19803
6.5529
5.53924
5.97805
5.68284
5.64386
7.1554
6.18621
7.00402
5.35609
5.87648
5.92774
5.58821
6.75535
5.97422
6.21352
5.80959
5.46112
7.03877
5.50271
5.83061
5.28636
5.57993
5.63361
6.05931
5.29051
6.31131
6.7615
6.56063
5.72221
5.57971
5.48624
5.51306
6.10996
5.52499
5.71029
5.82533
5.72185
5.59534
5.73528
6.84613
6.75142
5.04069
5.87277
7.63638
5.75589
5.94391
5.80715
6.13789
7.09607
6.42555
5.9689
6.8284
6.01936
6.55957
6.25228
6.46811
6.02371
6.16767
7.3978
5.77538
5.87633
5.83602
5.74406
5.28214
5.84245
5.8094
5.64483
5.31121
5.78002
5.43713
6.20221
6.13898
5.73895
6.11868
6.43159
5.2676
5.7836
5.923
6.28135
5.65928
6.34821
5.29428
6.27342
8.38506
5.43815
5.98689
5.54964
6.08761
5.69776
6.13878
5.17341
5.66263
5.75609
6.54009
6.04301
5.78572
5.61415
5.94201
6.01834
5.75234
8.01128
6.12957
6.02208
6.68832
6.20897
5.37783
6.42679
6.24231
5.50509
6.01547
5.97608
7.61307
5.47961
5.80398
6.30442
6.24785
7.88348
5.41283
6.0608
6.35264
6.69559
5.599
5.77212
6.22448
7.21593
6.29804
5.50204
5.4164
6.08766
6.41772
7.92566
6.33672
5.92081
5.49105
7.52737
5.06412
6.06327
5.53022
6.00276
5.35037
5.90552
6.22264
5.37604
5.83478
6.44375
6.00397
5.90993
5.85524
5.87975
5.60543
6.57931
5.38602
6.59856
5.9558
6.53299
6.02894
5.94082
5.96581
5.88348
6.00573
6.46246
5.99733
6.91296
6.07414
6.16104
5.8313
5.81972
6.10913
6.16594
6.69832
6.76189
5.66703
5.14106
6.17724
6.29381
5.40941
6.15829
5.71641
5.47809
5.94336
6.31544
6.79999
5.74393
5.59342
6.44654
5.69878
5.64694
6.43237
5.90348
6.70076
5.95847
5.67243
7.07987
6.27876
5.39899
5.60507
8.2162
6.4263
6.00544
5.58176
6.69989
5.81802
5.40868
5.9159
6.53758
6.79676
5.58797
6.0917
6.37519
5.84507
8.05272
5.57414
5.70806
5.66823
6.07537
5.93364
5.3962
7.20591
6.55922
5.94287
6.13977
5.64629
5.33062
6.23804
5.95712
5.64462
7.35713
6.88877
6.42766
7.30945
5.7701
6.36269
5.28508
5.24196
7.00765
6.99557
6.10708
5.27997
6.24687
5.9366
5.56326
6.46949
