5.63395
5.65093
5.55058
6.14854
6.18094
6.49318
5.80945
5.91771
5.74158
6.25629
5.82619
6.38739
6.63837
7.37806
7.33991
6.15725
6.19634
6.3417
7.27335
5.71371
5.67703
5.9714
6.19728
6.38911
5.838
6.23244
6.46708
6.07897
6.29667
6.07795
6.33726
6.93792
6.6288
7.7916
6.8309
6.94906
6.25014
5.69797
6.55989
6.71865
5.61017
6.151
5.77258
6.47659
5.74496
6.12595
5.6108
6.0521
6.2212
6.23122
5.70397
5.90729
6.15955
5.86058
5.84765
5.75022
6.15942
5.45131
6.18697
5.8829
5.69407
6.0658
6.14669
5.86111
6.9146
6.55107
5.86604
7.47003
6.76984
5.32518
6.47221
6.39949
5.58958
5.77005
5.82716
5.97007
6.91426
7.12112
5.89733
7.23708
5.87405
5.37999
5.76266
6.0627
5.74718
6.02614
6.3366
6.25556
6.12719
6.34483
5.81346
5.7989
6.39832
7.20107
6.59527
6.51699
5.97932
5.8321
5.41089
6.58955
6.29414
6.60952
5.6635
7.14074
6.06765
6.45222
6.18056
5.70479
6.3245
6.31845
5.97101
6.05466
6.39748
6.2412
6.15565
6.28503
7.51545
6.04578
5.88511
7.38334
7.06461
6.53202
6.29811
5.80527
6.36438
7.13208
5.42017
6.57035
5.90997
5.75364
6.53149
6.06363
5.92135
6.28634
6.1512
6.4919
5.90272
5.67637
7.33058
6.01313
6.30538
6.02702
5.94128
6.02296
6.28589
6.42981
5.37164
5.93588
6.02743
5.97354
7.23133
6.08227
6.13004
5.83919
5.64855
5.9212
5.74516
6.35269
6.09435
6.58285
6.51569
5.90259
6.75815
5.7596
7.19403
5.77344
7.19309
5.82723
6.30008
7.6942
7.19784
6.21148
6.11032
6.14541
6.2853
6.27555
6.05562
6.87591
5.19655
5.91072
6.19451
5.90441
5.89893
6.06229
5.93502
5.63561
6.18628
5.63017
5.96268
6.65989
6.49338
5.50478
6.32933
6.01935
7.03553
5.96379
5.85409
6.02853
5.68579
5.80412
6.06387
5.63801
5.86509
5.89273
5.54497
5.68894
6.58707
5.88907
5.93915
5.72843
6.36725
6.11033
6.04704
6.43395
5.80409
6.93601
5.99477
6.70763
5.67952
5.66932
6.14822
6.68936
5.90911
5.17985
6.92367
7.05751
6.22686
6.96921
5.86151
6.00363
6.18796
5.98461
6.83552
5.22974
5.41293
5.98442
5.67309
5.97426
6.43906
6.16577
6.08577
5.84782
6.37167
5.89653
6.99827
6.18227
5.66944
5.72667
6.23055
7.02858
6.86029
6.30368
5.17825
5.59121
5.64665
5.40907
5.90125
6.49629
6.32226
5.99015
6.36022
5.67252
6.22772
5.93942
6.13575
7.08507
5.83464
5.50294
5.44313
6.67504
5.34063
7.28202
5.52711
8.45881
7.03358
6.05529
6.20167
6.82394
6.81553
6.57996
6.29856
6.05065
6.38774
5.92754
6.25198
5.64701
6.93833
5.84546
5.8287
6.14551
6.76138
6.17549
5.72248
5.99124
6.19821
6.2603
6.02152
6.05283
5.4848
6.11469
6.37825
6.43923
5.78315
5.44894
5.9697
5.86037
5.67828
5.81486
5.90609
5.85342
5.86561
5.98035
6.27548
6.10613
6.30202
6.71321
5.97819
6.04613
6.14755
5.9953
6.3359
6.63167
5.61546
9.87444
7.15318
6.51482
5.87622
6.15664
6.6608
6.00074
6.05341
6.1065
5.77257
6.5028
6.40264
6.27248
6.27104
6.75195
6.28588
6.49469
6.64381
5.69432
5.87786
6.88739
5.71451
6.61882
7.09724
7.2666
5.21022
6.0779
5.7382
5.65032
6.04339
6.26349
6.07165
6.09419
7.08899
6.62371
6.54542
5.74207
6.4362
6.17615
6.28047
6.42454
5.78073
5.71399
5.65452
6.42525
5.79543
5.74474
7.12106
5.40675
6.31034
5.73528
6.39169
7.07597
6.23117
6.20164
6.04951
6.37276
5.48676
5.80612
5.90511
5.87987
5.62121
6.2008
5.95146
5.82246
5.6419
8.81305
5.25947
5.87124
5.71264
6.32642
6.66431
6.43433
5.827
5.38655
6.28917
5.88689
5.65481
6.15737
6.4841
6.09558
5.68818
6.59085
6.47583
5.81956
6.30876
6.49285
5.72219
5.95389
5.61707
5.89972
6.36323
5.95648
5.89512
5.808
5.69821
6.4268
5.76696
5.76915
6.00198
6.01324
5.83349
6.13122
6.11599
6.44541
5.66699
5.34254
6.5049
6.1382
9.54768
6.24268
6.97034
5.62984
5.99001
5.80273
5.69701
6.59754
6.22579
6.43885
6.56728
6.10529
5.82315
6.37504
5.85562
6.59238
6.51621
5.83474
6.03155
6.42055
5.92537
6.25425
6.52271
6.62307
6.45371
6.96258
5.07637
6.22216
6.06847
5.54644
6.4367
7.11323
6.46167
5.95364
6.65311
6.39052
6.2138
5.37792
5.71423
5.72212
5.7364
7.04781
6.78034
5.93859
5.85549
6.05348
5.85659
7.27066
6.23661
7.24792
6.57603
6.38838
6.58639
6.13146
5.89274
5.93044
5.99493
6.43987
5.76544
6.59502
7.00931
6.1433
6.35892
6.07457
6.0085
6.49284
5.83597
5.98192
