3.68124
3.74598
3.57178
3.84771
3.52797
3.6598
3.54348
3.96993
4.02295
4.43001
3.9678
3.70795
3.88004
3.60031
3.99217
3.64416
4.14592
3.67195
3.82683
3.83156
3.79207
3.76985
3.69031
3.95711
4.11077
3.25242
3.56383
3.51083
4.3703
3.7317
3.37063
3.9759
3.65981
3.93065
3.74641
3.51363
3.45068
3.80139
4.31933
3.77501
3.35897
3.7598
3.69593
3.44575
3.66234
3.77779
3.47315
3.87393
4.02512
4.26659
3.68259
3.73597
4.12647
3.64563
3.64985
4.58406
4.11848
3.8009
3.53098
4.15662
3.5308
3.74473
3.94046
4.76619
3.79757
4.0033
4.07698
3.7384
3.50286
3.84314
3.69511
3.84714
3.76336
4.36482
3.72955
3.55421
4.05078
4.03257
3.44293
3.32359
3.74486
4.33335
3.73395
4.02467
3.74854
3.69412
3.97464
4.04124
3.94267
3.93109
3.70241
3.81914
3.84694
4.05168
3.87053
4.11019
3.57347
4.04631
3.86537
3.83548
3.50958
4.14204
3.80817
3.87601
3.96368
3.49353
3.78325
3.56594
3.75373
3.81929
3.87187
3.69883
4.05037
3.82689
3.81906
3.87482
4.15758
4.03755
3.4712
4.0916
3.73597
4.10247
3.90267
4.24136
4.14002
3.65916
4.55367
3.26466
4.40708
3.85625
3.93115
3.99556
3.89612
3.6111
3.93226
3.70486
3.96665
3.97414
3.97976
3.77411
3.9823
3.98428
3.88372
4.14366
4.03446
3.98173
3.64753
3.98625
3.85124
4.52866
3.74758
3.39221
4.09769
4.03631
4.30921
3.86009
4.07145
4.0458
3.86756
4.2313
3.97776
3.60689
3.71309
3.62224
3.96799
4.09911
5.2274
4.21376
3.92881
3.84903
3.9578
4.20069
3.58807
3.73086
3.78589
3.64638
3.66057
4.00943
3.74451
4.50362
3.72528
3.64479
3.98959
3.40355
3.81735
3.93127
3.77909
3.60833
3.80774
3.62178
4.2305
3.84217
4.6856
3.73803
3.8422
3.85333
3.71667
3.77625
4.31399
3.99529
3.48923
3.66137
3.65131
4.05025
3.85241
4.16082
3.70657
4.51332
4.12477
3.8137
3.91467
3.78225
3.66788
3.87809
3.9183
3.91625
3.9042
3.93062
3.72811
4.26259
4.12302
4.02808
3.74797
3.75723
3.94873
3.4373
3.84748
4.36823
3.43382
4.89293
4.18957
4.02661
3.46548
3.5605
3.95477
3.87164
3.3987
3.47633
3.57269
3.74481
3.4048
3.93599
4.06879
3.8951
3.69861
6.08585
3.666
3.94683
3.78323
3.33687
3.48328
4.26206
3.6487
3.78366
4.06607
3.90232
3.33816
3.93625
3.83081
3.79864
3.45154
3.56344
3.63639
4.00219
3.91167
4.27989
3.88742
3.89244
3.79568
3.66711
4.64957
3.48325
3.90177
3.97593
4.01855
3.62562
4.25845
3.8204
3.70324
3.80604
4.64758
3.71167
3.87621
3.96846
4.13559
3.97401
4.16725
4.20657
3.93483
4.93483
3.70519
3.71468
3.78803
4.15061
3.48818
4.01204
3.56372
3.33189
3.70807
3.92307
4.34944
4.69392
3.93613
3.73743
4.05698
3.37562
3.94851
3.75013
4.41761
3.81066
4.22824
3.96691
3.86629
3.64393
4.03812
3.65061
3.89396
3.79474
4.46165
3.54922
3.89132
4.16095
4.07485
3.76939
3.94627
3.72769
3.97348
4.07021
3.95919
3.44047
3.88813
4.5076
3.37556
3.90045
3.84115
3.31538
3.70658
3.66217
4.08371
4.2197
3.68812
3.6814
3.68654
3.75426
3.66191
3.9324
3.60331
3.50274
4.01218
3.65241
3.79408
3.8111
4.14433
3.72215
3.87698
3.95671
3.88729
3.86887
3.73457
3.70721
3.49633
3.55534
3.51092
4.18699
3.8664
4.19611
4.13327
3.88605
3.84805
3.99936
3.7625
4.58823
3.74872
3.66053
3.48423
3.69992
3.81161
3.69336
3.46104
3.89374
4.03192
4.32988
3.61301
4.54787
3.97234
3.72278
4.13644
3.7352
3.76098
3.47179
3.84445
4.18457
3.74562
3.91742
3.63292
3.88808
4.00338
4.00873
3.18427
3.17877
3.85457
3.66469
3.2128
3.52547
4.01909
4.13669
4.22757
4.18629
3.7592
3.80976
3.78471
3.85987
3.72867
4.23197
3.46395
3.77086
3.66517
4.00998
3.66836
3.74917
3.6917
3.92768
4.0243
3.43518
4.04421
3.69163
3.61504
3.58138
3.56289
3.88366
3.48442
4.21183
4.31757
3.93096
3.77538
4.5939
3.66421
4.07201
3.69908
3.58931
3.75065
3.6566
3.66831
4.09298
3.93401
3.48257
3.46165
3.62782
3.65282
3.80647
4.13408
4.04534
3.91264
3.96121
3.61111
4.14959
3.93912
4.07712
3.56278
4.55661
3.94372
4.07936
3.34792
3.99876
3.59428
3.97445
3.6605
3.69811
4.20438
3.93991
3.41083
4.41546
3.99414
3.73472
3.50853
3.51022
3.37825
3.71103
3.67076
4.13459
3.63442
3.65441
3.36518
3.72414
3.78092
3.75988
4.11237
3.59061
3.62739
4.11581
3.62155
3.74883
3.61966
3.73046
4.05539
3.73659
4.356
3.87041
3.54165
3.77985
