6.55459
6.6865
5.85798
6.9542
6.47573
6.39232
7.02237
6.79442
6.47573
7.52356
7.34873
7.11894
6.61471
6.10852
6.85798
6.49185
6.45943
6.2854
6.55459
6.30378
6.18982
6.87036
6.90689
7.46761
6.90689
6.88264
6.71425
6.37504
7.03342
7.10852
6.2854
7.42626
7.09803
6.88264
7.49185
6.35755
6.12928
6.90689
6.06609
6.52356
7.12928
6.22882
6.20945
7.04439
6.26679
7.27612
6.2854
8.83289
6.49185
7.13955
7.58496
6.70044
5.97728
7.50779
7.66534
6.56986
6.65821
5.88264
6.79442
6.78136
6.52356
6.84549
6.53916
7.65821
6.75489
7.27612
7.2854
6.90689
7.55459
7.22882
6.35755
7.27612
6.14975
7.39232
7.16993
6.62936
6.80735
8.3837
9.31515
6.61471
6.44294
6.78136
8.08746
6.82018
6.44294
6.67243
6.97728
6.78136
6.90689
6.82018
6.53916
7.03342
6.74147
7.16993
6.75489
6.82018
7.46761
7.30378
7
6.78136
6.61471
7.32193
7.22882
7.46761
6.33985
7.06609
7.27612
6.67243
7.24793
7.11894
6.79442
6.24793
6.84549
6.64386
6.47573
7.48382
6.47573
6.37504
8.04985
6.67243
8.45121
6.16993
6.72792
6.32193
7.27612
6.90689
7.09803
7.61471
7.01123
6.26679
6.24793
7.82655
7.2384
6.61471
6.83289
6.9542
8.80735
6.37504
8.224
6.10852
6.12928
6.50779
6.93074
6.64386
6.64386
6.97728
6.72792
7.15987
6.32193
6.79442
6.72792
7.09803
6.72792
6.91886
7.36632
6.35755
6.12928
6.40939
6.58496
7.32193
6.02237
7.26679
8.31288
6.16993
6.12928
6.02237
6.72792
6.67243
6.37504
7.45121
7.03342
6.10852
6.53916
7.14975
7.14975
6.83289
6.98868
6.70044
6.98868
7.66534
6.6865
7.64386
6.42626
7.41785
6.74147
8.64746
7.20945
8.18982
6.32193
6.76818
7.03342
6.49185
6.79442
6.76818
9.90689
6.20945
7.65821
7.89482
6.70044
7.02237
6.52356
7.40939
7.02237
6.65821
6.83289
7.44294
6.56986
6.61471
6.67243
6.97728
6.98868
6.26679
6.84549
6.6865
7.36632
8.04439
6.75489
6.37504
5.61471
6.67243
6.45943
6.83289
6.9542
6.90689
7.40939
7.59246
6.6865
7.18982
7.05528
8.16993
6.37504
6.14975
6.56986
5.93074
8.21917
7.13955
7.33092
6.84549
6.70044
6.10852
7.81378
8.01681
6.30378
6.79442
7.03342
7.14975
6.80735
7.02237
7.11894
6.89482
7.70736
6.04439
7.56986
7.58496
6.32193
6.93074
6.78136
7
7.34873
6.35755
6.80735
6.49185
6.45943
7.88264
7
7.78136
6.14975
6.64386
6.6865
6.39232
7.55459
6.76818
7
6.59991
6.24793
7.80735
6.33985
6.64386
6.12928
6.39232
6.49185
6.87036
6.16993
7.12928
7.52356
7.3837
6.45943
6.40939
6.20945
6.35755
6.94251
6.24793
6.45943
6.64386
6.52356
6.42626
6.55459
7.63662
7.53916
5.80735
6.72792
8.33092
6.56986
6.72792
6.61471
6.93074
7.83289
7.22882
6.80735
7.57743
6.80735
7.30378
6.97728
7.26679
6.75489
7
8.15987
6.52356
6.70044
6.62936
6.55459
6.08746
6.64386
6.59991
6.45943
6.10852
6.62936
6.24793
7.03342
6.89482
6.52356
6.91886
7.22882
6.06609
6.64386
6.75489
7.10852
6.39232
7.17991
6.12928
7.05528
9
6.26679
6.82018
6.35755
6.85798
6.47573
6.93074
5.90689
6.44294
6.55459
7.30378
6.78136
6.58496
6.45943
6.64386
6.83289
6.58496
8.74819
6.93074
6.80735
7.49985
7
6.14975
7.19967
7.01123
6.26679
6.85798
6.70044
8.33985
6.33985
6.61471
7.13955
7.01123
8.63662
6.24793
6.90689
7.14975
7.47573
6.42626
6.56986
7
8
7.11894
6.35755
6.24793
6.88264
7.2384
8.67948
7.06609
6.75489
6.24793
8.2854
5.90689
6.84549
6.39232
6.79442
6.04439
6.72792
7.01123
6.16993
6.64386
7.24793
6.79442
6.71425
6.71425
6.70044
6.40939
7.39232
6.18982
7.39232
6.78136
7.34873
6.78136
6.78136
6.79442
6.71425
6.83289
7.2854
6.76818
7.63662
6.87036
6.91886
6.62936
6.59991
6.87036
7
7.45943
7.56224
6.49185
5.97728
6.97728
7.12928
6.24793
6.90689
6.49185
6.30378
6.72792
7.14975
7.52356
6.52356
6.44294
7.26679
6.47573
6.50779
7.25739
6.62936
7.48382
6.75489
6.49185
7.87652
7.10852
6.22882
6.40939
8.9542
7.21917
6.80735
6.42626
7.49985
6.67243
6.24793
6.72792
7.32193
7.59246
6.37504
6.83289
7.16993
6.64386
8.76487
6.35755
6.44294
6.50779
6.89482
6.71425
6.20945
7.97728
7.37504
6.71425
6.96578
6.42626
6.16993
7.07682
6.76818
6.44294
8.14466
7.65821
7.2384
8
6.59991
7.12928
6.06609
6.04439
7.76155
7.74147
6.90689
6.10852
6.9542
6.71425
6.35755
7.2854
