2.44988
2.25475
2.8421
2.50275
2.32666
2.17877
2.47961
2.48727
2.55217
2.43085
2.29551
2.34759
2.35515
2.43853
2.38029
2.27705
2.00531
2.21962
2.49615
2.33657
2.75137
2.2962
2.84155
2.5076
2.4516
2.57894
2.80402
2.33573
2.42177
2.41692
2.55483
2.44985
2.33731
2.64796
2.34133
2.26076
2.35962
2.38629
2.51139
2.28302
2.88063
2.00951
2.21323
2.21815
2.36962
2.44218
2.57897
2.57208
2.16579
2.08975
2.30214
2.54167
2.50589
2.30772
2.33134
2.35695
2.54873
2.46347
2.41186
2.21985
2.48009
2.39159
2.61072
2.27983
2.80779
2.39878
2.47826
2.41899
2.74237
2.22306
2.24263
2.48094
2.11764
2.41348
2.47999
2.3582
2.48315
2.47308
2.31835
2.82043
2.25682
2.74746
2.09221
2.28853
2.59502
2.27494
2.50403
2.57308
2.41403
2.64864
2.27975
2.37198
2.23673
2.04475
2.36456
2.75998
2.27381
2.78539
2.21558
2.49038
2.63164
2.31642
2.69433
2.32306
2.14706
2.72433
2.40493
2.16485
2.67952
2.43174
2.26586
2.72552
2.18109
2.46672
2.20322
2.10418
2.27286
2.06822
2.51049
2.36949
2.23371
2.45799
2.24128
2.50274
2.29503
2.85217
2.44263
2.19156
1.99568
2.1986
2.58465
2.63528
2.1747
2.29274
2.50015
2.39967
2.58868
2.53302
2.78276
2.33838
2.40529
2.31146
3.05052
2.43094
2.69503
2.13041
2.65229
2.1952
2.10557
2.73765
2.27891
2.24703
2.38688
2.2826
1.99042
2.30445
2.43176
2.22471
2.20777
2.72802
2.5123
2.10337
2.73832
2.80664
2.54546
2.5267
2.23036
2.49604
2.19636
2.41287
2.34804
2.10015
2.54112
2.22381
2.3067
2.49116
2.08655
2.23705
2.48876
2.49384
2.60858
2.50349
2.52932
2.40789
2.38962
2.67855
2.48992
2.12649
2.08442
2.43262
2.16917
2.39219
2.32384
2.39356
2.24459
2.61135
2.34832
2.52883
2.45949
2.25322
2.51177
2.50461
2.62716
2.58578
2.86269
2.25814
2.20508
1.91274
2.74547
2.53962
2.72228
2.06968
2.02861
2.53616
2.28331
2.33969
2.26416
2.27973
2.14505
2.32973
2.96939
2.47015
2.72831
2.45506
2.36332
2.25333
2.34703
2.22903
2.13756
2.53902
2.57453
2.30095
2.04399
2.685
2.39946
2.55576
2.54556
2.44834
2.3211
2.59432
2.30284
2.30197
2.17573
2.05396
2.13753
2.52562
2.5201
2.8672
2.90566
2.47736
2.12483
2.93782
2.17088
2.54239
2.76156
2.43631
2.79827
2.62715
2.37822
2.65372
2.4821
2.49193
2.53689
2.31873
2.4847
2.68832
2.54498
2.35757
2.12599
2.41218
2.38552
2.57484
2.38024
2.58954
2.23607
2.41588
3.17425
2.37575
2.27029
2.48504
2.57557
2.27821
2.13096
2.47606
2.58258
2.62744
2.43225
2.41581
2.43608
2.38846
2.62536
2.6093
2.47737
2.23841
2.15937
2.57621
2.09653
2.41314
2.40987
2.45635
2.24613
2.80523
2.20469
2.32321
2.65485
2.52375
2.33593
2.29328
2.50536
2.47267
2.47255
2.27824
2.68071
2.03664
2.45037
2.28165
2.64063
2.67921
1.9584
2.24719
2.51924
2.28586
2.51053
2.54955
2.25086
2.51533
2.5902
2.12299
2.17752
2.2492
2.10929
2.49113
2.36724
2.65591
2.70375
2.2293
2.4786
2.30766
2.23101
2.19543
2.42719
2.47192
2.63628
2.54071
2.84202
2.38458
2.3861
2.36319
2.18831
2.62706
2.37348
2.12879
2.47769
2.68666
2.88044
2.36782
2.48021
2.57256
2.67916
2.76851
2.33815
2.49444
2.56783
2.55568
2.33544
2.31279
2.16707
2.67531
2.3604
2.04418
2.30403
2.46123
2.53847
2.07951
2.59979
2.56835
2.31357
2.34735
2.12036
2.49991
2.35052
2.52578
2.49301
2.19932
2.28663
2.34429
2.40738
2.36785
2.22496
2.34125
2.19053
2.224
2.52467
2.40555
2.42697
2.09209
2.36866
2.31518
1.9785
2.60765
2.22536
2.32113
2.51572
2.61582
2.22602
2.30035
2.34739
2.45234
2.29498
2.64201
2.61883
2.57396
2.12105
1.97364
2.05339
2.20261
2.38257
2.0834
2.14521
2.4439
2.67583
2.39336
2.32253
2.39114
2.31272
2.77227
2.49707
2.54489
2.57654
2.30944
2.44327
2.51169
2.45272
2.44663
2.80311
2.29736
2.48416
2.58459
2.53931
2.38275
2.36852
2.56517
2.43524
2.52727
2.21359
2.51282
2.29234
2.78736
2.28666
2.60559
2.12994
2.80667
2.59482
2.55722
2.40809
2.5555
2.17868
2.78035
2.53591
2.64631
2.35808
2.35645
2.60367
2.40379
2.3231
2.42727
2.09589
2.54639
2.01124
2.27697
2.10465
2.49116
3.154
2.15825
2.39298
2.26315
2.79648
2.45364
2.20245
2.36856
3.41079
2.46071
2.47293
2.45481
2.59672
2.23779
2.19252
2.19339
2.53434
2.59345
2.53842
2.58999
2.54533
2.09077
2.36819
2.38172
2.50258
2.23922
2.39409
2.35873
