6.94432
5.34315
6.84857
7.76054
5.59823
6.82916
7.45869
7.48943
7.97391
6.46371
7.88082
6.53743
6.92182
7.23813
7.73919
7.56611
6.9849
6.66745
6.23473
7.32978
7.26376
6.76101
6.6223
8.53801
8.94574
8.33486
8.74308
6.87947
8.10844
6.66648
6.66049
9.76198
6.18414
5.88581
8.76106
7.93462
9.47644
6.27078
6.05193
6.75354
7.17095
6.46742
8.01517
7.13266
5.95835
7.22699
8.40792
6.62648
10.6454
7.48614
8.36472
6.95441
7.77877
6.30032
10.3452
7.46788
7.88881
5.32943
9.34787
9.04705
8.54875
8.99021
8.79638
7.17997
6.692
9.29267
9.90936
8.23763
8.30987
7.29582
8.69955
7.88765
7.06234
9.9654
5.42691
6.5954
5.68131
5.19943
6.50453
10.6876
9.94356
6.70369
5.66634
10.163
6.08464
10.7283
9.45208
6.28632
9.05816
5.68902
8.65267
6.39024
5.9001
6.89988
8.73003
9.90028
8.0768
9.8485
7.89301
9.96589
6.94198
6.89122
10.8175
6.02849
7.46705
8.33446
8.34525
6.05649
9.72215
6.86919
6.92263
9.77696
9.51507
6.05381
6.27371
11.7073
6.40257
6.88845
9.77891
6.63334
7.18678
9.52563
8.36379
6.85582
7.40527
4.05554
6.67263
7.19668
6.72018
6.00559
9.47669
7.54331
6.71088
8.37431
8.44196
8.39974
7.79602
9.40355
6.33713
8.04834
8.23728
5.51047
8.75251
6.45435
7.87525
6.5337
7.97218
7.57297
8.13976
7.38449
6.55643
7.6972
7.55016
8.22761
7.06393
5.85749
6.84414
9.24367
6.73812
7.49986
6.6125
9.14462
8.12296
8.03734
7.15132
6.04777
7.09364
9.94755
6.53854
7.05641
11.025
5.58902
6.20217
7.62798
9.78355
6.21007
6.93803
8.12411
8.59112
7.31428
7.27604
9.96878
6.04131
7.49719
8.35496
6.05252
6.35907
4.76993
6.7753
6.14104
9.16001
8.34905
8.65466
6.40447
5.90373
6.70606
9.33743
7.49361
7.83587
6.79281
6.83019
8.84359
7.92429
5.68881
7.4884
7.31688
6.54663
5.81649
6.78734
6.23561
9.76688
7.01995
8.69378
7.96963
8.91624
10.1163
6.01601
9.80202
8.40584
6.45599
8.50501
5.50123
7.79223
7.65252
7.45613
5.62516
9.39881
7.64348
6.28352
7.31762
6.57371
8.03821
7.63088
5.01857
6.90626
7.26546
8.83781
6.19478
7.34666
7.79292
7.36996
7.84049
7.75402
8.2585
7.20404
9.77585
6.59814
6.67131
8.8605
9.09745
9.53771
7.99955
6.60287
6.5771
7.1014
5.85805
9.76573
9.55144
5.85236
5.01707
8.94681
9.59195
6.51698
8.76713
9.00011
8.22657
6.91994
9.65169
8.76299
7.63776
6.88509
9.29385
5.57951
6.17372
5.82823
8.79842
5.29644
6.51962
7.31538
6.56494
6.67935
9.11135
8.26232
8.73563
9.16802
6.7427
6.33319
7.60899
8.57074
8.32938
10.1071
5.55743
5.23246
8.63038
9.38016
5.64677
4.98803
9.92273
8.60121
5.5214
7.58749
7.80571
8.07679
8.51366
8.72349
7.49406
6.8234
8.93411
5.02653
9.068
8.45976
8.83438
6.53822
6.69387
6.54667
9.7693
8.84958
9.07196
7.89997
7.62883
8.50953
7.45854
4.75503
6.58133
6.59117
8.80481
7.12444
8.89966
8.38832
7.36811
4.93419
7.45962
9.06972
7.0277
11.4082
7.24792
7.45597
7.39481
7.36691
10.3524
6.76575
7.82243
10.8176
7.1474
8.06649
7.76828
7.64715
6.53758
11.3646
10.0058
7.46965
8.64381
8.12879
12.5253
6.73152
7.23881
10.4832
6.8424
7.92119
9.7677
6.94172
8.06283
6.32384
7.38575
8.8712
7.80663
7.30591
7.09418
8.06365
9.22036
7.12266
6.18513
7.64566
7.32614
7.70786
6.45917
9.75597
7.28159
6.39507
9.01631
7.29456
8.47665
8.5243
9.36015
8.08259
8.18521
6.87148
5.03264
7.18214
7.01484
8.33609
7.29253
8.76634
6.48398
6.00382
5.0062
5.64089
6.75677
8.52847
6.79732
8.65902
8.17895
6.87858
6.82393
4.8806
8.13376
5.2749
8.62349
7.11322
5.63015
9.78064
9.76397
8.98103
9.33333
9.38019
10.7689
7.36015
6.14199
9.50925
8.16169
7.27384
5.49838
9.28108
7.66858
7.8325
8.67391
10.3432
7.13343
6.6939
6.87022
6.78291
7.81213
6.65192
6.76712
9.68433
6.72083
7.12543
7.42817
7.05173
7.87196
7.34532
6.97387
6.43377
6.50787
9.73727
6.42885
6.99324
7.89427
5.34032
6.01379
7.17522
9.6484
6.58528
8.50949
13.7929
6.05268
6.47215
7.40353
6.12018
6.36017
12.5394
7.34464
5.96932
8.31255
7.85597
7.05175
11.5502
6.34979
7.75866
6.67786
10.1704
5.36257
5.73754
8.18432
6.84403
5.17099
7.52938
7.17309
8.96888
7.62244
4.69994
6.48224
6.27299
8.21639
6.90917
7.03729
8.91441
10.9063
10.078
7.37185
7.56355
5.93139
6.88369
6.3446
7.38706
10.4647
6.34852
6.29706
6.91632
6.46158
