2.82544
2.82602
2.5646
2.93942
2.79457
2.71688
3.14008
2.57717
2.77836
3.32241
2.94254
3.06859
2.839
2.48957
2.99947
2.75207
2.86296
2.46706
2.56938
2.61063
2.57019
2.82395
2.59497
2.7401
2.94187
2.67542
3.14343
2.67021
3.28925
3.14685
2.50139
3.21371
3.13886
2.82818
3.10803
2.79303
2.75469
2.70898
2.84044
2.85039
2.83827
2.73988
2.36354
2.82551
2.44954
2.94309
2.85834
2.94038
2.84584
3.23209
2.89205
2.97453
2.5505
2.90079
3.23152
2.78702
2.70334
2.57489
2.97491
2.9132
2.79764
2.8139
2.75802
3.38428
2.84465
3.03506
2.88639
2.87598
2.95241
2.92827
2.7552
2.82139
2.57198
3.0108
2.60915
2.68771
2.92716
2.61598
3.28869
2.60093
2.72069
2.76988
3.068
2.95656
2.74117
2.87425
2.82582
2.89582
3.06462
2.7138
2.60167
2.97102
2.87076
3.18265
2.76338
2.70133
2.89159
2.80412
2.83654
2.84347
2.58179
3.17827
2.98163
2.91912
2.54089
2.91466
3.11718
2.54452
3.13894
2.85044
2.81062
2.67112
2.90741
2.93698
2.69786
2.84687
2.7277
2.55838
3.74957
2.79886
3.17318
2.68661
3.0113
2.61677
3.29685
3.1061
3.3995
3.1751
3.13055
2.56094
2.7262
3.12072
2.9161
3.13607
2.71914
2.76694
2.84638
2.772
3.09563
2.65791
2.56348
2.75621
2.78029
2.86076
3.06728
2.62215
2.92202
2.93562
2.66013
2.85437
2.69599
2.81081
2.77722
3.04579
3.09133
2.54677
2.71952
2.57507
2.79031
2.87892
2.50676
3.11999
2.82079
2.66547
2.58345
2.50019
2.85587
2.97384
2.64122
2.83675
3.22001
2.55228
2.53895
2.90522
2.85867
2.94826
2.9479
2.82044
2.72852
2.79209
2.96964
3.40642
2.76243
2.61009
2.81153
3.42882
3.09323
3.10832
2.63219
2.94119
2.98564
2.8193
2.78699
2.82656
2.82377
2.76493
2.59026
2.51288
2.93996
2.60387
2.6411
3.0213
2.76758
2.75555
3.02103
2.71069
2.84322
2.71073
2.93712
2.67029
2.88134
2.83518
2.81827
2.64069
3.25209
3.29958
2.67271
2.85981
2.21364
2.90996
2.7197
2.89411
2.53924
2.73982
2.83515
3.02328
2.88676
2.73911
2.8382
3.18713
3.00224
2.54947
2.83281
2.59712
2.91804
2.74818
2.98402
2.77267
2.7126
2.58166
2.89478
3.50668
2.5666
2.60946
3.0751
2.6968
2.92729
2.93739
2.81016
2.77635
2.88095
2.63064
2.63488
2.99405
2.69078
3.15783
2.99528
2.92965
2.65925
2.84418
3.07045
2.84654
2.82502
3.35386
2.8889
2.89831
2.59677
2.94349
2.76674
2.65462
2.96068
2.80413
2.97401
2.79069
2.69839
3.35671
2.751
2.92333
2.40419
2.60081
2.6708
3.2732
2.45349
2.70522
3.41127
2.8689
2.91843
2.6474
2.71899
2.63609
2.9561
2.65584
3.17763
2.98446
2.86729
2.62447
2.80419
2.89853
3.1926
2.41823
2.78457
3.00424
2.69127
2.57198
2.88893
2.87382
3.02435
3.03798
2.78832
3.17489
2.89616
3.04407
3.21475
3.07877
3.14565
2.71864
2.90155
2.69104
2.6422
2.73128
2.97566
2.67199
2.86747
2.7794
2.75241
2.48108
3.00146
2.8444
2.88215
2.86355
2.84622
2.98992
3.09089
2.48147
2.96425
2.83131
2.80758
2.76055
2.38851
2.41692
2.96374
2.76953
2.71717
2.88652
2.80521
3.01868
2.77402
2.78215
2.61806
2.73545
2.72502
3.08507
2.98115
2.75337
2.9412
2.84251
2.75828
2.84783
3.05304
2.61889
2.90552
3.36714
2.89676
2.69369
3.09647
3.18076
2.73013
2.61629
2.74956
3.17076
2.6161
2.8036
2.92606
3.18288
2.86576
2.62453
2.564
2.92009
3.04895
2.65102
2.80112
3.09495
2.54069
2.95379
2.69875
2.78309
2.80223
2.63679
2.76963
3.28622
2.55586
2.67904
3.23802
2.47143
2.78302
2.78916
2.96817
2.63584
2.74238
3.04561
2.69906
2.81461
3.04109
2.91881
2.76193
2.52213
2.93913
2.52143
2.78878
2.4849
3.12668
3.02038
2.75853
2.95913
2.90145
2.91078
2.74934
2.67015
2.95882
2.93158
3.05042
2.83228
3.39134
2.93238
2.97051
3.04009
2.91535
3.00464
2.68834
2.52136
2.44371
2.97131
2.909
2.76884
2.71114
2.93225
2.74654
2.77585
2.82998
3.41642
2.8225
2.77677
3.0747
2.77176
2.68371
2.8597
2.95927
3.0229
3.00678
2.66115
2.83706
2.81543
2.8098
2.71844
2.87601
2.98234
2.86707
2.5808
3.21631
2.97057
2.6163
2.66719
3.18916
2.9465
2.64328
2.93423
3.05651
2.83657
3.05242
2.65285
2.84834
2.49939
2.99402
3.08228
2.63972
2.8919
2.85547
2.70002
2.89006
2.91564
2.51968
2.94007
2.95264
2.81762
3.17086
3.16306
3.38791
2.7938
2.74188
3.1833
2.52811
2.66727
3.13633
2.93594
2.76357
2.67897
2.71494
2.88804
2.81617
2.89183
