6.1441
6.08651
7.32939
6.35469
7.11846
5.77039
6.62062
7.22657
7.25415
7.72481
6.00418
6.44773
6.24959
6.64875
7.06475
6.49782
5.6795
6.15052
6.6672
7.20201
7.19523
5.95452
8.18879
7.00202
6.14378
6.78733
7.54468
6.03491
6.74291
6.19475
6.07193
6.34468
6.21127
7.41601
6.81315
7.26547
6.44786
6.73774
6.32818
6.14465
8.20217
8.21874
6.13904
6.52532
7.27429
6.19557
7.0006
6.33096
6.1734
6.33683
6.25247
6.72476
6.41393
6.53613
6.62839
6.25065
6.61539
6.36069
7.00048
5.57238
7.52821
6.13029
6.58166
6.1796
7.67441
5.75937
7.03226
6.4088
6.92521
6.36127
6.42012
7.35922
5.91181
6.49403
6.81548
7.63862
6.52617
6.90021
6.03641
7.14048
6.52287
6.80079
5.78179
6.56752
7.22029
6.11966
6.31373
9.0418
6.09189
6.88744
6.28719
6.08239
5.58062
6.34272
5.84264
8.33545
6.13738
10.068
5.70207
6.99366
7.65956
6.87274
7.02255
7.3709
6.09009
9.67022
6.97325
5.50035
9.34355
6.48916
6.18845
6.77778
6.1799
6.6027
6.95185
5.36861
6.98237
5.55794
6.45606
5.91743
5.89253
6.23607
6.12134
7.25024
8.00438
10.4789
6.49186
5.86736
5.63666
5.82564
7.30782
7.05443
5.87426
6.40588
6.39616
6.11181
7.59663
7.00904
7.12506
7.14792
6.35665
6.93164
7.43123
6.88955
8.34864
5.80616
7.58836
5.86454
5.33413
7.3418
6.78568
6.00155
6.90875
6.2606
5.99252
6.19593
6.42428
7.04527
6.24266
6.71606
6.14894
6.04286
6.98052
7.63917
6.88958
7.05414
6.10497
9.10086
6.59187
6.71972
6.19371
5.53335
6.39614
6.1595
5.75314
6.57934
6.07907
5.70531
6.57566
6.68497
6.7745
6.55804
7.68605
6.24709
6.22986
6.57322
6.73186
6.09638
5.90763
6.6566
5.54762
8.01238
6.80013
6.12114
5.99626
6.73112
7.14405
6.663
6.57685
7.17457
7.47901
6.3247
6.71266
7.72602
7.26645
6.19727
6.24317
6.20141
7.886
7.11171
6.93926
6.05109
5.84134
6.37062
6.05542
6.30992
5.93377
7.29492
5.75007
6.41889
6.84903
6.67996
7.0009
6.37954
5.8796
6.17489
8.71896
7.83066
5.55446
7.16244
7.49826
5.9263
5.372
6.18839
6.1713
6.50298
6.84581
7.56335
6.43067
6.34887
6.19317
7.10885
6.17246
6.54627
6.25045
6.23441
6.81585
7.60515
8.58761
6.44777
5.83629
7.97519
6.67072
7.30865
6.55661
6.63391
7.564
6.51792
6.61811
7.47692
6.43448
7.00695
7.28492
6.55329
6.5107
7.32254
6.85597
6.24207
7.56447
6.37174
6.02507
6.504
7.20961
6.76471
6.94074
6.02541
9.99547
7.65845
5.92302
8.18725
6.48722
6.61627
5.97692
7.02528
6.64412
6.41904
6.16087
7.53695
6.10098
6.45541
7.28262
6.8566
6.7624
6.72477
6.73923
6.10599
5.72426
6.28011
6.52286
6.65784
7.80542
8.05582
6.27632
6.50251
6.82117
7.01446
7.07051
6.13755
6.28413
7.26912
6.59154
6.65116
6.47702
6.48847
5.78006
6.04218
6.2718
7.20488
5.21499
5.72158
7.15917
5.96265
6.87974
6.30945
6.29682
7.27337
6.94106
6.20675
5.92067
6.06473
6.32063
6.3699
7.07972
7.17449
7.15432
6.22297
6.88422
6.27156
6.86366
6.26804
7.18984
6.50959
6.59159
6.37314
7.50626
7.06822
6.39565
6.70173
6.84943
6.40015
6.17988
6.1029
6.46344
6.16549
8.46902
7.57117
6.3106
6.92191
7.6811
6.78135
6.11316
7.17597
7.51023
6.64332
6.34528
6.52641
6.59804
6.25872
6.34107
6.12804
6.78306
7.02506
6.2846
5.96337
6.49693
6.61438
5.7256
6.00558
5.98531
7.79694
6.14095
6.19981
6.6163
6.4947
6.54379
6.94996
6.8033
6.54212
6.24
7.24465
6.58858
5.63546
8.24851
6.13747
6.2963
6.14905
6.13064
7.10202
5.52965
6.69303
5.69161
6.33178
6.55614
7.09553
6.03496
6.05197
6.16762
6.82811
6.49261
6.7332
7.04207
7.37317
5.96457
6.68745
5.7954
6.09331
6.85356
5.93548
5.74051
7.05019
7.13788
6.35283
7.16949
6.23296
6.22805
6.91026
6.34715
9.69245
6.33699
7.26482
6.8449
7.46136
6.03713
6.17456
7.25947
6.27428
7.88393
6.54686
7.20668
6.45972
6.92939
6.94007
8.75087
6.32425
6.21086
6.58254
6.66052
8.63412
6.34188
7.30265
7.06572
7.21452
6.99385
6.48098
6.50051
6.67636
6.84376
7.66108
7.69908
7.12689
6.67946
6.38277
7.0619
7.0158
6.05525
6.06022
6.38133
7.01127
6.01468
6.68557
5.53058
6.56674
7.26454
6.34212
6.55356
6.1259
7.46316
6.4104
5.8272
6.30621
8.14153
7.1069
6.54785
6.98053
7.85965
6.76533
5.56539
5.89364
6.86862
6.70956
6.22555
6.54742
6.64607
6.96724
6.82763
6.15553
7.26631
6.02038
6.68053
6.61103
