3.95649
4.69543
3.90363
3.62346
3.74009
3.37935
4.46991
3.83113
5.24729
5.14271
3.98563
3.59235
3.54153
4.98787
4.34588
4.05232
3.9522
4.04615
4.76746
4.24911
4.82644
3.37677
4.2585
3.85004
4.06125
5.82664
4.75494
4.97809
3.81416
3.51573
4.65045
3.59839
4.56571
4.23993
3.96671
4.29687
4.97852
5.09478
4.92532
3.9783
4.73385
4.39594
3.82963
4.30058
3.54002
4.70369
4.26023
3.4508
3.60269
4.27502
4.9567
4.79426
3.09209
4.25145
5.0942
3.52191
3.89597
3.16906
4.21756
4.30519
5.10818
3.99272
2.92919
4.16878
5.22637
2.69057
5.6103
4.88837
4.26247
3.25171
4.1533
3.10643
3.58397
4.24362
3.96005
4.38088
4.85775
4.53489
3.96838
4.14826
4.07457
3.66508
3.42399
4.14784
3.54332
4.08162
4.29106
3.74862
3.77784
4.98737
5.47987
5.02498
5.49326
3.93909
3.97798
4.72268
4.71049
5.03317
4.00122
3.57237
3.98093
4.40872
4.71166
4.55013
4.21882
4.15484
5.05311
4.21577
4.11414
5.42013
3.9801
4.94456
4.29234
4.1088
4.35617
3.40394
3.82183
3.56495
3.71425
4.59503
4.51917
4.59436
3.88154
3.43683
4.01891
3.85926
3.75337
3.03675
3.67635
3.87744
4.2312
4.25105
3.6282
4.87605
3.46238
4.29122
5.15018
4.72744
4.73672
4.66721
3.0792
3.18422
4.74653
3.85357
3.40635
4.62045
3.51182
3.69344
3.71904
6.71645
3.17206
3.20462
4.43245
4.75141
4.56595
3.80842
4.47185
4.61553
3.09187
3.48736
3.47591
3.96723
3.58903
3.72781
3.83193
5.29069
6.27758
4.30548
3.34118
5.61113
4.97122
4.76944
4.99579
3.71526
4.36626
3.99133
3.20241
4.25487
3.84024
5.31056
3.18606
4.22745
3.06549
5.33523
3.87332
4.41051
3.96888
3.47182
3.40332
4.08555
4.09189
3.01594
4.22202
4.8816
4.35472
3.37498
3.50293
6.22199
3.64077
5.89904
3.78944
3.18953
3.92146
4.11812
4.49859
4.30667
3.87088
5.52777
4.51285
4.60321
5.18417
4.81352
5.77083
3.85215
4.70127
3.80934
3.90114
3.84283
3.7696
3.2598
4.23765
3.26844
4.83716
3.71388
2.97964
6.47731
4.39446
3.47625
3.9542
5.46522
5.58675
3.93536
3.81418
3.44644
3.74335
3.88008
5.18441
4.26932
3.72769
3.78447
4.13204
5.00951
4.27553
3.8154
5.32165
3.42196
4.82812
4.12531
3.74821
3.94498
3.81913
3.87575
3.79205
4.04419
4.71017
4.44034
3.87782
4.88894
4.30717
5.34298
4.58964
3.62901
5.19205
4.24865
5.40547
3.86439
3.244
4.82294
3.19261
4.43425
3.50706
4.88335
4.28426
3.4927
5.02335
3.81626
5.707
4.90758
2.84964
3.61874
4.75482
4.3841
4.65456
4.39392
3.97187
3.74818
5.6234
3.95476
4.83818
4.73978
3.54937
3.3168
4.21617
4.16783
3.6604
5.4321
3.60318
4.54768
3.77988
4.79447
3.59321
4.93
4.31068
4.08261
3.47972
3.84526
3.73699
4.55584
4.24365
3.73205
3.61989
5.18716
4.74471
5.1957
3.40519
3.67085
4.14429
4.16072
5.07779
3.92083
3.97281
3.38024
3.41691
3.95647
4.30166
3.48667
6.06391
3.6931
4.32165
4.00531
4.153
4.89474
3.52965
4.33249
3.77856
5.00479
3.90512
4.16709
4.92908
5.37412
4.93209
4.64769
3.85991
5.22308
3.69755
4.71783
5.26999
4.29757
4.19161
4.40084
3.78822
3.27064
3.41485
4.67042
3.30539
3.2268
4.42161
3.92049
4.59879
4.29876
3.72772
3.77326
3.68748
3.07855
4.32984
3.937
5.0283
3.69587
3.61828
4.20333
3.49364
4.01523
3.18383
3.84066
5.88586
4.25192
4.57175
3.43602
3.95986
3.95776
3.66629
4.84144
4.26507
4.6332
3.98729
4.73734
4.47385
3.91495
4.37721
3.9932
3.84942
4.14739
4.33964
4.01444
4.08199
4.30268
3.98657
4.21312
3.40085
3.51188
4.0875
3.3321
3.8009
4.17443
3.30851
5.53282
4.30947
3.75727
4.40753
4.49392
3.83189
3.75236
3.82135
4.50838
4.16705
4.24007
4.34358
4.34282
5.3028
4.9837
4.10679
3.41127
4.82058
4.31316
4.28352
3.05449
3.79358
3.99764
4.97299
4.1976
4.40721
3.78115
3.39547
4.19796
4.51925
3.70338
4.6448
3.2965
4.94583
3.50508
4.65053
4.68935
3.87368
3.98235
4.04785
5.30318
4.04168
5.79616
4.25116
3.60869
4.33572
4.49791
3.61617
4.75393
4.41364
4.22232
4.31203
4.16422
4.24708
5.12786
4.32381
4.62127
5.13735
3.89957
7.13535
4.8317
4.18509
3.62259
3.77445
4.22309
6.1363
4.06517
4.34315
3.84807
4.1758
3.65342
3.67322
3.1849
5.00657
4.77393
4.09925
4.66311
3.84027
4.66411
3.23821
3.71889
3.56056
4.23754
4.34993
4.09172
3.39759
5.99949
3.59569
4.69053
3.83889
3.55203
4.38975
4.56594
3.64364
4.48769
