3.72763
3.54168
4.38415
3.86764
3.63079
3.19971
3.84514
3.95384
3.99874
3.95648
3.50893
3.7648
3.62795
3.85983
3.94104
3.66416
3.17106
3.45402
4.00069
3.75578
4.33439
3.50127
4.51671
4.13018
3.66027
3.99094
4.3259
3.48602
3.71542
3.62721
3.75814
3.85636
3.6396
4.09535
3.6827
3.69122
3.72317
3.81206
3.88787
3.58405
4.68709
3.52039
3.43103
3.67287
3.79864
3.71021
4.1386
3.83581
3.50882
3.3962
3.52492
4.00468
3.853
3.69852
3.72164
3.50292
3.79896
3.83656
3.90666
3.33588
4.25547
3.62982
4.05034
3.66493
4.65059
3.50746
3.91499
3.65248
4.25439
3.43717
3.5509
4.2536
3.26266
3.82774
3.838
3.69631
3.93012
3.79215
3.51689
4.45863
3.64655
4.10222
3.28051
3.67666
4.27954
3.45236
3.70466
4.59104
3.77661
4.02324
3.48072
3.71665
3.38367
3.32977
3.57601
4.83347
3.67376
5.14916
3.39033
3.76614
4.47144
3.77581
4.05534
3.79216
3.27576
5.23201
3.90386
3.2483
4.86733
3.86787
3.5732
4.10667
3.44021
3.74494
3.51511
3.19513
3.76512
3.27524
3.72283
3.5713
3.4119
3.66471
3.49172
3.96046
3.9169
5.62591
3.67918
3.33366
3.19478
3.34326
4.1696
4.27505
3.38684
3.67359
3.87591
3.68543
4.35428
3.96597
4.25612
4.07658
3.78637
3.99332
4.70807
3.73834
4.3663
3.40418
4.22373
3.35617
3.16642
4.47413
3.72138
3.41423
3.98343
3.56631
3.08797
3.60486
3.722
3.62101
3.69886
4.08959
3.65661
3.40336
4.16194
4.48065
4.00237
3.9825
3.45856
4.76944
3.64075
3.87747
3.50363
3.17617
3.87981
3.56886
3.50042
3.82
3.33741
3.38719
3.97503
4.03455
4.00502
3.79924
4.38532
3.73671
3.56231
4.07031
3.87222
3.31726
3.26647
3.77044
3.3195
4.0074
3.62292
3.65667
3.47408
4.03256
3.89081
3.94131
3.95072
3.59702
4.19821
3.81385
4.06173
4.31062
4.46629
3.59639
3.3796
3.10332
4.31589
4.00069
4.14335
3.25973
3.21942
3.78615
3.49061
3.64922
3.42855
3.64411
3.28488
3.58131
4.51484
3.79577
4.18729
3.72287
3.47902
3.47783
4.25777
3.57456
3.2654
4.08867
4.45252
3.42733
3.0691
3.86406
3.61946
3.9726
3.98547
3.93602
3.79895
3.93459
3.57235
3.76132
3.36807
3.44211
3.47879
3.69559
3.99366
4.61529
4.75967
3.73274
3.37079
4.52721
3.35089
4.00223
4.1116
3.79301
4.34021
3.976
3.71334
4.40832
3.73499
3.86424
4.27805
3.76981
3.82217
4.22821
4.05082
3.57893
3.8032
3.70878
3.62562
3.83604
3.72967
3.90582
3.65738
3.59041
5.82382
3.71284
3.57052
4.04036
3.98645
3.58114
3.32092
3.77541
4.10118
3.92492
3.66426
4.05121
3.57906
3.67659
4.11017
4.12233
3.77261
3.52697
3.51705
3.77781
3.17837
3.68477
3.70526
3.77997
3.88593
4.43441
3.4206
3.80076
4.20846
3.96297
3.75709
3.51921
3.84052
4.04404
3.7441
3.69428
4.08317
3.51288
3.61138
3.54526
3.95623
4.32931
3.03567
3.31696
4.15884
3.34092
4.01779
3.78123
3.54082
4.21015
3.97643
3.40959
3.26849
3.5863
3.37227
3.81396
3.86669
4.2861
4.45345
3.42752
3.9335
3.67842
3.78825
3.5712
3.72833
3.91256
4.02975
3.93292
4.42142
3.92887
3.5844
3.77934
3.59221
3.92829
3.58142
3.47409
3.83454
3.96771
5.05826
4.01762
3.68249
3.99967
4.3974
4.26372
3.65388
4.10372
4.19622
3.82939
3.62722
3.64563
3.40935
3.99249
3.55776
3.24507
3.67577
3.91395
3.94662
3.28751
3.94275
3.9362
3.38516
3.53631
3.30689
3.87713
3.64891
3.77274
3.81906
3.58226
3.67729
3.93951
3.8021
3.74294
3.6282
3.87377
3.43106
3.29407
4.03191
3.6033
3.71644
3.38595
3.63636
3.81961
3.0989
4.07876
3.33899
3.64155
3.75953
4.16485
3.52327
3.54003
3.55906
3.70261
3.69823
4.04213
4.26573
4.24761
3.46577
3.46798
3.26946
3.46111
3.70318
3.32768
3.27677
3.99323
4.15165
3.72697
3.94234
3.72283
3.67228
4.31785
3.74073
5.19397
3.78982
3.78216
3.84628
4.00366
3.68186
3.60098
4.5122
3.66782
3.91448
4.01893
4.15686
3.74323
3.7195
3.98762
4.63493
3.78578
3.44604
3.82638
3.55994
4.8459
3.71523
4.18149
3.51113
4.40267
3.99975
3.97886
3.78908
3.93064
3.57002
4.67565
4.21022
4.22553
3.68458
3.55867
4.09726
3.79498
3.59127
3.6353
3.35959
4.12044
3.20731
3.7039
3.13999
3.92296
4.6448
3.34082
3.76202
3.61535
4.55139
3.63279
3.34731
3.52044
5.47192
4.11924
3.88931
3.89447
4.26015
3.59889
3.29125
3.36438
3.96202
4.0378
3.73889
3.97308
3.89744
3.42443
3.78181
3.67716
4.1072
3.48036
3.84025
3.77302
