6.22768
6.36291
5.51014
6.62565
6.14354
6.05262
6.7036
6.47506
6.14178
7.21329
7.03395
6.79533
6.28053
5.79431
6.54048
6.17429
6.14079
5.94569
6.22707
5.96575
5.85366
6.54311
6.5879
7.1491
6.58246
6.55434
6.39364
6.06365
6.735
6.79762
5.96674
7.11034
6.78064
6.56132
7.1727
6.03305
5.79028
6.58021
5.74051
6.19894
6.80294
5.90133
5.86796
6.72582
5.92996
6.96081
5.95805
8.54303
6.18653
6.81484
7.27292
6.38956
5.63686
7.1933
7.36027
6.25845
6.32413
5.54974
6.46337
6.4547
6.21427
6.53406
6.20968
7.35084
6.42857
6.95868
6.964
6.58042
7.25243
6.90575
6.02441
6.95518
5.80566
7.07295
6.85275
6.30367
6.47865
8.10635
9.03534
6.29947
6.11435
6.46383
7.81804
6.49781
6.117
6.35943
6.64959
6.46656
6.58094
6.50054
6.2113
6.70573
6.43027
6.86337
6.42648
6.49318
7.15588
6.99161
6.67164
6.45373
6.27972
7.02418
6.91769
7.14926
6.00393
6.73888
6.96422
6.35442
6.937
6.79519
6.47713
5.91077
6.52807
6.33555
6.14402
7.16835
6.13754
6.03875
7.74605
6.33889
8.15108
5.82582
6.4205
5.98209
6.95556
6.57941
6.77616
7.29863
6.70184
5.9252
5.90942
7.545
6.92318
6.30155
6.51716
6.63357
8.52171
6.03779
7.92047
5.76894
5.79333
6.16859
6.60895
6.32711
6.32012
6.67263
6.40274
6.84272
5.98125
6.4668
6.39723
6.77355
6.39557
6.589
7.0443
6.05848
5.81106
6.09796
6.2458
7.02171
5.68554
6.94387
8.01123
5.8396
5.79814
5.7002
6.39814
6.34352
6.03607
7.13725
6.74621
5.77161
6.20552
6.82847
6.82459
6.50268
6.66877
6.3683
6.66216
7.35829
6.3637
7.32654
6.12834
7.0972
6.41305
8.35458
6.90803
7.88836
6.00452
6.43715
6.71264
6.16109
6.46292
6.4401
9.63787
5.87632
7.34424
7.59217
6.36564
6.6987
6.19373
7.09077
6.69919
6.32355
6.51512
7.12738
6.24653
6.27866
6.33802
6.65315
6.66139
5.92659
6.51368
6.36935
7.04759
7.75565
6.44673
6.03418
5.29185
6.34088
6.12131
6.50523
6.62569
6.5805
7.0911
7.28083
6.36505
6.8693
6.7444
7.86439
6.06553
5.81059
6.23767
5.58893
7.91696
6.81527
7.01274
6.54314
6.37278
5.79046
7.50982
7.716
5.98611
6.46536
6.73606
6.82553
6.48172
6.70858
6.79518
6.56969
7.41361
5.71099
7.25816
7.27023
5.9887
6.60852
6.46213
6.67715
7.03112
6.01634
6.4776
6.16235
6.12534
7.58768
6.67221
7.47029
5.81621
6.32131
6.37153
6.06381
7.24209
6.44288
6.67574
6.27568
5.91456
7.50061
6.0006
6.31066
5.78553
6.06098
6.15533
6.54087
5.82874
6.80635
7.21118
7.06441
6.16058
6.07373
5.91343
6.01932
6.61482
5.94504
6.14547
6.31346
6.19647
6.10273
6.22294
7.32275
7.2288
5.47662
6.39204
8.04756
6.24712
6.41772
6.28727
6.61439
7.53246
6.90774
6.47558
7.26908
6.48384
6.99498
6.6816
6.94736
6.46594
6.67304
7.86335
6.20709
6.37049
6.31732
6.22399
5.749
6.32868
6.28215
6.12249
5.77572
6.29117
5.92775
6.70802
6.58341
6.1964
6.59704
6.90724
5.743
6.3084
6.42483
6.78664
6.08714
6.85635
5.79141
6.74212
8.76155
5.92609
6.48866
6.02523
6.54359
6.15975
6.61086
5.59074
6.12459
6.22385
6.99037
6.4671
6.26866
6.12217
6.35361
6.50477
6.24894
8.4611
6.61421
6.48624
7.18332
6.67439
5.81872
6.87954
6.69049
5.95551
6.53064
6.40411
8.05775
6.00269
6.28373
6.81329
6.70515
8.34459
5.90776
6.57789
6.82732
7.16196
6.09025
6.24534
6.67707
7.69588
6.79385
6.01604
5.91417
6.56391
6.9193
8.38652
6.76437
6.42991
5.92572
7.98478
5.56317
6.53024
6.05321
6.4684
5.74352
6.3969
6.70398
5.83985
6.31221
6.92832
6.47064
6.38909
6.38093
6.3674
6.09131
7.07604
5.85414
7.07658
6.45005
7.02747
6.47785
6.4482
6.46624
6.38119
6.50948
6.96616
6.45807
7.33995
6.54325
6.60825
6.31395
6.28451
6.56302
6.67427
7.15909
7.24722
6.15849
5.6336
6.65516
6.80476
5.90517
6.6094
6.18248
5.96969
6.4129
6.82609
7.23126
6.19937
6.10458
6.94275
6.16043
6.1717
6.93462
6.32042
7.16774
6.42347
6.15951
7.56707
6.78562
5.88899
6.07557
8.66803
6.89851
6.47979
6.09659
7.18131
6.33723
5.90714
6.40392
7.01128
7.27879
6.05128
6.52733
6.84702
6.31567
8.47698
6.03562
6.14179
6.1742
6.567
6.38615
5.87304
7.67119
7.05836
6.40123
6.64377
6.09263
5.83275
6.75034
6.44704
6.11157
7.83927
7.34809
6.91462
7.7281
6.26823
6.81017
5.73976
5.71031
7.46015
7.45222
6.58422
5.76759
6.66169
6.39963
6.03931
6.96895
