3.37418
3.41725
3.29166
3.54289
3.22125
3.36661
3.23413
3.66455
3.66141
3.9642
3.47978
3.401
3.4664
3.31827
3.62664
3.28887
3.78232
3.36976
3.52126
3.53143
3.4836
3.45664
3.3942
3.61853
3.77426
2.98379
3.30309
3.20125
3.96044
3.44006
3.11258
3.64947
3.37125
3.62302
3.44688
3.22163
3.14602
3.49459
3.87381
3.51872
3.07791
3.40471
3.37429
3.17294
3.26576
3.47128
3.20086
3.50009
3.70408
3.85054
3.36702
3.45725
3.81127
3.34967
3.33091
4.17744
3.79615
3.51502
3.24402
3.83641
3.18271
3.44229
3.57776
4.20243
3.4948
3.64503
3.74985
3.44198
3.23414
3.51321
3.35989
3.54935
3.42516
3.99051
3.42237
3.241
3.72766
3.69097
3.15531
3.04208
3.43554
3.98628
3.41896
3.66512
3.41625
3.39068
3.62434
3.66879
3.61613
3.57369
3.36869
3.51979
3.49513
3.73345
3.56175
3.64029
3.23777
3.68169
3.54628
3.4941
3.23075
3.80329
3.48534
3.54722
3.5828
3.22493
3.49535
3.25965
3.46244
3.51112
3.55928
3.38636
3.68527
3.48936
3.47454
3.52863
3.84746
3.60232
3.18634
3.75971
3.4279
3.75299
3.50421
3.90246
3.66704
3.34727
4.17708
3.0041
4.02515
3.53291
3.57932
3.67989
3.59522
3.32051
3.63125
3.42974
3.64853
3.66302
3.64861
3.47898
3.61796
3.65361
3.58645
3.79559
3.66523
3.63807
3.40141
3.62443
3.4738
4.08822
3.45122
3.13314
3.77025
3.66705
3.87187
3.58108
3.67327
3.7055
3.55562
3.82347
3.63801
3.29681
3.3938
3.33723
3.65091
3.7508
4.77724
3.8418
3.57008
3.51536
3.5933
3.81764
3.29811
3.42772
3.41301
3.3264
3.36673
3.69369
3.45262
4.12851
3.413
3.29962
3.65812
3.13133
3.50572
3.61342
3.47363
3.32026
3.43814
3.27918
3.83058
3.46538
4.26063
3.45232
3.54039
3.51355
3.43377
3.46703
3.90286
3.63056
3.21079
3.41999
3.35512
3.70915
3.55369
3.8263
3.41919
3.74299
3.74862
3.51471
3.56289
3.46218
3.3708
3.55563
3.57782
3.58203
3.52557
3.64103
3.41611
3.88396
3.63998
3.68557
3.4151
3.48781
3.6401
3.11663
3.54597
4.01213
3.12425
4.3253
3.82075
3.6916
3.1317
3.2409
3.56121
3.53264
3.11067
3.16661
3.26362
3.42519
3.09308
3.63652
3.54157
3.54377
3.41354
4.53947
3.33287
3.64767
3.48484
3.06999
3.19224
3.88353
3.30253
3.49138
3.70707
3.60837
3.07877
3.5979
3.50715
3.49304
3.17498
3.25276
3.35506
3.66506
3.55049
3.86066
3.54906
3.6015
3.40782
3.36751
4.21583
3.18514
3.41195
3.52942
3.66285
3.32872
3.87615
3.48763
3.39461
3.49325
4.28008
3.36339
3.5977
3.65136
3.73091
3.51604
3.84003
3.83346
3.60596
4.4336
3.38693
3.36154
3.49184
3.80166
3.22538
3.69227
3.2555
3.04551
3.40934
3.62743
3.93038
4.19635
3.57396
3.43008
3.72123
3.12507
3.59421
3.4168
4.05257
3.44852
3.82951
3.51877
3.50738
3.35811
3.68455
3.35802
3.57524
3.43296
4.09062
3.11464
3.50286
3.79847
3.66322
3.45684
3.61447
3.43283
3.62383
3.73444
3.58376
3.16311
3.57397
4.10943
3.06457
3.54096
3.49427
3.07572
3.39533
3.39075
3.70922
3.85895
3.40011
3.40743
3.37076
3.43936
3.37393
3.62021
3.24481
3.2082
3.67356
3.37356
3.43426
3.44985
3.69189
3.45746
3.57547
3.54371
3.57641
3.49516
3.4193
3.40045
3.21419
3.27113
3.26222
3.78369
3.51699
3.78509
3.75035
3.55665
3.51317
3.6667
3.42987
4.21273
3.41077
3.36493
3.19438
3.37062
3.50269
3.38731
3.15943
3.5922
3.74751
3.96139
3.33248
4.07376
3.66529
3.44941
3.77541
3.41448
3.46482
3.19898
3.51764
3.78629
3.42134
3.58769
3.33615
3.56654
3.66963
3.68357
2.92433
2.9174
3.54861
3.36337
2.96763
3.2429
3.66081
3.76552
3.8647
3.77519
3.47525
3.52036
3.48663
3.50375
3.41794
3.81391
3.20387
3.4404
3.38223
3.66734
3.38714
3.42953
3.38842
3.603
3.696
3.15521
3.65665
3.41005
3.31452
3.29696
3.28
3.50574
3.22226
3.78634
3.98416
3.60212
3.46408
4.12887
3.29661
3.74298
3.38398
3.31055
3.42944
3.35422
3.36959
3.63272
3.60221
3.20914
3.18845
3.33089
3.33867
3.52978
3.78256
3.73097
3.57619
3.54038
3.3415
3.7568
3.59481
3.75233
3.28414
4.15338
3.59615
3.71199
3.06323
3.66457
3.26533
3.66161
3.33804
3.33137
3.80309
3.58611
3.11663
4.01965
3.61249
3.42552
3.2232
3.22832
3.09257
3.42584
3.38358
3.76032
3.32617
3.34163
3.09303
3.38762
3.46103
3.46128
3.75093
3.28796
3.34677
3.76992
3.34556
3.45186
3.3247
3.39944
3.68058
3.42115
3.94289
3.54286
3.28303
3.46965
