2.55089
2.5477
2.69766
2.93985
2.57382
2.72649
2.70589
2.69675
2.63543
2.80841
2.5987
2.64627
3.03819
3.05939
3.23421
2.77058
2.59963
2.85507
3.18922
2.5301
2.5663
2.5471
2.86523
2.89227
2.57325
2.82676
2.78591
2.9535
2.97673
2.85771
2.67554
3.21886
2.65996
2.96496
2.79088
2.90631
2.87056
2.64361
3.01209
3.09076
2.58838
2.58486
2.67725
2.63363
2.60702
2.73093
2.75755
2.7785
2.659
2.84259
2.72887
2.76133
2.62748
2.83073
2.86381
2.70307
2.56331
2.49081
2.56157
2.51769
2.62323
2.696
2.65757
2.63125
2.93458
2.69803
2.86992
3.04178
3.13374
2.52449
2.76878
2.71516
2.49419
2.64689
2.62336
2.72153
3.1237
3.36903
2.47205
2.68964
2.74497
2.59325
2.73806
2.68811
2.84914
3.01951
2.59157
2.68144
2.7483
2.66918
2.98614
2.8282
2.95391
2.91056
2.86221
2.6502
2.67413
2.64646
2.43727
2.70798
2.77714
2.98451
2.55078
2.92771
2.81613
3.04254
2.70183
2.74462
2.82642
2.82951
2.88943
2.78081
2.76287
2.89399
2.679
2.81765
2.5172
2.73546
2.81431
3.00149
3.26221
2.98266
3.04431
2.74868
2.93753
2.60552
2.59656
2.74268
2.82609
2.68316
2.90511
2.69854
2.74449
2.46319
2.63514
2.64225
2.8105
2.57473
2.76539
2.78571
3.0251
2.84885
2.64084
2.75883
2.69249
2.43175
2.48181
2.48911
2.70658
2.61977
2.92798
2.80489
2.66806
2.64201
2.72779
2.6639
2.65223
2.67153
2.92325
2.80644
2.84478
2.69494
3.01253
2.62306
2.93887
2.59043
2.93471
2.61276
2.69171
2.71524
2.98979
2.86674
2.89751
2.69104
2.69537
2.6855
2.78478
2.60042
2.47638
2.81149
2.78832
2.56387
2.79272
2.68835
2.69327
2.78844
2.75817
2.69426
2.924
2.75252
3.00493
2.48493
2.52651
2.79809
2.7746
2.79736
2.70378
2.79846
2.68157
2.74069
2.88967
2.62558
2.71912
2.54424
2.67534
2.80291
2.70296
2.90694
2.62347
2.44531
2.93655
2.94224
2.73811
2.77862
2.75569
2.85009
2.84985
2.87035
2.3613
2.66098
2.88104
2.86393
2.85169
2.42449
2.98413
3.03489
2.93698
3.00143
2.67957
2.62196
2.72205
2.43356
3.17972
2.50382
2.39234
2.79415
2.64437
2.65068
2.78893
2.69268
2.65551
2.86415
2.71017
2.57795
2.92864
2.85135
2.57738
2.62613
2.95524
2.81992
3.07435
2.58721
2.59388
2.37
2.61914
2.40534
2.72052
2.65563
2.6885
2.73009
2.90445
2.57722
2.65601
2.49719
2.78842
2.93974
2.60426
2.61488
2.60269
2.80624
2.60633
2.61209
2.59612
3.05179
2.75155
2.85412
2.71756
2.91227
2.71053
2.89333
2.78144
2.65449
2.66343
2.50267
2.94072
2.4807
2.81098
2.80731
2.6965
2.91377
2.81246
2.70415
2.84798
2.70203
2.7524
2.8932
2.68482
2.53926
2.54285
2.73981
3.0449
3.1717
2.73199
2.3434
2.91716
2.50451
2.49323
2.81538
2.57381
2.59009
2.71848
2.72304
2.76429
2.75993
2.88121
2.62305
2.57959
2.72949
2.80553
2.79067
2.6582
2.65684
2.40152
2.52378
2.96308
2.78248
2.88559
2.76626
2.65235
2.54521
2.71061
2.82771
2.90164
2.76721
2.81952
2.74888
2.81772
3.14104
2.79413
3.00708
2.86516
2.54629
2.3966
2.74098
2.58043
2.77866
2.77362
2.70335
2.45425
2.49911
2.56517
2.78433
2.811
2.71741
2.85076
2.64007
3.15957
2.80673
2.93938
2.73437
2.93575
2.95756
2.61808
2.66246
2.91423
2.54991
2.64958
2.9441
2.82683
2.63032
2.59599
2.4902
2.8838
2.78173
2.76271
2.81826
2.71023
2.81534
2.71985
2.77699
2.54643
2.61522
2.66944
2.68177
2.4766
2.7259
2.70145
2.69468
2.67012
2.95254
2.51344
2.66433
2.7829
2.83888
2.71476
3.04967
2.48926
2.41683
2.69205
2.83296
2.73179
2.69255
2.5273
2.51101
2.61196
2.75228
2.76363
2.57861
2.88888
2.78835
2.5064
2.82264
2.7159
2.76212
2.79249
2.85531
2.69143
2.57295
2.68823
2.85569
2.37712
2.72933
2.64125
2.75656
2.58525
2.88679
2.79196
2.7959
2.59803
2.43691
2.8346
2.66777
3.23773
2.81428
2.87885
2.56197
2.83597
2.67681
2.62688
3.10776
3.02044
2.91725
2.85999
2.86279
2.60509
2.74238
2.87327
3.19903
2.88851
2.78411
2.65918
2.81244
2.78928
2.89713
2.7673
2.92692
2.63982
2.79677
2.3855
2.79839
2.73621
2.46489
2.96952
3.0126
2.73687
2.57772
2.76796
3.20729
2.88143
2.58652
2.65189
2.89578
2.51854
2.98805
3.31009
2.93403
2.56618
2.82965
2.82535
2.84851
2.96647
2.77641
2.66919
3.01415
2.72948
2.75393
2.68714
2.96783
2.98123
2.80359
2.78344
2.53695
3.15225
3.06037
2.79114
2.76359
2.84501
2.70746
2.7036
2.787
