2.79852
2.59257
3.25305
2.86565
2.66701
2.46887
2.85047
2.8912
2.95191
2.82367
2.63101
2.72414
2.70007
2.83066
2.75483
2.64718
2.31896
2.56226
2.90059
2.70078
3.18331
2.64465
3.2767
2.90865
2.79109
2.96681
3.21609
2.66102
2.76133
2.75676
2.90435
2.86555
2.68358
3.03037
2.68718
2.60544
2.72007
2.75714
2.88017
2.64193
3.3448
2.33056
2.54544
2.62156
2.74354
2.79254
2.98872
2.91661
2.529
2.43909
2.61956
2.927
2.88756
2.67897
2.70042
2.66967
2.89114
2.84706
2.80036
2.54049
2.90911
2.72758
3.01276
2.65575
3.26436
2.72573
2.85258
2.76737
3.15374
2.54524
2.58558
2.92449
2.42425
2.78801
2.84665
2.70229
2.8844
2.83426
2.65161
3.25339
2.61811
3.13963
2.41232
2.66831
3.03861
2.59548
2.8459
3.0291
2.80626
3.02399
2.60008
2.73564
2.55838
2.37659
2.70004
3.25317
2.66143
3.21949
2.54643
2.84162
3.0769
2.70128
3.07682
2.68839
2.4521
3.17648
2.79693
2.47252
3.12967
2.80332
2.61196
3.10337
2.51091
2.81649
2.53994
2.41241
2.65697
2.39785
2.84622
2.71019
2.55391
2.79777
2.57214
2.90295
2.68847
3.29824
2.77965
2.50205
2.31464
2.50537
2.9891
3.05842
2.50478
2.65991
2.87929
2.75077
3.03473
2.90282
3.21134
2.75413
2.78126
2.73346
3.51025
2.76294
3.10581
2.47222
3.07346
2.50722
2.40147
3.23942
2.65252
2.57062
2.80494
2.62961
2.28993
2.64664
2.77154
2.59086
2.61916
3.1097
2.83493
2.4422
3.13279
3.26218
2.94698
2.92129
2.56365
2.92849
2.57177
2.80169
2.65825
2.3965
2.90613
2.57617
2.63847
2.85486
2.40663
2.54924
2.90475
2.90067
2.99553
2.85228
2.98881
2.76709
2.70778
3.05962
2.85539
2.45027
2.40721
2.79235
2.50005
2.77487
2.65517
2.76081
2.57477
2.99333
2.71712
2.9209
2.86264
2.61564
2.90938
2.84938
3.03681
3.02168
3.28592
2.62228
2.50509
2.22211
3.17302
2.91493
3.12216
2.38391
2.35211
2.88707
2.60854
2.68979
2.5845
2.62948
2.46735
2.65907
3.40944
2.83466
3.13124
2.80612
2.6767
2.57888
2.69981
2.56721
2.45082
2.95622
3.04679
2.61639
2.32998
3.0237
2.73255
2.93869
2.94288
2.81056
2.70015
2.98229
2.66021
2.68304
2.49379
2.41991
2.49154
2.86471
2.9207
3.33467
3.3777
2.83327
2.45507
3.32739
2.47985
2.93708
3.15751
2.78346
3.21531
3.00785
2.71947
3.08948
2.81528
2.86647
2.96961
2.70443
2.85764
3.10178
2.94966
2.68813
2.49132
2.76709
2.73642
2.91493
2.74208
2.96042
2.6097
2.74881
3.71495
2.70672
2.61881
2.84112
2.96015
2.61422
2.45333
2.80688
2.97658
2.99721
2.76515
2.83288
2.7524
2.73103
3.01311
3.01822
2.83583
2.59949
2.50365
2.92074
2.39058
2.76727
2.76183
2.80195
2.62835
3.23907
2.53503
2.70823
3.09201
2.88493
2.7123
2.61969
2.87806
2.85216
2.81708
2.65138
3.08122
2.4085
2.77787
2.61538
3.02779
3.11768
2.24204
2.54472
2.93721
2.57568
2.9131
2.89517
2.59831
2.94869
2.964
2.45804
2.48271
2.61209
2.43934
2.86978
2.75865
3.0785
3.17691
2.54425
2.87779
2.6755
2.61905
2.56366
2.77436
2.85458
3.0191
2.92622
3.25644
2.77539
2.69845
2.73203
2.53701
2.99958
2.7064
2.49636
2.85647
3.04946
3.36315
2.76926
2.81472
2.96352
3.10402
3.19031
2.68655
2.90743
2.97192
2.91331
2.68637
2.67105
2.48851
3.0654
2.70077
2.35485
2.6658
2.83966
2.95341
2.3982
2.97539
2.94905
2.61194
2.67976
2.44246
2.85762
2.71313
2.87239
2.84737
2.57398
2.64765
2.73705
2.7671
2.73501
2.59625
2.72694
2.52329
2.52205
2.89286
2.74408
2.79128
2.42133
2.7167
2.70571
2.28066
3.02526
2.53394
2.67007
2.85956
3.02092
2.57838
2.64221
2.6888
2.80062
2.66357
3.02213
3.05622
3.01596
2.47167
2.3257
2.36814
2.53584
2.74336
2.42329
2.4551
2.83264
3.09471
2.76227
2.72189
2.74291
2.67714
3.18886
2.8471
2.97394
2.91189
2.69478
2.80634
2.88833
2.80429
2.77701
3.27112
2.65177
2.83153
2.97002
2.96211
2.73561
2.72301
2.94499
2.90857
2.87241
2.54867
2.87925
2.61483
3.3099
2.65927
3.01342
2.46439
3.26786
2.98223
2.95053
2.76569
2.93157
2.52632
3.27467
2.9593
3.04183
2.71266
2.68727
2.99385
2.76611
2.68126
2.75519
2.42077
2.96484
2.31796
2.64984
2.38539
2.87428
3.55696
2.46359
2.75531
2.62525
3.26718
2.79414
2.52161
2.68708
3.99684
2.87966
2.85641
2.83456
3.00916
2.58752
2.50083
2.50866
2.90654
3.00073
2.88295
2.96439
2.91821
2.41933
2.71853
2.73687
2.91309
2.56969
2.76636
2.74667
