3.54742
3.54953
3.64812
3.89624
3.5959
3.8343
3.69568
3.74168
3.62918
3.9326
3.54266
3.75376
4.14503
4.56682
4.95499
3.83264
3.64263
3.96581
4.60058
3.45769
3.56544
3.49373
3.91195
4.14649
3.4954
3.94423
3.88433
3.95417
4.01978
3.90877
3.88982
4.41587
3.83061
4.60816
3.98496
4.24095
3.98968
3.62899
4.29308
4.37722
3.5327
3.66923
3.5889
3.70239
3.56912
3.86214
3.72121
3.81818
3.76548
3.9643
3.68719
3.8423
3.58422
3.88344
3.91114
3.71143
3.70599
3.44057
3.71731
3.52241
3.53832
3.64412
3.80911
3.63798
4.25509
3.84982
3.92819
4.72059
4.42197
3.40751
3.78825
3.82319
3.60315
3.60669
3.6324
3.8466
4.33604
4.80965
3.45961
3.91087
3.73688
3.47154
3.72175
3.73748
3.83956
4.06642
3.67717
3.75799
3.84577
3.67732
3.95669
3.73155
3.95555
4.02021
4.04067
3.65363
3.65846
3.75959
3.38164
3.92998
3.87118
4.08232
3.56436
4.05148
3.85936
4.19643
3.87952
3.73325
4.01682
3.97843
3.94493
3.74677
3.98873
4.03945
3.83948
3.93815
3.76746
3.73322
3.92142
4.49713
4.67627
4.13019
4.10393
3.76149
4.01747
3.8556
3.50661
3.99327
3.84347
3.65991
4.1128
3.79739
3.79602
3.51462
3.66141
3.70208
3.87121
3.49988
4.09822
3.79463
4.15032
3.89404
3.58112
3.74588
3.77389
3.52469
3.34851
3.54721
3.71781
3.66954
4.47013
3.83058
3.80872
3.66589
3.73711
3.71449
3.68617
3.8852
3.85393
3.98847
3.84945
3.69026
4.27517
3.60662
4.28423
3.58024
4.17001
3.66679
3.78607
4.02656
4.19
3.91061
3.98386
3.78323
3.72006
3.88922
3.87634
3.71528
3.39526
3.90475
3.88558
3.53426
3.79837
3.72265
3.74911
3.73387
3.87208
3.67118
3.90464
3.86926
4.16213
3.5024
3.57713
3.8344
4.05114
3.88704
3.7417
3.7523
3.64993
3.74281
3.88863
3.71319
3.80389
3.56496
3.58399
3.79665
3.74697
3.86288
3.69795
3.3651
4.08356
4.05348
3.76902
3.93077
3.78879
4.04364
3.95851
4.07246
3.35952
3.59959
3.93743
4.07849
3.8434
3.34195
4.08941
4.3405
4.03622
4.34757
3.68726
3.56085
3.78923
3.50525
4.5132
3.37764
3.29877
3.76875
3.69219
3.6215
3.82295
3.66283
3.68874
3.87014
3.96999
3.62513
4.14165
3.84871
3.58979
3.65414
4.0291
4.07379
4.50822
3.73303
3.42459
3.31707
3.65352
3.37248
3.76674
3.80923
3.77433
3.73285
4.09383
3.59656
3.84401
3.4735
3.87001
4.49672
3.60832
3.56591
3.54525
3.86542
3.4672
3.92112
3.54684
4.83673
3.9254
3.78175
3.83849
4.00995
3.86864
4.0699
3.87339
3.76236
3.68905
3.56915
4.01051
3.49331
4.14231
3.85127
3.73143
3.93498
3.86375
3.75354
3.81089
3.69243
3.78695
4.00853
3.74244
3.48498
3.47401
3.79691
4.09246
4.36482
3.69484
3.28054
3.91928
3.51424
3.44105
3.79862
3.63851
3.62556
3.74461
3.74142
3.87763
3.78612
3.94289
3.86291
3.52103
3.7396
3.84988
3.85707
3.76197
3.81226
3.34647
5.68003
4.18446
3.88918
3.89222
3.82224
4.02912
3.66755
3.88827
3.93814
3.87108
3.87027
4.01908
3.85404
3.83225
4.43277
3.88261
4.04289
4.05732
3.56529
3.37882
3.76033
3.55097
3.96367
4.02643
4.21615
3.33379
3.59242
3.61212
3.74891
3.83216
3.81549
3.99201
3.65086
4.29714
3.95235
4.24907
3.69253
4.16072
4.11273
3.78656
3.68773
3.85748
3.5004
3.65778
4.02669
3.78982
3.53018
3.80928
3.43929
3.93374
3.79989
3.86332
4.00142
3.83062
3.9766
3.72246
3.8624
3.45112
3.60411
3.62489
3.63992
3.47618
3.84429
3.79169
3.69668
3.61368
4.97396
3.37598
3.74584
3.76294
4.00599
3.99968
4.16756
3.50947
3.35324
3.74947
3.88115
3.70019
3.72704
3.69459
3.49592
3.60961
3.90004
3.88602
3.59637
3.99689
3.77452
3.5292
3.83324
3.7353
3.7195
3.82534
3.89973
3.73283
3.62539
3.66323
3.96763
3.36383
3.75973
3.64043
3.79604
3.45972
3.91491
3.87386
3.96335
3.64389
3.39023
3.94892
3.72376
5.94087
3.93846
4.26686
3.58241
3.73528
3.60714
3.6716
4.27798
4.09816
4.00064
4.06235
3.89693
3.58136
3.8686
3.85661
4.47571
3.95817
3.75723
3.71197
3.94934
3.83922
4.03308
3.88912
4.09117
3.8038
4.26431
3.26227
3.9468
3.79535
3.47591
4.23927
4.43693
3.91402
3.61988
3.85558
4.29426
3.97475
3.4656
3.59826
3.81379
3.49325
4.19326
4.47366
3.99043
3.5408
3.95788
3.78379
4.12465
4.01424
3.87712
3.84878
4.07321
3.85037
3.72974
3.72038
3.95539
4.00001
3.9514
3.81381
3.53797
4.60571
4.19301
3.9236
3.91675
3.87144
3.91001
3.73227
3.82978
