4.03427
3.87398
4.77998
4.20021
4.03138
3.44119
4.18308
4.33043
4.39165
4.40224
3.80429
4.13097
3.94587
4.19792
4.40456
4.02571
3.45526
3.74756
4.35921
4.17144
4.70125
3.77646
5.01008
4.57574
3.94741
4.34245
4.73901
3.75727
4.05826
3.90747
4.02624
4.15083
3.95428
4.50772
4.07536
4.20344
4.08169
4.2036
4.221
3.8921
5.16365
4.36299
3.74188
4.00565
4.20669
4.01416
4.53369
4.14093
3.84603
3.72651
3.88431
4.37884
4.16331
4.05492
4.08438
3.79798
4.11811
4.15579
4.31019
3.58515
4.74885
3.93082
4.38562
3.99857
5.1488
3.75194
4.30228
3.95002
4.6113
3.77127
3.90606
4.72227
3.55477
4.20191
4.18041
4.13531
4.26912
4.12749
3.80699
4.84535
4.0153
4.40692
3.57363
4.00449
4.69049
3.74661
3.98878
5.51442
4.07534
4.36832
3.81018
4.0467
3.65638
3.67369
3.86178
5.4135
3.99957
6.42385
3.66245
4.11045
4.9882
4.17005
4.38318
4.27582
3.56466
6.23108
4.29556
3.49579
5.87756
4.22853
3.89904
4.44206
3.76937
4.07625
3.89088
3.44441
4.20249
3.5605
4.01536
3.84322
3.71071
3.94882
3.82084
4.31204
4.52107
7.05676
3.99262
3.61994
3.48787
3.64384
4.58497
4.69367
3.68438
4.0189
4.20344
3.9935
4.81484
4.35967
4.58327
4.56912
4.11757
4.43992
5.08473
4.10805
4.95265
3.70681
4.6211
3.64872
3.41159
4.83808
4.12176
3.70294
4.37605
3.87519
3.35848
3.93961
4.06682
3.99456
4.02492
4.41764
3.93381
3.73894
4.51288
4.88621
4.35012
4.35412
3.7671
5.81
4.00497
4.2518
3.80706
3.43334
4.19889
3.92627
3.78379
4.15496
3.6697
3.67175
4.31445
4.41048
4.34855
4.13435
4.89528
4.0653
3.87466
4.39767
4.23631
3.61634
3.54746
4.10277
3.5764
4.60255
4.00086
3.94212
3.78359
4.39201
4.39723
4.28233
4.30551
4.00131
4.66128
4.14714
4.38943
4.77964
4.87007
3.90943
3.72255
3.43739
4.78943
4.40392
4.48398
3.5629
3.50813
4.07534
3.78936
3.98491
3.71491
4.08478
3.55132
3.91585
4.84639
4.12007
4.53949
4.02787
3.74436
3.79557
5.30059
4.09041
3.52905
4.50367
4.92696
3.70012
3.31479
4.13186
3.92103
4.31725
4.32939
4.49092
4.18219
4.23734
3.86751
4.16836
3.67894
3.80011
3.83419
3.96401
4.36925
5.03275
5.30811
4.03536
3.68467
5.04264
3.69767
4.37369
4.409
4.17355
4.73271
4.27658
4.08123
4.87302
4.07519
4.21388
4.74759
4.11495
4.142
4.62057
4.41459
3.87411
4.40898
4.0266
3.91427
4.1592
4.10435
4.23671
4.02455
3.86292
6.80798
4.26568
3.87532
4.7872
4.31746
3.96258
3.61337
4.15368
4.47929
4.22415
3.97482
4.49856
3.85539
4.02143
4.50461
4.49195
4.10266
3.85999
3.89306
4.05199
3.45304
3.99386
4.02663
4.14588
4.45032
4.87365
3.7441
4.18028
4.55467
4.38296
4.18301
3.84044
4.16034
4.5379
4.06459
4.07533
4.38951
3.90276
3.87981
3.8628
4.2452
4.74483
3.30882
3.56942
4.60476
3.60661
4.38914
4.07179
3.87009
4.65835
4.33835
3.7499
3.53077
3.90963
3.71776
4.12362
4.26153
4.69855
4.84139
3.73921
4.28575
4.01196
4.20933
3.91002
4.08653
4.27469
4.35354
4.2537
4.85798
4.34879
3.90898
4.13478
4.00515
4.22364
3.88114
3.80085
4.16218
4.26275
5.70836
4.56869
3.97551
4.35819
4.89713
4.61091
3.98529
4.55191
4.65474
4.13406
3.94994
3.98696
3.76342
4.2703
3.84771
3.58467
4.06159
4.3002
4.23922
3.61529
4.25367
4.25645
3.64562
3.8129
3.59668
4.30562
3.95285
4.06654
4.14374
3.92002
4.04439
4.38814
4.17764
4.09083
3.97744
4.29024
3.75338
3.55715
4.75541
3.88874
4.01388
3.74055
3.93867
4.21594
3.36663
4.41768
3.60478
3.99056
4.07953
4.56625
3.84355
3.84157
3.85445
4.03752
4.05003
4.4011
4.67314
4.6673
3.80326
3.89933
3.58545
3.79027
4.04944
3.62309
3.55263
4.42674
4.52443
4.05398
4.38501
4.05563
4.00498
4.69511
4.0368
6.36298
4.08576
4.17306
4.23201
4.44926
3.96184
3.86894
4.90619
4.0188
4.43966
4.3667
4.57764
4.10214
4.10711
4.38228
5.40244
4.08971
3.76462
4.14846
3.94426
5.42767
4.06679
4.61016
3.95939
4.74792
4.34912
4.32015
4.15994
4.26824
3.97958
5.13463
4.73398
4.65346
4.03338
3.86481
4.48869
4.16209
3.88585
3.9318
3.73131
4.49551
3.53368
4.0846
3.40111
4.27144
5.00642
3.67112
4.11512
3.93767
4.97101
3.90993
3.62227
3.81599
5.89227
4.56854
4.235
4.26652
4.7716
3.9724
3.55065
3.66141
4.34231
4.3763
4.01972
4.30325
4.22516
3.84667
4.19539
3.98395
4.54377
3.79661
4.21342
4.12156
