3.41985
3.41538
3.5276
3.78007
3.46106
3.68706
3.56836
3.60262
3.50229
3.78909
3.41882
3.60307
3.99997
4.34809
4.739
3.69018
3.50042
3.81692
4.39878
3.3354
3.43762
3.36952
3.77666
3.98604
3.36976
3.7998
3.74056
3.82688
3.88626
3.77294
3.72132
4.26034
3.67191
4.33395
3.8157
4.05357
3.84566
3.49941
4.1216
4.20849
3.41061
3.5175
3.47162
3.55271
3.44283
3.71304
3.60322
3.68311
3.61763
3.81615
3.56257
3.70649
3.46161
3.75183
3.78149
3.58224
3.55379
3.32054
3.54519
3.3899
3.42265
3.51987
3.65421
3.50748
4.06844
3.68277
3.79718
4.47947
4.24989
3.29919
3.65134
3.67559
3.46406
3.4807
3.50295
3.69531
4.1811
4.62903
3.32379
3.72444
3.60767
3.35989
3.59465
3.6045
3.71661
3.93671
3.52924
3.61286
3.70639
3.54176
3.83751
3.61587
3.82665
3.86425
3.88515
3.5198
3.52933
3.61883
3.26381
3.75758
3.72312
3.94475
3.4329
3.89567
3.726
4.04874
3.72088
3.61011
3.86202
3.83222
3.81466
3.62137
3.82903
3.89061
3.69266
3.78939
3.53922
3.60777
3.78485
4.26423
4.49401
3.98342
3.96653
3.64134
3.87574
3.65909
3.39635
3.815
3.71159
3.53525
3.95766
3.65682
3.66621
3.37073
3.52478
3.55807
3.74062
3.38092
3.8839
3.66289
4.0095
3.76528
3.45801
3.61684
3.6334
3.36493
3.23996
3.40975
3.58936
3.53123
4.25771
3.6967
3.65921
3.53737
3.6107
3.58186
3.55459
3.72138
3.73827
3.81904
3.72225
3.56393
4.09964
3.47834
4.0815
3.45857
3.98519
3.53064
3.64499
3.78223
4.02731
3.77822
3.84748
3.63752
3.58993
3.72855
3.73741
3.5518
3.28333
3.76823
3.74226
3.41009
3.67415
3.58292
3.6158
3.61642
3.73194
3.55052
3.78221
3.71203
4.00933
3.37444
3.43471
3.70002
3.85045
3.74959
3.60776
3.62883
3.52786
3.61886
3.76056
3.57688
3.67072
3.42597
3.47022
3.67321
3.60764
3.74307
3.56358
3.24652
3.93936
3.90812
3.638
3.7795
3.65949
3.87119
3.81662
3.90613
3.23004
3.47724
3.80225
3.91952
3.71666
3.22672
3.93553
4.16732
3.89984
4.16491
3.55783
3.44059
3.64039
3.35796
4.35426
3.26726
3.18411
3.64112
3.55857
3.49586
3.68245
3.54046
3.55086
3.74042
3.80529
3.49053
3.97217
3.7212
3.46299
3.52305
3.89118
3.89356
4.32398
3.57571
3.32194
3.19117
3.52151
3.24889
3.63418
3.64686
3.62526
3.60388
3.9387
3.4666
3.67664
3.3444
3.72637
4.28784
3.48084
3.44538
3.42984
3.72731
3.36245
3.72537
3.42765
4.51697
3.76642
3.66634
3.69411
3.86201
3.6998
3.91637
3.73191
3.61564
3.54919
3.42886
3.87532
3.36071
3.95338
3.72388
3.59685
3.80281
3.72256
3.6105
3.69146
3.56187
3.6507
3.86404
3.61055
3.36294
3.35959
3.65765
3.95999
4.21628
3.57337
3.16102
3.79562
3.38201
3.32243
3.6743
3.49617
3.49592
3.61439
3.60796
3.73683
3.65462
3.80546
3.67515
3.39538
3.60575
3.7102
3.72075
3.6084
3.64456
3.2223
4.94609
4.00591
3.73962
3.76528
3.67861
3.83303
3.51638
3.73432
3.79438
3.75044
3.72207
3.85718
3.70546
3.70637
4.27006
3.73515
3.9084
3.89724
3.4347
3.25125
3.61537
3.42638
3.80615
3.84459
3.98324
3.21959
3.44688
3.47656
3.62702
3.70576
3.6724
3.85018
3.51953
4.14391
3.79644
4.07658
3.57549
4.00588
3.96659
3.6283
3.54901
3.7429
3.37726
3.53249
3.88825
3.67153
3.41548
3.61995
3.32003
3.79411
3.67246
3.71939
3.83533
3.68526
3.82938
3.58735
3.71708
3.33596
3.47672
3.50254
3.51828
3.34814
3.70169
3.65124
3.5702
3.49484
4.5765
3.26714
3.60702
3.64222
3.85925
3.81779
4.02896
3.37164
3.23524
3.60494
3.74837
3.57758
3.59366
3.52899
3.36949
3.48461
3.73681
3.73405
3.46793
3.85438
3.64731
3.39725
3.70433
3.61196
3.59593
3.68665
3.7701
3.59945
3.48704
3.5425
3.81739
3.23507
3.62989
3.51135
3.66071
3.34651
3.78286
3.7315
3.80908
3.50904
3.27055
3.79783
3.58732
5.45369
3.79297
4.064
3.4503
3.61969
3.49328
3.53589
4.13082
3.96414
3.86318
3.90522
3.76414
3.45658
3.71454
3.73505
4.3141
3.81552
3.63892
3.57481
3.79753
3.70594
3.88674
3.7335
3.93652
3.65144
4.05959
3.15122
3.80212
3.66203
3.34666
4.06893
4.23494
3.74998
3.48254
3.70745
4.15567
3.83376
3.35737
3.47608
3.69824
3.36685
4.02227
4.32825
3.86148
3.40879
3.81643
3.66565
3.93297
3.87928
3.71434
3.68424
3.93552
3.68578
3.6007
3.58963
3.83533
3.87464
3.7901
3.68494
3.40132
4.41928
4.0558
3.76903
3.77007
3.74097
3.73384
3.59843
3.69972
