6.31821
6.24801
7.49727
6.5318
7.29098
5.94953
6.79951
7.39311
7.41789
7.88937
6.18746
6.59911
6.42612
6.81748
7.23457
6.67447
5.86456
6.31271
6.83734
7.37501
7.36793
6.12516
8.3495
7.1597
6.31881
6.94979
7.70168
6.21948
6.91979
6.37714
6.25079
6.51469
6.38594
7.58615
6.97178
7.43609
6.61123
6.90584
6.49231
6.32279
8.36368
8.37797
6.31865
6.70149
7.4375
6.36866
7.16851
6.49887
6.34918
6.51839
6.41735
6.89859
6.57074
6.69954
6.79534
6.41724
6.79201
6.52618
7.16813
5.75522
7.69117
6.30342
6.74888
6.35081
7.83901
5.9462
7.19686
6.58522
7.09639
6.53675
6.59796
7.52833
6.08619
6.65493
6.97389
7.80547
6.68286
7.07551
6.20239
7.30055
6.69774
6.97845
5.96756
6.74565
7.39154
6.3009
6.49372
9.18982
6.25589
7.06439
6.4429
6.24115
5.7573
6.51903
6.02362
8.49556
6.31047
10.209
5.88597
7.16694
7.81438
7.04731
7.19441
7.53207
6.27138
9.8136
7.14722
5.68391
9.49244
6.66089
6.36484
6.95164
6.35587
6.77442
7.11735
5.53939
7.13642
5.73672
6.62651
6.09851
6.06669
6.40513
6.28967
7.41507
8.15859
10.615
6.67216
6.04577
5.82164
5.98783
7.47851
7.19929
6.05157
6.58591
6.57381
6.28239
7.76415
7.18257
7.28801
7.30473
6.5184
7.09928
7.59679
7.06567
8.50909
5.97541
7.75246
6.0358
5.51089
7.50255
6.94758
6.18525
7.07919
6.4386
6.17363
6.36295
6.5991
7.21817
6.42296
6.88869
6.31969
6.20379
7.15532
7.79605
7.05252
7.22672
6.27699
9.23685
6.76921
6.89272
6.37625
5.71205
6.55957
6.31817
5.914
6.7443
6.25814
5.87915
6.74752
6.85742
6.94994
6.72756
7.84921
6.4142
6.40815
6.74589
6.90046
6.26828
6.08577
6.83451
5.70539
8.1757
6.96574
6.29172
6.16578
6.88804
7.29428
6.83584
6.74
7.33349
7.64378
6.49489
6.88181
7.88086
7.43398
6.37831
6.41381
6.38057
8.04395
7.28381
7.10206
6.2357
6.02602
6.5492
6.23477
6.47228
6.1162
7.46006
5.93009
6.59782
7.01105
6.85687
7.17306
6.5599
6.06343
6.35037
8.85436
7.99323
5.73225
7.3325
7.66535
6.09552
5.5592
6.36305
6.33605
6.67398
7.02062
7.7116
6.60148
6.5129
6.37632
7.27861
6.3483
6.71855
6.41202
6.40857
6.97296
7.77085
8.74446
6.62468
6.0029
8.12594
6.84581
7.47885
6.73281
6.80332
7.73365
6.69674
6.78374
7.64057
6.59945
7.17422
7.44876
6.73257
6.6877
7.49284
7.02858
6.42291
7.72883
6.54693
6.18537
6.6841
7.37929
6.94011
7.11426
6.20313
10.1374
7.80695
6.08981
8.34325
6.64282
6.78214
6.15502
7.19962
6.80562
6.59893
6.33453
7.703
6.28345
6.61629
7.45516
7.03069
6.93521
6.90064
6.90873
6.27595
5.90813
6.46221
6.69389
6.82677
7.96824
8.21871
6.45217
6.66869
6.99242
7.17313
7.2391
6.31639
6.45529
7.4226
6.76835
6.81837
6.64279
6.66434
5.93902
6.20775
6.44011
7.37452
5.36637
5.90766
7.32629
6.14943
7.04661
6.49047
6.45872
7.43667
7.10743
6.38389
6.10286
6.24037
6.49587
6.53227
7.25179
7.34301
7.31826
6.40593
7.05838
6.44105
7.03881
6.43913
7.36163
6.6853
6.76742
6.54654
7.66642
7.2383
6.57404
6.87832
7.02215
6.57518
6.35288
6.28521
6.63078
6.32121
8.61385
7.71877
6.49113
7.09562
7.83654
6.94099
6.27497
7.34036
7.67214
6.82219
6.5067
6.69825
6.76976
6.43555
6.51295
6.29374
6.94914
7.19943
6.44781
6.13744
6.6751
6.79168
5.89167
6.18758
6.16847
7.9591
6.30994
6.37579
6.79284
6.66552
6.72221
7.12276
6.97982
6.71311
6.40141
7.41191
6.76746
5.80983
8.39664
6.3184
6.478
6.32318
6.28597
7.27499
5.71062
6.86122
5.86091
6.49266
6.71943
7.26764
6.19172
6.22482
6.3476
6.98457
6.65856
6.89976
7.19867
7.53913
6.12743
6.86124
5.97
6.27007
7.02913
6.11886
5.92599
7.22054
7.29909
6.51651
7.33911
6.40878
6.39907
7.07964
6.52147
9.82616
6.51792
7.43586
7.00868
7.62328
6.21956
6.35939
7.42809
6.44474
8.04835
6.71549
7.37125
6.63738
7.09577
7.11216
8.90636
6.50382
6.38117
6.75868
6.83445
8.78951
6.52058
7.47156
7.23663
7.38531
7.16698
6.65211
6.66765
6.84779
7.01938
7.82274
7.82991
7.2831
6.85588
6.56147
7.2337
7.1906
6.23767
6.23895
6.54702
7.18412
6.19229
6.85933
5.71113
6.74491
7.43465
6.50986
6.71982
6.29547
7.62822
6.58556
6.00656
6.47522
8.28845
7.25901
6.7229
7.15579
8.01288
6.94101
5.75276
6.06076
7.03347
6.8786
6.4051
6.72281
6.82384
7.13694
7.00047
6.31661
7.43504
6.19458
6.85713
6.77431
