6.34745
6.27543
7.52541
6.56154
7.31942
5.97938
6.8291
7.42092
7.44524
7.91645
6.21769
6.62445
6.45546
6.84557
7.26296
6.70382
5.89539
6.3394
6.86589
7.40348
7.39635
6.15387
8.37594
7.18605
6.3483
6.9769
7.72762
6.24986
6.9489
6.40721
6.2811
6.54282
6.41487
7.61415
6.99839
7.46421
6.63859
6.93393
6.52008
6.35213
8.39026
8.40417
6.34848
6.73051
7.46504
6.39762
7.19661
6.52707
6.3787
6.54833
6.44516
6.92771
6.5973
6.72669
6.8236
6.44501
6.82116
6.55411
7.1962
5.78606
7.71837
6.33264
6.77708
6.38002
7.86634
5.97703
7.22415
6.61477
7.1249
6.56597
6.62764
7.55616
6.11533
6.68264
6.99997
7.83292
6.70907
7.1044
6.23025
7.32813
6.7271
7.00769
5.99818
6.77497
7.41979
6.33101
6.52336
9.2145
6.28467
7.09353
6.46889
6.26945
5.78772
6.5485
6.05431
8.52193
6.33938
10.2322
5.91663
7.19547
7.84003
7.07624
7.2227
7.55904
6.3013
9.8372
7.17602
5.71486
9.517
6.68996
6.39428
6.9805
6.38487
6.80292
7.1449
5.56894
7.16225
5.76691
6.65513
6.12894
6.09625
6.43332
6.3182
7.4422
8.18432
10.6374
6.70187
6.07551
5.85252
6.01533
7.50661
7.22382
6.08111
6.61556
6.60334
6.31088
7.79184
7.21127
7.31482
7.33183
6.54554
7.12738
7.62424
7.09465
8.53549
6.00408
7.77946
6.06475
5.54076
7.52964
6.97501
6.21574
7.10753
6.46814
6.20347
6.39086
6.62841
7.24662
6.45274
6.91762
6.34865
6.23115
7.18422
7.82187
7.08002
7.25514
6.30557
9.25926
6.79842
6.92133
6.40643
5.74217
6.58676
6.34548
5.94222
6.77176
6.28772
5.90813
6.77626
6.88644
6.97901
6.75601
7.87645
6.44282
6.43792
6.77492
6.92911
6.29658
6.11546
6.86382
5.73203
8.20257
6.99338
6.32046
6.19421
6.915
7.31986
6.86486
6.76707
7.35982
7.67089
6.52406
6.91021
7.90634
7.46221
6.40822
6.44225
6.4102
8.07026
7.31216
7.12918
6.26609
6.05649
6.57859
6.26505
6.49974
6.14666
7.48763
5.96028
6.62754
7.03811
6.88605
7.20178
6.58959
6.09384
6.37988
8.87676
8.01998
5.7628
7.36061
7.69286
6.12387
5.59052
6.39271
6.36334
6.70314
7.04939
7.73624
6.63052
6.5406
6.4065
7.30661
6.37774
6.7469
6.43917
6.43779
6.99886
7.79839
8.77027
6.65413
6.03123
8.15075
6.87494
7.50689
6.76222
6.832
7.76157
6.72633
6.8117
7.66799
6.62712
7.20182
7.4767
6.76209
6.71695
7.52087
7.05736
6.4527
7.75588
6.57639
6.21232
6.71382
7.40722
6.96918
7.14282
6.23302
10.1608
7.83139
6.11816
8.36933
6.66888
6.80964
6.18483
7.22831
6.83351
6.62855
6.36392
7.73033
6.31376
6.64324
7.48355
7.05939
6.96365
6.92958
6.93665
6.30451
5.93868
6.49236
6.72229
6.85516
7.99503
8.24551
6.48172
6.69669
7.02101
7.19988
7.26698
6.3464
6.48433
7.44833
6.79764
6.84645
6.67102
6.69349
5.96687
6.23607
6.46867
7.40298
5.39269
5.9383
7.35415
6.18018
7.0744
6.52051
6.4862
7.46439
7.13504
6.4131
6.13286
6.27005
6.5251
6.5594
7.28014
7.37076
7.34557
6.43605
7.08711
6.46984
7.06767
6.468
7.3899
6.71477
6.79679
6.57602
7.69333
7.26629
6.60356
6.90746
7.05071
6.60441
6.38177
6.31537
6.6588
6.34793
8.63791
7.74339
6.52108
7.12427
7.86216
6.96794
6.30203
7.36806
7.69878
6.85169
6.53357
6.72727
6.79841
6.4653
6.54131
6.32223
6.97693
7.22814
6.47514
6.16691
6.70444
6.82088
5.9191
6.21777
6.19892
7.98579
6.33844
6.40558
6.8219
6.69387
6.75158
7.15135
7.00889
6.74189
6.42891
7.43944
6.79689
5.83884
8.42105
6.34829
6.5079
6.35235
6.31219
7.30345
5.74095
6.88953
5.88913
6.52019
6.74656
7.29602
6.21828
6.25383
6.37759
7.01051
6.68656
6.92821
7.22481
7.56644
6.15547
6.88988
5.99946
6.29985
7.05803
6.14908
5.95682
7.24868
7.32622
6.54407
7.36729
6.4382
6.42787
7.10796
6.55062
9.84817
6.5479
7.464
7.036
7.65033
6.24988
6.38983
7.45625
6.47297
8.0754
6.74401
7.39875
6.66685
7.12384
7.14084
8.93195
6.53383
6.41014
6.78779
6.86363
8.81508
6.55022
7.49961
7.26483
7.41341
7.1955
6.68097
6.69616
6.87661
7.04831
7.8494
7.85144
7.30946
6.88515
6.59095
7.26222
7.21937
6.2678
6.26878
6.57445
7.21263
6.22184
6.88818
5.74142
6.77432
7.46293
6.53746
6.74743
6.32369
7.65566
6.61483
6.03674
6.50315
8.31313
7.2843
6.75208
7.18464
8.0381
6.96998
5.78401
6.08871
7.06061
6.90724
6.43519
6.75202
6.85313
7.16487
7.0293
6.34365
7.46317
6.22367
6.88628
6.80173
