6.225
6.16133
7.40744
6.43692
7.19934
5.85409
6.70428
7.30427
7.33055
7.80205
6.09006
6.51831
6.33192
6.72763
7.14372
6.58032
5.76574
6.22665
6.74639
7.28322
7.27629
6.03384
8.26422
7.07558
6.22501
6.86317
7.6182
6.12155
6.82594
6.28024
6.15458
6.42427
6.29294
7.49586
6.88712
7.34548
6.5239
6.81608
6.40417
6.22821
8.27799
8.29348
6.22285
6.60795
7.3501
6.27624
7.0788
6.40908
6.25508
6.42194
6.32894
6.8055
6.48685
6.6125
6.70577
6.32845
6.69812
6.43756
7.0786
5.65697
7.60414
6.2107
6.65927
6.25849
7.75125
5.84686
7.10934
6.49091
7.005
6.4431
6.50287
7.43859
5.99307
6.56819
6.88981
7.71694
6.59917
6.9824
6.11363
7.21408
6.60406
6.88417
5.86887
6.65112
7.30054
6.20425
6.39815
9.11085
6.16679
6.97044
6.35985
6.15442
5.66145
6.42496
5.92595
8.41055
6.21782
10.1342
5.78777
7.07497
7.73207
6.95435
7.10322
7.44603
6.17503
9.73752
7.05463
5.58547
9.41333
6.56868
6.27077
6.85898
6.26241
6.68294
7.02923
5.44705
7.0542
5.64064
6.53542
6.00137
5.97304
6.31496
6.19937
7.32761
8.07642
10.5428
6.57639
5.95069
5.72271
5.90069
7.38793
7.12178
5.95688
6.49031
6.47904
6.19113
7.67503
7.09023
7.20154
7.21988
6.43192
7.00947
7.5086
6.97222
8.42395
5.88452
7.66538
5.94388
5.41615
7.41656
6.86075
6.08727
6.98833
6.34379
6.07744
6.27374
6.50561
7.12642
6.32707
6.79634
6.22808
6.11736
7.0623
7.71281
6.96531
7.13511
6.18533
9.16465
6.67505
6.80067
6.27909
5.61629
6.47244
6.23246
5.82669
6.65632
6.1629
5.78624
6.65577
6.76485
6.85653
6.63685
7.76215
6.32392
6.3128
6.65342
6.80978
6.17703
5.99076
6.74003
5.62094
8.08904
6.87737
6.20044
6.07509
6.80348
7.21362
6.74322
6.65308
7.249
7.55635
6.40291
6.79132
7.7987
7.34405
6.28199
6.32285
6.28525
7.95972
7.19242
7.01527
6.13774
5.92787
6.45444
6.13845
6.38533
6.01873
7.37196
5.83374
6.50238
6.92438
6.76287
7.08111
6.46418
5.9656
6.25635
8.78242
7.90697
5.63612
7.242
7.57667
6.0051
5.45898
6.26908
6.24836
6.58174
6.92784
7.63257
6.50942
6.42509
6.27906
7.18841
6.25441
6.62713
6.32558
6.31552
6.88952
7.68247
8.66123
6.53026
5.91315
8.04595
6.75248
7.38846
6.63866
6.71238
7.64363
6.60157
6.69507
7.55297
6.51118
7.08533
7.36046
6.6374
6.59354
7.40248
6.93648
6.3269
7.64161
6.45309
6.09962
6.58838
7.28925
6.84669
7.02218
6.108
10.0621
7.72816
6.00013
8.25995
6.55965
6.69383
6.05986
7.10711
6.71836
6.50345
6.2413
7.61489
6.18619
6.53027
7.3636
6.93821
6.84351
6.80732
6.81874
6.18498
5.81004
6.36523
6.60277
6.73637
7.88185
8.13228
6.35789
6.57959
6.90094
7.08821
7.14941
6.22058
6.36315
7.3406
6.67422
6.72894
6.55358
6.57065
5.85271
6.11881
6.34977
7.28355
5.28437
5.80886
7.23704
6.0503
6.95756
6.39393
6.37194
7.34889
7.01893
6.28975
6.00615
6.14584
6.40232
6.44561
7.16042
7.25354
7.23092
6.30883
6.96583
6.35
6.9458
6.34751
7.27047
6.59113
6.6734
6.45311
7.58075
7.14804
6.47909
6.78447
6.93027
6.48172
6.26063
6.18815
6.54136
6.23705
8.5367
7.6401
6.39486
7.00331
7.75399
6.85535
6.18849
7.25233
7.58622
6.72713
6.42078
6.60609
6.67824
6.34082
6.42168
6.20431
6.86035
7.10686
6.36063
6.04406
6.58051
6.69755
5.80335
6.09053
6.07079
7.87306
6.21936
6.28131
6.69916
6.57464
6.62753
7.03081
6.88612
6.62151
6.31472
7.32316
6.67254
5.71687
8.31802
6.22215
6.38158
6.22997
6.2029
7.18321
5.61392
6.77111
5.77058
6.40591
6.63254
7.1762
6.10766
6.13239
6.25148
6.90125
6.56967
6.81009
7.11503
7.45107
6.03935
6.76895
5.87651
6.17531
6.93597
6.02148
5.82706
7.12992
7.21277
6.42889
7.24869
6.31487
6.30741
6.98899
6.4284
9.75521
6.42152
7.3451
6.92126
7.53689
6.12221
6.26125
7.33795
6.35404
7.9611
6.62487
7.28346
6.54268
7.00673
7.02035
8.82385
6.40775
6.28968
6.66495
6.74132
8.70706
6.42531
7.3815
7.14581
7.29468
7.07504
6.5603
6.57743
6.75593
6.92613
7.73684
7.76049
7.19944
6.76189
6.4665
7.14212
7.09785
6.14062
6.14348
6.45887
7.09227
6.0975
6.76666
5.61457
6.65017
7.34382
6.42086
6.63125
6.20516
7.54019
6.4921
5.9105
6.3854
8.21001
7.17808
6.62942
7.06277
7.93155
6.84766
5.65257
5.97157
6.94596
6.78787
6.30896
6.62921
6.72942
7.04689
6.90815
6.23047
7.34496
6.10161
6.76323
6.68706
