6.18982
6.20945
6.08746
6.71425
6.74147
7.04439
6.33985
6.45943
6.30378
6.79442
6.39232
6.94251
7.17991
7.87036
7.85798
6.70044
6.75489
6.89482
7.7879
6.24793
6.24793
6.53916
6.74147
6.93074
6.37504
6.75489
7.02237
6.58496
6.85798
6.58496
6.88264
7.47573
7.16993
8.29002
7.37504
7.48382
6.80735
6.24793
7.05528
7.22882
6.16993
6.6865
6.32193
7
6.2854
6.65821
6.16993
6.61471
6.78136
6.76818
6.18982
6.40939
6.71425
6.42626
6.37504
6.24793
6.71425
6
6.70044
6.44294
6.24793
6.62936
6.64386
6.42626
7.42626
7.03342
6.42626
7.9542
7.2854
5.88264
7.02237
6.9542
6.12928
6.33985
6.39232
6.44294
7.40939
7.60733
6.45943
7.76818
6.39232
5.93074
6.30378
6.62936
6.24793
6.52356
6.89482
6.80735
6.6865
6.90689
6.35755
6.32193
6.9542
7.72792
7.13955
7.06609
6.52356
6.39232
5.97728
7.13955
6.84549
7.15987
6.18982
7.67243
6.62936
6.98868
6.67243
6.26679
6.85798
6.84549
6.52356
6.61471
6.91886
6.79442
6.71425
6.83289
8
6.61471
6.39232
7.88874
7.58496
7.07682
6.85798
6.37504
6.88264
7.65821
6
7.08746
6.45943
6.32193
7.06609
6.61471
6.45943
6.84549
6.70044
7.04439
6.45943
6.24793
7.84549
6.53916
6.83289
6.55459
6.50779
6.58496
6.83289
6.97728
5.9542
6.49185
6.53916
6.53916
7.76155
6.62936
6.6865
6.39232
6.16993
6.47573
6.2854
6.90689
6.64386
7.11894
7.06609
6.45943
7.30378
6.2854
7.7211
6.32193
7.70736
6.35755
6.85798
8.20945
7.72792
6.76818
6.65821
6.70044
6.84549
6.80735
6.59991
7.40939
5.75489
6.40939
6.72792
6.47573
6.45943
6.59991
6.45943
6.20945
6.74147
6.16993
6.50779
7.20945
7.04439
6.06609
6.88264
6.55459
7.56986
6.52356
6.37504
6.56986
6.22882
6.37504
6.62936
6.16993
6.40939
6.45943
6.12928
6.20945
7.13955
6.42626
6.50779
6.30378
6.89482
6.64386
6.58496
6.98868
6.33985
7.47573
6.47573
7.24793
6.24793
6.22882
6.67243
7.2384
6.47573
5.70044
7.45943
7.58496
6.76818
7.49985
6.42626
6.56986
6.72792
6.53916
7.37504
5.75489
6
6.53916
6.16993
6.53916
6.98868
6.72792
6.64386
6.37504
6.90689
6.45943
7.53138
6.74147
6.22882
6.2854
6.75489
7.56224
7.35755
6.85798
5.72792
6.14975
6.20945
5.97728
6.45943
7.01123
6.88264
6.55459
6.89482
6.22882
6.75489
6.50779
6.67243
7.59246
6.40939
6.04439
5.97728
7.21917
5.93074
7.80735
6.08746
8.94544
7.56986
6.61471
6.75489
7.36632
7.31288
7.12928
6.84549
6.59991
6.93074
6.45943
6.80735
6.20945
7.47573
6.39232
6.35755
6.70044
7.29462
6.72792
6.2854
6.52356
6.74147
6.78136
6.58496
6.58496
6.06609
6.64386
6.87036
6.9542
6.35755
6
6.52356
6.42626
6.24793
6.37504
6.44294
6.42626
6.40939
6.52356
6.83289
6.67243
6.83289
7.25739
6.53916
6.58496
6.70044
6.53916
6.85798
7.12928
6.16993
10.3129
7.67243
7.06609
6.39232
6.6865
7.19967
6.52356
6.58496
6.64386
6.2854
7.05528
6.9542
6.80735
6.83289
7.29462
6.82018
7.04439
7.18982
6.22882
6.44294
7.41785
6.26679
7.16993
7.62936
7.75489
5.72792
6.64386
6.2854
6.16993
6.56986
6.80735
6.61471
6.65821
7.62205
7.14975
7.05528
6.32193
6.97728
6.6865
6.80735
6.97728
6.33985
6.2854
6.22882
6.97728
6.35755
6.32193
7.62936
5.97728
6.85798
6.2854
6.94251
7.60733
6.78136
6.74147
6.61471
6.93074
6.06609
6.37504
6.44294
6.44294
6.16993
6.72792
6.50779
6.35755
6.20945
9.2854
5.78136
6.40939
6.22882
6.88264
7.20945
6.98868
6.35755
5.93074
6.84549
6.39232
6.16993
6.71425
7.03342
6.65821
6.20945
7.13955
7.02237
6.37504
6.85798
7.04439
6.2854
6.50779
6.14975
6.45943
6.90689
6.50779
6.45943
6.33985
6.22882
6.97728
6.33985
6.30378
6.56986
6.55459
6.40939
6.6865
6.62936
7
6.22882
5.90689
7.04439
6.70044
10
6.80735
7.49185
6.16993
6.55459
6.33985
6.24793
7.14975
6.75489
6.98868
7.10852
6.65821
6.39232
6.93074
6.42626
7.10852
7.06609
6.39232
6.52356
6.94251
6.45943
6.76818
7.05528
7.14975
7.01123
7.45943
5.61471
6.78136
6.62936
6.10852
6.97728
7.60733
7.01123
6.50779
7.19967
6.93074
6.74147
5.9542
6.26679
6.2854
6.26679
7.58496
7.32193
6.49185
6.39232
6.59991
6.42626
7.79442
6.79442
7.77479
7.12928
6.93074
7.06609
6.65821
6.45943
6.49185
6.53916
6.94251
6.2854
7.13955
7.53916
6.64386
6.89482
6.61471
6.52356
7.02237
6.37504
6.52356
