2.37418e-06
1.30122e-06
1.19737e-06
8.44138e-07
8.72627e-07
1.13613e-06
1.49528e-06
1.31503e-06
1.76465e-06
1.44539e-06
1.34796e-06
9.42266e-07
1.01006e-06
1.73473e-06
1.6952e-06
1.45018e-06
1.14806e-06
1.0809e-06
1.51067e-06
1.82719e-06
1.21578e-06
1.3299e-06
1.48457e-06
1.45915e-06
6.17718e-07
1.71031e-06
2.20127e-06
8.56637e-07
1.10176e-06
1.36362e-06
1.57285e-06
1.32335e-06
1.60758e-06
1.47361e-06
1.22666e-06
1.29841e-06
1.26116e-06
1.31527e-06
2.40713e-06
1.43058e-06
1.19582e-06
1.57559e-06
8.99059e-07
1.17485e-06
1.0578e-06
1.93574e-06
1.28462e-06
1.54096e-06
1.34126e-06
1.20859e-06
1.58386e-06
1.84032e-06
1.14605e-06
1.06063e-06
1.20389e-06
1.35336e-06
1.44989e-06
1.13965e-06
1.09668e-06
1.44466e-06
1.5757e-06
1.41576e-06
1.61116e-06
6.27569e-07
1.16165e-06
1.61664e-06
1.10601e-06
1.29312e-06
2.15988e-06
1.0372e-06
2.46882e-06
1.59059e-06
7.4298e-07
1.94237e-06
1.06933e-06
2.12822e-06
2.13594e-06
1.80174e-06
1.39544e-06
1.55306e-06
1.53893e-06
1.3431e-06
1.54272e-06
1.13338e-06
1.49574e-06
1.39885e-06
8.58643e-07
3.08214e-06
1.31315e-06
1.12241e-06
1.98288e-06
1.65063e-06
1.38126e-06
1.22053e-06
1.80641e-06
1.03646e-06
1.39709e-06
1.46216e-06
1.40879e-06
8.94846e-07
1.08794e-06
2.09525e-06
1.22966e-06
1.42557e-06
1.10012e-06
1.55915e-06
1.40341e-06
1.50096e-06
3.50736e-06
9.09367e-07
1.83943e-06
1.33504e-06
8.25831e-07
1.95528e-06
1.25187e-06
1.08075e-06
2.12633e-06
9.87131e-07
1.37276e-06
1.84513e-06
1.06163e-06
1.44706e-06
1.18857e-06
8.38864e-07
1.54355e-06
1.54432e-06
1.22383e-06
1.42279e-06
1.42114e-06
1.43744e-06
1.37216e-06
1.69662e-06
1.17216e-06
1.10571e-06
1.66785e-06
1.08844e-06
1.82817e-06
1.54905e-06
9.09166e-07
9.42184e-07
1.46532e-06
1.55471e-06
1.22575e-06
1.30668e-06
2.15266e-06
1.53971e-06
1.5536e-06
1.03671e-06
2.78474e-06
1.76154e-06
1.15846e-06
9.90061e-07
1.5227e-06
1.61313e-06
1.26868e-06
1.34852e-06
1.40592e-06
1.10235e-06
1.21075e-06
1.75916e-06
1.2411e-06
8.22886e-07
1.57509e-06
1.42898e-06
1.14996e-06
1.69161e-06
1.59361e-06
1.20297e-06
1.6002e-06
1.00607e-06
1.31927e-06
1.30456e-06
1.28456e-06
1.70407e-06
1.47968e-06
1.14502e-06
1.25074e-06
1.97867e-06
1.26506e-06
9.83032e-07
1.47427e-06
1.48608e-06
2.14455e-06
1.04189e-06
1.28675e-06
1.17041e-06
1.53431e-06
1.19014e-06
2.11972e-06
1.36957e-06
1.63303e-06
7.87094e-07
1.13202e-06
1.0308e-06
1.53836e-06
1.65075e-06
1.16337e-06
1.38383e-06
1.3464e-06
1.59392e-06
1.70899e-06
1.24843e-06
1.4806e-06
2.47998e-06
1.02832e-06
8.79516e-07
1.08621e-06
1.52779e-06
1.49848e-06
1.22189e-06
1.35951e-06
1.91641e-06
1.05612e-06
1.0891e-06
9.39714e-07
1.06825e-06
1.16765e-06
2.07801e-06
8.53768e-07
2.44945e-06
1.11004e-06
1.15026e-06
1.24144e-06
1.36898e-06
1.28828e-06
1.64972e-06
1.1378e-06
1.28771e-06
1.645e-06
1.33471e-06
1.61789e-06
1.20288e-06
1.27949e-06
8.68523e-07
9.73015e-07
1.64725e-06
1.04328e-06
1.08019e-06
1.2378e-06
1.64294e-06
1.07837e-06
2.18245e-06
1.35047e-06
7.35403e-07
1.43455e-06
2.02657e-06
2.47752e-06
1.79429e-06
1.1145e-06
1.06324e-06
1.84475e-06
1.24403e-06
1.46714e-06
1.30897e-06
2.10329e-06
1.5923e-06
1.17265e-06
1.56125e-06
1.113e-06
1.54075e-06
7.12458e-07
1.16852e-06
1.61734e-06
1.77409e-06
9.48934e-07
1.3605e-06
1.3674e-06
1.81442e-06
1.50176e-06
1.55561e-06
1.38412e-06
2.13868e-06
1.23356e-06
9.63058e-07
1.27874e-06
1.2159e-06
1.79552e-06
9.75184e-07
1.74067e-06
1.30161e-06
8.75182e-07
1.21584e-06
1.16912e-06
1.0494e-06
1.16704e-06
1.72833e-06
1.05273e-06
1.7537e-06
1.86949e-06
1.05315e-06
1.29803e-06
7.97851e-07
1.74831e-06
1.40927e-06
1.219e-06
9.11958e-07
1.04369e-06
1.37559e-06
2.24276e-06
1.43481e-06
1.74393e-06
1.06335e-06
1.74698e-06
1.21434e-06
1.41007e-06
2.02091e-06
3.32868e-06
1.29829e-06
1.32041e-06
2.21622e-06
6.76646e-07
1.27428e-06
1.3482e-06
8.20056e-07
1.00274e-06
1.30658e-06
1.62369e-06
1.85739e-06
1.25613e-06
1.56499e-06
1.05212e-06
2.18376e-06
1.16536e-06
1.47894e-06
5.87651e-06
1.69828e-06
1.99588e-06
1.33959e-06
1.5053e-06
1.62464e-06
1.37825e-06
1.6916e-06
8.78947e-07
1.24954e-06
1.26721e-06
1.91436e-06
1.04222e-06
8.94073e-07
1.59318e-06
9.13624e-07
1.93453e-06
1.23153e-06
9.91314e-07
1.21994e-06
2.12713e-06
1.21689e-06
1.17609e-06
1.92811e-06
1.40748e-06
2.27382e-06
1.06085e-06
1.32041e-06
1.36363e-06
1.58286e-06
1.20118e-06
1.16638e-06
1.66586e-06
1.70242e-06
9.75007e-07
1.13768e-06
1.1379e-06
1.77032e-06
1.51189e-06
9.9622e-07
1.37033e-06
9.42547e-07
1.07852e-06
1.24615e-06
1.26462e-06
1.17407e-06
1.82034e-06
1.19541e-06
1.16402e-06
2.42834e-06
9.45525e-07
8.72888e-07
2.1914e-06
1.04712e-06
1.47334e-06
1.14466e-06
1.29029e-06
1.23886e-06
1.30269e-06
7.18414e-07
1.85665e-06
1.75088e-06
1.52889e-06
1.28051e-06
1.0437e-06
1.97612e-06
1.38149e-06
7.50865e-07
1.10263e-06
1.66723e-06
1.55858e-06
1.21585e-06
1.51944e-06
1.60914e-06
7.87814e-07
1.24883e-06
1.25456e-06
1.72767e-06
1.5731e-06
1.07832e-06
9.44747e-07
1.15298e-06
1.39152e-06
1.38727e-06
1.60078e-06
1.03207e-06
1.57503e-06
1.03877e-06
2.09128e-06
1.34143e-06
2.25116e-06
9.51727e-07
1.34252e-06
1.24878e-06
1.4535e-06
1.83741e-06
1.74425e-06
1.17697e-06
1.46433e-06
1.75739e-06
8.61679e-07
1.46234e-06
3.37448e-06
1.32097e-06
2.83038e-06
8.87859e-07
2.23483e-06
1.35358e-06
1.49437e-06
1.32801e-06
1.7768e-06
1.76067e-06
1.03239e-06
1.016e-06
1.49507e-06
1.29875e-06
2.1743e-06
1.74956e-06
1.09676e-06
8.81749e-07
1.39862e-06
1.56313e-06
1.24905e-06
1.06786e-06
1.73308e-06
1.4699e-06
2.97432e-06
1.29237e-06
1.90801e-06
1.15969e-06
8.948e-07
9.6015e-07
1.59999e-06
8.99223e-07
1.04265e-06
1.00126e-06
1.68383e-06
1.69319e-06
1.46522e-06
9.87611e-07
2.12781e-06
8.93435e-07
9.84847e-07
2.13957e-06
1.17293e-06
1.35669e-06
9.93854e-07
1.26162e-06
2.51301e-06
1.5504e-06
1.72603e-06
1.58044e-06
2.43999e-06
1.30349e-06
1.30231e-06
2.26943e-06
2.48944e-06
9.32007e-07
1.61715e-06
1.50505e-06
1.04937e-06
1.19977e-06
1.40787e-06
1.11205e-06
1.15082e-06
1.67905e-06
1.02024e-06
1.12122e-06
1.26984e-06
1.48816e-06
1.33128e-06
2.51932e-06
7.35503e-07
1.23001e-06
1.19452e-06
9.51142e-07
