3.46957
3.51991
3.3788
3.6397
3.31716
3.45966
3.32994
3.76094
3.7727
4.10726
3.61644
3.49729
3.59251
3.40669
3.74209
3.39828
3.89732
3.46466
3.61825
3.62679
3.57965
3.55636
3.48825
3.72559
3.88137
3.06884
3.38607
3.29949
4.08883
3.533
3.1942
3.75335
3.46312
3.72078
3.54186
3.314
3.24111
3.59059
4.00812
3.6
3.1661
3.51272
3.47431
3.2592
3.38419
3.56803
3.28756
3.61622
3.80635
3.98026
3.46747
3.54518
3.91169
3.44296
3.42853
4.30447
3.89783
3.60609
3.33421
3.93756
3.28895
3.53867
3.69126
4.37815
3.59063
3.75641
3.85266
3.53414
3.31877
3.61666
3.4647
3.64333
3.53079
4.1084
3.51844
3.33801
3.82996
3.79849
3.24577
3.13053
3.53263
4.09632
3.51683
3.77619
3.52135
3.487
3.73325
3.7835
3.7188
3.68489
3.47314
3.61407
3.60478
3.83378
3.65971
3.77622
3.33974
3.79361
3.64786
3.60021
3.3193
3.9083
3.5879
3.64923
3.70254
3.31049
3.58643
3.35584
3.55433
3.60832
3.65867
3.48478
3.79816
3.59581
3.5797
3.63664
3.94431
3.73304
3.27662
3.8645
3.52522
3.86322
3.62703
4.00967
3.80759
3.44439
4.2961
3.08717
4.14565
3.63576
3.69008
3.78069
3.69038
3.41195
3.72661
3.5169
3.74861
3.76137
3.75321
3.57241
3.73033
3.75797
3.68096
3.90555
3.7791
3.74548
3.47943
3.73619
3.59061
4.22653
3.54465
3.21561
3.87413
3.78321
4.0044
3.6698
3.79803
3.81298
3.65335
3.95019
3.74463
3.39507
3.49352
3.42703
3.75075
3.86148
4.921
3.9577
3.68132
3.61902
3.70515
3.93982
3.38889
3.52259
3.53064
3.42551
3.45894
3.79255
3.54495
4.24889
3.51128
3.40653
3.7623
3.21751
3.60453
3.71415
3.5708
3.41145
3.54927
3.38517
3.95677
3.58021
4.3962
3.54211
3.63677
3.61908
3.52485
3.56472
4.0304
3.74407
3.29944
3.4974
3.44956
3.81703
3.6476
3.93292
3.50989
3.93463
3.86607
3.6087
3.6729
3.56236
3.4639
3.65777
3.6857
3.68783
3.64464
3.73275
3.51384
4.0029
3.78955
3.79209
3.51863
3.57257
3.7376
3.21587
3.6412
4.12574
3.22122
4.50039
3.93801
3.79544
3.22964
3.341
3.68432
3.63942
3.20041
3.26434
3.3603
3.52505
3.19033
3.73167
3.69581
3.65327
3.50361
5.03863
3.4383
3.74256
3.57975
3.15399
3.28437
4.00318
3.40765
3.58423
3.81888
3.70124
3.16182
3.70448
3.60811
3.59073
3.26234
3.35038
3.44483
3.77153
3.66366
3.99143
3.65278
3.69427
3.52122
3.46205
4.354
3.2789
3.54344
3.66679
3.77366
3.42291
3.99517
3.5895
3.49199
3.59113
4.39753
3.47246
3.68603
3.75126
3.85352
3.64857
3.94191
3.94942
3.70928
4.59271
3.48543
3.47156
3.58517
3.91249
3.30874
3.79337
3.35051
3.13491
3.50419
3.72154
4.05888
4.3521
3.68613
3.52574
3.82728
3.20435
3.70604
3.52215
4.17067
3.56168
3.95663
3.65386
3.62057
3.44826
3.79732
3.45061
3.67528
3.54511
4.20934
3.23531
3.62379
3.91332
3.78979
3.55542
3.7196
3.52634
3.73372
3.84133
3.70056
3.25113
3.67281
4.23627
3.16122
3.65314
3.59837
3.15181
3.49373
3.47668
3.82291
3.97335
3.49128
3.49413
3.47022
3.53738
3.4645
3.7197
3.35599
3.29974
3.78006
3.46123
3.54615
3.56219
3.83061
3.54158
3.67095
3.66917
3.67525
3.60822
3.51737
3.49686
3.30301
3.36182
3.34125
3.91138
3.62688
3.91101
3.87164
3.65992
3.61738
3.77276
3.53453
4.33055
3.51498
3.45813
3.28554
3.47408
3.59985
3.48299
3.2538
3.6868
3.83776
4.07672
3.4214
4.22022
3.76238
3.53577
3.89037
3.51574
3.55895
3.28519
3.62022
3.91154
3.52285
3.69028
3.43046
3.66783
3.77491
3.78618
3.00631
2.99981
3.64463
3.45848
3.04545
3.33251
3.77325
3.88295
3.9797
3.90281
3.56481
3.61239
3.58051
3.61553
3.51543
3.9432
3.28563
3.54434
3.47192
3.77555
3.47584
3.52978
3.48315
3.70474
3.79931
3.24352
3.77751
3.49907
3.40916
3.38697
3.37026
3.61845
3.3058
3.91707
4.09143
3.70588
3.56057
4.27558
3.40962
3.84701
3.48155
3.39843
3.53072
3.44919
3.46305
3.77256
3.70685
3.29481
3.27412
3.42331
3.43807
3.61723
3.89217
3.83001
3.68068
3.67144
3.42709
3.8773
3.70251
3.85495
3.37277
4.28011
3.70613
3.82709
3.15205
3.76934
3.36726
3.76074
3.4395
3.44067
3.92879
3.69533
3.20839
4.14189
3.73092
3.52339
3.31252
3.31815
3.18239
3.51566
3.47318
3.87782
3.42231
3.44059
3.17887
3.49292
3.56182
3.5551
3.86466
3.38291
3.43577
3.87924
3.43301
3.54493
3.41749
3.50328
3.79926
3.52033
4.07202
3.64644
3.36482
3.56824
