4.02293
3.50419
3.61074
3.13739
3.32135
3.40079
3.82847
3.78282
4.09083
3.87711
3.89733
2.77801
3.29376
3.49633
4.00074
4.11394
3.37418
3.36301
4.17471
4.03513
3.35399
3.9337
3.72345
4.03084
2.49599
4.4282
4.20164
3.16098
3.63046
3.64069
4.0069
3.44797
4.01951
3.7515
3.66982
3.69152
3.50977
3.74769
4.55034
3.94015
3.65727
4.07291
3.31786
3.53059
3.41013
4.30998
3.52703
3.95252
3.92451
3.75179
3.82538
3.9589
3.72823
3.56998
3.44266
3.91898
3.54337
3.48377
3.15545
3.58469
4.0871
3.94999
4.12583
2.7863
3.71554
3.96171
3.5062
3.76773
4.45565
3.46828
4.5376
3.93609
2.85953
4.2352
3.28017
3.98074
4.37809
4.17049
3.23282
3.77949
3.96951
3.19867
4.07094
3.41675
3.85244
3.41978
3.30326
5.09707
3.79504
3.59217
4.5689
4.09277
3.71643
3.96093
4.06699
3.3465
3.76642
3.67751
3.45177
3.27137
3.46453
4.53207
3.24655
3.64772
3.33426
3.94436
3.44149
4.07922
4.22218
2.98265
3.68136
3.93154
3.16559
4.35021
3.12506
3.34409
3.96547
3.4709
3.77833
4.12712
3.4242
3.96208
3.37217
3.06685
3.67771
3.99384
3.17672
3.7281
3.74754
3.74229
3.53738
4.41376
3.7431
3.46879
4.26155
3.36934
3.93999
4.01473
3.41848
3.4312
3.41563
3.11582
3.46327
3.83792
4.06917
3.78186
3.95323
3.42742
4.84096
4.10569
3.64962
3.59792
4.17929
4.11137
3.80084
3.90536
3.69078
3.58897
3.54918
4.04193
3.42734
3.20472
4.14066
3.822
3.48663
4.05482
3.87369
3.57759
3.80943
3.31243
3.25935
3.62127
3.34173
4.34495
4.06849
3.28101
3.34821
4.52294
3.37669
3.43706
3.61901
3.67441
4.66186
3.48669
3.71376
3.66688
4.01389
3.64488
4.55931
3.80029
4.16509
3.19461
3.26776
3.37578
3.26064
4.01752
3.55908
3.97155
3.88097
3.52495
4.10558
3.53421
3.47683
4.30786
3.52553
3.12981
3.70994
4.15851
4.06778
3.67308
3.72406
4.07489
3.69096
3.42307
3.14136
3.64448
3.67437
4.43645
3.27575
4.60783
3.31517
3.15511
3.48832
3.94012
3.83786
3.91703
3.70228
3.31287
4.05066
3.87316
4.12261
3.74392
3.58848
3.04472
3.48627
4.2021
3.43628
3.18907
3.46164
3.68988
3.5512
4.34139
3.85046
3.1552
3.89638
4.10942
4.70611
4.11049
3.54978
3.33001
4.01843
3.5411
3.78536
3.98353
3.93429
4.08969
3.63104
4.00138
3.79353
3.7934
2.75295
3.54681
4.11627
3.97835
3.29504
3.7408
3.81322
4.19747
3.94404
3.98615
3.93636
4.58852
3.56255
3.25128
3.89099
3.20893
4.2022
3.39057
4.1002
3.42608
3.12493
3.41783
3.71165
3.50249
3.8306
4.09839
3.79088
4.34164
4.02136
3.5247
3.36266
3.14249
3.93631
3.50126
3.63905
3.3875
3.69483
3.8891
5.07303
3.95098
3.84209
3.55901
3.78664
3.15093
3.50199
3.57827
4.25118
3.81542
3.17009
4.22667
2.94216
3.42228
3.44451
3.09377
3.56843
3.4786
3.80887
4.16795
3.74116
3.84334
3.09797
4.07741
3.64083
3.73315
5.18987
4.30908
4.18456
3.4341
3.50259
3.94748
3.26155
4.36248
3.37112
3.58206
3.3445
4.17022
3.26754
3.37782
3.97869
3.1348
4.51343
3.7517
3.37546
3.5732
4.55146
3.72956
3.7121
4.23854
3.79435
4.011
3.40547
3.52305
3.32632
3.93616
3.69773
3.0383
4.16806
3.69001
3.28554
3.50862
3.40363
4.26187
4.04344
3.36896
4.00075
3.33614
3.36766
3.52214
3.52863
3.38927
3.51298
3.41746
3.02876
4.75981
2.98545
3.10724
4.76891
3.14963
3.7788
3.64664
3.58208
3.78884
3.40376
2.99896
4.47355
4.28373
3.67601
3.6429
3.26312
3.8989
3.52246
3.21272
3.62408
3.85005
3.9167
3.45866
3.92544
4.02017
3.0285
3.72143
3.76177
3.92653
3.5878
3.60625
3.44217
3.12931
4.02304
3.8019
3.83613
3.41684
3.84721
3.30927
4.20892
3.70776
4.71477
3.12751
3.44741
3.38965
3.93356
4.44781
3.81923
3.42773
4.05507
3.8165
3.15295
3.6162
5.09003
3.80527
4.77342
2.98767
4.76501
3.89508
3.98806
3.88284
3.72659
4.10561
3.45371
3.15087
3.92913
3.8715
4.58297
3.47518
3.57861
3.45703
4.02038
4.05834
3.28318
3.4438
3.65502
4.14366
4.16624
3.8392
4.17767
3.38319
3.28502
3.14885
3.87295
3.14779
3.43644
3.58636
4.20406
3.7671
3.94896
3.43984
3.71602
3.16005
3.14164
4.27115
3.35814
3.84969
3.19421
3.75459
4.97812
3.85276
4.15636
4.0569
4.97798
3.43859
3.69093
4.72155
4.08799
3.25562
4.02478
3.46109
3.43366
3.83215
4.00101
3.47181
3.5517
4.18443
3.37443
3.04
3.29432
4.32759
3.6873
4.43738
3.10866
3.4934
3.69098
3.27619
