5.93057
4.18264
5.47851
6.48133
4.53476
5.69339
6.32035
6.23191
6.72505
5.31008
6.82322
5.39096
5.48855
5.95663
6.47523
6.3722
5.77422
5.5555
4.9326
6.08755
6.34764
5.54751
5.54707
7.32287
7.79035
7.15175
7.48166
5.87022
6.89068
5.62277
5.42787
8.55456
5.0942
4.63397
7.56466
6.8423
8.15871
5.10437
4.63171
5.58207
6.22488
5.17097
6.77244
5.74202
4.5822
6.14686
7.17254
5.50227
9.75188
6.3727
7.16838
5.78932
6.62987
5.03777
9.11826
6.23486
6.66549
4.26117
8.18067
7.69066
7.23957
7.80049
7.71823
6.04159
5.73896
7.9715
8.62389
7.05547
6.97728
5.97385
7.5347
6.70169
5.66433
8.86696
4.24582
5.17424
4.4478
4.04675
5.17899
9.5325
8.82481
5.65375
4.51829
8.91141
4.86398
9.5733
8.24328
4.93253
7.80671
4.55807
7.43306
5.15857
4.64854
5.70492
7.3812
8.82959
6.69301
8.6704
6.60687
8.92101
5.81531
5.65454
9.65541
4.79932
6.31258
7.12665
7.13707
5.04099
8.43578
5.48719
5.55008
8.63462
8.38264
4.90088
4.92376
10.8188
5.12142
5.71702
8.65246
5.55571
6.02705
8.24506
7.07947
5.71167
6.15964
2.92841
5.39819
5.98955
5.54466
4.87231
8.49047
6.48372
5.52896
6.9822
7.14854
7.22797
6.4146
8.10972
5.1034
6.83103
7.03068
4.33559
7.48704
5.10921
6.69255
5.40407
6.89499
6.41987
6.92633
6.18231
5.10778
6.48287
6.42211
6.91202
5.98709
4.58902
5.5507
7.88545
5.52464
6.26622
5.35035
8.09464
7.0071
6.79853
5.84412
4.93013
6.15212
8.69855
5.18235
5.67131
10.2207
4.31543
5.06324
6.29159
8.68213
4.88952
5.71555
7.0967
7.44022
6.1779
6.00466
8.7869
4.57738
6.35849
7.05086
4.91345
4.99356
3.82422
5.67792
4.98689
7.84976
7.18051
7.29613
4.9706
4.76038
5.55018
8.18423
6.13108
6.6288
5.59418
5.83736
7.54073
6.91299
4.43093
6.13472
6.28736
5.31194
4.50115
5.59462
5.15075
8.56951
5.71232
7.46177
6.66236
7.49966
9.0165
4.74544
8.79815
7.24268
5.13946
7.30648
4.36207
6.4172
6.46043
6.29146
4.41976
8.26853
6.27635
5.16308
6.09182
5.4181
6.7349
6.3568
3.93398
5.61001
6.09644
7.43745
4.96879
6.07034
6.45234
6.37734
6.76558
6.62406
7.09758
5.95544
8.61226
5.50422
5.44088
7.51271
7.84938
8.5051
6.81458
5.28103
5.37179
5.74694
4.50956
8.58012
8.30862
4.60847
3.89899
7.86493
8.48892
5.16887
7.59018
7.83924
7.05903
5.69026
8.63851
7.57764
6.45545
5.61095
8.08952
4.4039
5.13724
4.81979
7.57092
4.13308
5.36826
6.20116
5.22684
5.54822
8.0449
6.88216
7.41
7.91255
5.42902
5.0546
6.08486
7.18502
7.00724
9.05028
4.22628
3.91326
7.3461
8.39767
4.31929
3.95749
8.71787
7.47465
4.29049
6.24793
6.60861
6.67146
7.21852
7.61976
6.43473
5.7328
7.86847
3.88593
7.78515
7.25729
7.72278
5.30942
5.43362
5.34214
8.48827
7.96619
7.79592
6.52356
6.37899
7.32893
6.12483
3.55721
5.48816
5.411
7.5439
5.88097
7.8871
7.03526
6.04195
3.84881
6.03404
7.7732
5.71327
10.3767
6.07267
6.05387
6.20114
6.3402
9.16206
5.33941
6.61424
9.65769
6.03873
6.95761
6.60072
6.38583
5.3585
10.2408
8.9521
6.31277
7.3163
7.04093
11.734
5.52441
6.01638
9.53374
5.74193
6.70552
8.62704
5.8107
6.8457
4.90326
6.18757
7.77257
6.38095
5.94069
5.95542
6.79814
7.91458
5.84074
4.99695
6.16926
6.38813
6.41883
5.08495
8.52656
5.99095
5.09404
7.69093
5.98959
7.31017
7.46462
8.20863
6.9174
7.44736
5.42342
3.94435
5.96858
5.62521
7.22499
6.02203
7.59536
5.27246
4.53604
3.88966
4.39745
5.59564
7.48528
5.63674
7.47838
6.99158
5.54586
5.68217
3.71599
6.97862
4.13009
7.33748
5.76546
4.26897
8.6706
8.58311
7.81255
8.05717
8.35903
9.62074
5.99594
5.15029
8.43718
7.08106
6.10927
4.35487
8.29732
6.59855
6.49585
7.43789
9.11492
5.8396
5.40228
5.48874
5.60781
6.59084
5.36263
5.50692
8.61587
5.49863
5.81335
6.28693
5.89429
6.70209
6.26106
5.84496
5.22767
5.2577
8.42385
5.38311
5.67752
6.56124
4.19178
4.90449
5.7462
8.34273
5.30616
7.30105
12.9098
4.93428
4.96985
6.10409
4.81951
5.03854
11.6034
5.99008
4.43791
7.11018
6.61028
5.89558
10.463
5.1886
6.52806
5.81814
8.93334
3.95219
4.64542
6.93842
5.71598
4.02387
6.31817
5.9428
7.72014
6.55258
3.68011
5.43212
4.98146
6.89894
5.50925
5.63216
7.74786
9.78473
8.83059
6.34914
6.43393
4.81434
5.70677
5.12659
6.08882
9.26033
5.16246
4.96391
5.69327
5.02023
