4.06273
3.97269
3.44776
4.1078
3.9571
3.65373
4.3885
3.7182
3.95535
4.73819
4.322
4.32938
3.90301
3.51358
4.19617
3.90267
3.89462
3.35622
3.71229
3.61884
3.53232
3.894
3.86444
3.93655
4.15589
3.81856
4.19829
3.76991
4.37315
4.3685
3.51583
4.58528
4.45165
3.93059
4.35227
3.8974
3.79705
3.83895
3.75684
3.92901
4.07511
3.66297
3.34791
4.09007
3.61368
4.17369
3.82317
4.76086
3.86648
4.42886
4.13061
4.15446
3.44259
4.14366
4.75145
3.85926
3.83346
3.44909
4.07159
3.96412
3.90695
3.84842
3.92623
4.71124
3.98434
4.40818
4.26323
4.0113
4.41662
4.19597
3.8257
4.16118
3.51344
4.34173
3.79116
3.87923
4.12243
4.38304
5.52488
3.71793
3.73088
4.01738
4.71548
4.10078
3.70677
4.01011
4.09581
4.15105
4.29932
3.79113
3.72315
4.22692
3.96024
4.47553
3.88062
3.84185
4.20258
4.12783
3.88845
3.96933
3.58005
4.60069
4.27687
4.26902
3.59939
4.03464
4.38953
3.75589
4.50978
4.04753
4.03631
3.69828
4.03992
4.00455
3.78191
4.06516
3.7557
3.54126
5.13466
3.88527
4.84282
3.6585
4.11658
3.6337
4.67842
4.24275
4.50299
4.30906
4.35176
3.65061
3.8207
4.60025
3.9515
4.23286
4.01045
3.93556
4.77868
3.82196
4.27337
3.59189
3.58498
3.77124
3.96225
4.09303
4.14293
3.98865
4.03893
4.09321
3.67645
3.97498
3.82247
4.00319
3.8313
4.17036
4.36305
3.63407
3.66987
3.62505
3.73312
4.38649
3.46366
4.46063
4.30487
3.68601
3.5291
3.37152
3.95177
4.11575
3.72435
4.07027
4.50373
3.52637
3.52898
4.26201
4.13412
4.03168
4.20809
3.91431
3.98249
4.04661
4.07466
4.8477
3.89078
3.76808
4.03802
5.18858
4.48209
4.75179
3.68844
4.08153
4.17364
3.86182
3.91082
4.00274
5.64958
3.75615
4.02593
3.82174
4.04971
3.90195
3.59663
4.43601
3.8707
3.79444
4.09295
4.21702
3.77665
3.806
4.01785
3.86266
3.91807
3.78884
3.86899
3.73619
4.4198
5.02546
3.90435
3.7903
3.10668
3.98924
3.66523
4.09441
3.63489
3.98219
4.11786
4.55524
4.08621
3.86452
4.04668
4.47981
4.04382
3.53188
3.91721
3.50146
4.49628
4.10372
4.03106
4.00071
3.75739
3.54902
4.5956
4.98412
3.62825
3.7019
4.35914
3.90759
4.0987
4.11055
4.23363
3.91045
4.04507
3.55118
3.90448
4.36841
3.7482
4.36754
4.09315
4.1192
4.08161
3.81928
4.17311
3.8829
3.86166
4.96836
4.15725
4.31901
3.55226
4.07415
3.93597
3.718
4.3306
3.99442
4.2027
3.875
3.78088
4.86227
3.74816
4.06517
3.39896
3.69575
3.71846
4.39036
3.36432
3.90032
4.6733
4.04362
4.03998
3.68184
3.72702
3.61665
4.08769
3.71339
4.16899
4.10291
3.9253
3.60149
3.82877
4.33512
4.51443
3.32726
3.91182
4.97508
3.73262
3.72218
3.99161
4.11128
4.68988
4.39896
3.87848
4.50408
4.10536
4.51695
4.41087
4.31914
4.17048
3.97026
4.46952
3.90725
3.71217
3.95393
4.00889
3.6677
3.97067
3.84159
3.70336
3.45565
4.08196
3.73114
4.07153
4.16127
3.96364
4.18098
4.26208
3.43957
3.96179
3.94105
3.9373
3.87019
3.4773
3.41426
4.17566
5.29355
3.72595
3.99305
3.83801
4.23288
3.83295
4.04948
3.57272
3.8443
3.82636
4.50766
4.19148
3.83464
3.9332
4.03971
3.83133
3.88765
5.15542
3.79017
4.15884
4.6222
4.20688
3.72342
4.32253
4.3386
3.77421
3.84151
3.98196
4.85862
3.60496
3.93038
3.99164
4.34965
4.49298
3.57672
3.64399
4.25908
4.33492
3.63542
3.82369
4.21971
3.81621
4.21841
3.66013
3.73051
4.05661
3.90688
4.47348
4.49548
3.61808
3.70594
4.92772
3.33943
3.88653
3.73178
4.06037
3.67563
3.79849
4.23164
3.71734
3.91218
4.30239
4.00558
3.92647
3.55776
3.99315
3.5215
4.18877
3.44631
4.32483
4.09865
4.08284
4.09963
3.9768
3.96465
3.86141
3.77123
4.14162
4.06457
4.8009
4.07482
4.45572
3.97848
4.07489
4.18442
3.99393
4.46111
4.18674
3.67821
3.43985
4.06472
4.03664
3.73367
3.91448
3.97874
3.77127
3.91997
3.95651
4.72614
3.89569
3.79641
4.31788
3.8914
3.64823
4.09248
4.22883
4.3139
4.09887
3.72946
4.23474
4.07828
3.78907
3.77874
4.64049
4.28849
4.00249
3.62249
4.51958
3.98149
3.59517
3.83126
4.39433
4.33952
3.69597
4.12637
4.35159
4.01103
5.00036
3.62546
3.90935
3.49849
4.05657
4.18604
3.5257
4.2923
4.07903
3.90487
3.90986
4.01929
3.51258
4.10566
4.02939
3.84554
4.5228
4.42013
4.65548
4.26212
3.87764
4.45912
3.57287
3.55559
4.75507
4.18472
4.02911
3.63962
4.02693
3.95332
3.83584
4.17071
