2.38507
2.29103
2.3017
2.4445
2.21942
2.32605
2.19884
2.56571
2.47857
2.60325
2.31091
2.34974
2.27223
2.34256
2.38536
2.18754
2.50937
2.32574
2.4263
2.41811
2.43748
2.32053
2.30927
2.42846
2.60141
2.03324
2.33863
2.12879
2.62087
2.36256
2.17958
2.4624
2.32976
2.49779
2.36732
2.19073
2.14402
2.45539
2.59
2.55979
2.11464
2.30429
2.29347
2.22247
2.13204
2.39963
2.18862
2.29104
2.5279
2.52202
2.23724
2.46322
2.65222
2.30377
2.31842
2.8417
2.6494
2.42687
2.21724
2.66747
2.14039
2.31354
2.37867
2.60267
2.43895
2.47589
2.57874
2.43119
2.27215
2.41389
2.24303
2.49084
2.3023
2.74262
2.37082
2.2414
2.58463
2.4725
2.16731
2.06596
2.38055
2.78012
2.34708
2.45752
2.24428
2.31368
2.48131
2.48542
2.48892
2.41719
2.23356
2.4839
2.36776
2.5869
2.44154
2.46322
2.21296
2.53382
2.40004
2.38574
2.23749
2.6682
2.32136
2.44599
2.32342
2.22348
2.45175
2.20795
2.42136
2.4485
2.4335
2.2983
2.50078
2.33935
2.38076
2.3737
2.78041
2.34891
2.17103
2.60958
2.34317
2.56631
2.26546
2.68672
2.42082
2.30163
2.8433
2.06048
2.71922
2.3671
2.40164
2.50932
2.51829
2.28612
2.52437
2.40416
2.55185
2.54045
2.4747
2.38655
2.45399
2.48323
2.49379
2.57469
2.48424
2.46253
2.47531
2.4855
2.30413
2.66552
2.38345
2.17351
2.61266
2.40406
2.55828
2.54997
2.3464
2.53207
2.46484
2.56684
2.47592
2.20341
2.31522
2.31426
2.53424
2.49688
3.15542
2.59155
2.39503
2.41601
2.4606
2.48838
2.31423
2.41179
2.1683
2.25718
2.33301
2.62251
2.37271
2.78455
2.3389
2.19369
2.49546
2.15379
2.39939
2.4994
2.38266
2.30088
2.29444
2.1601
2.50082
2.30638
2.80217
2.43596
2.43528
2.42937
2.33069
2.37465
2.57436
2.40654
2.19078
2.48413
2.27883
2.54448
2.50726
2.60266
2.39213
2.42338
2.5303
2.46851
2.38151
2.37944
2.34218
2.43284
2.38166
2.42889
2.2893
2.60615
2.36223
2.59695
2.24155
2.53989
2.30971
2.53204
2.54665
2.07207
2.48278
2.78187
2.09323
2.79359
2.50827
2.58469
2.17589
2.18282
2.31795
2.34508
2.16545
2.08878
2.23588
2.34095
2.08007
2.51619
2.24574
2.38846
2.40457
2.4222
2.1759
2.55662
2.37162
2.1351
2.16609
2.56728
2.23235
2.42214
2.53945
2.53669
2.10698
2.42021
2.40455
2.36103
2.20232
2.21142
2.30615
2.45757
2.36838
2.54025
2.46973
2.52337
2.29344
2.32633
2.73263
2.15391
2.26173
2.21542
2.48599
2.27936
2.60102
2.41715
2.29735
2.40121
2.93994
2.19892
2.5861
2.5389
2.51038
2.30665
2.69208
2.56567
2.47796
2.77287
2.34124
2.23546
2.46039
2.53984
2.25102
2.55765
2.24319
2.06651
2.32194
2.52428
2.64616
2.64756
2.4111
2.38936
2.55135
2.21538
2.39643
2.24366
2.66925
2.27182
2.46566
2.25168
2.28133
2.32922
2.41983
2.31423
2.46385
2.24709
2.72388
2.0334
2.2502
2.54068
2.39094
2.34771
2.46578
2.35309
2.445
2.5054
2.37451
2.15054
2.47742
2.72062
2.03249
2.3927
2.37909
2.20181
2.29425
2.40726
2.56641
2.58054
2.37006
2.40516
2.27822
2.39606
2.35593
2.47977
2.13305
2.23625
2.49278
2.38281
2.29633
2.26644
2.36822
2.46319
2.46482
2.33357
2.43828
2.38023
2.38816
2.33602
2.22757
2.22387
2.34544
2.40426
2.35633
2.53333
2.45894
2.42509
2.39136
2.47958
2.28154
2.87751
2.33202
2.31772
2.19137
2.27735
2.39456
2.30113
2.12574
2.55179
2.68691
2.71849
2.32654
2.61252
2.55536
2.44669
2.49672
2.3021
2.40692
2.22608
2.40677
2.46219
2.32982
2.47993
2.24928
2.47059
2.49743
2.54816
2.01701
2.00279
2.4718
2.30047
2.07564
2.22028
2.43967
2.50461
2.63099
2.47539
2.45021
2.44556
2.45092
2.31468
2.34093
2.51468
2.27524
2.30697
2.35075
2.45092
2.38044
2.33665
2.3331
2.48352
2.54337
2.18101
2.38702
2.36733
2.26951
2.29975
2.22257
2.34296
2.24289
2.53033
2.70642
2.43766
2.43617
2.64369
2.1503
2.55274
2.33328
2.31454
2.33267
2.27911
2.36539
2.30542
2.44691
2.2572
2.23194
2.31977
2.26158
2.51082
2.58212
2.61876
2.48884
2.21482
2.35716
2.53304
2.4425
2.57571
2.26029
2.77718
2.41178
2.50572
2.09811
2.505
2.23134
2.54294
2.19364
2.265
2.50592
2.43556
2.1422
2.7813
2.39581
2.32433
2.24272
2.18617
2.11442
2.43198
2.39001
2.51252
2.31143
2.27677
2.12148
2.27197
2.33404
2.41701
2.5318
2.24177
2.31348
2.56442
2.33908
2.44267
2.30158
2.27292
2.40333
2.33417
2.58625
2.40812
2.34714
2.35333
