3.73895
3.80774
3.62496
3.90298
3.58505
3.71307
3.60244
4.02618
4.093
4.51883
4.07788
3.76494
3.96001
3.65273
4.05896
3.71201
4.21239
3.72795
3.88229
3.88608
3.85018
3.82638
3.74414
4.01909
4.17128
3.30146
3.61104
3.56689
4.44625
3.78429
3.41795
4.03487
3.71196
3.9864
3.8009
3.56708
3.50767
3.85871
4.40705
3.82171
3.41118
3.82969
3.75665
3.49563
3.74334
3.83396
3.5224
3.94457
4.08302
4.34431
3.73958
3.78721
4.18337
3.70017
3.71187
4.65989
4.17768
3.8526
3.58426
4.21542
3.59869
3.79937
4.00792
4.87003
3.85281
4.07053
4.13782
3.79445
3.55253
3.90423
3.75782
3.9019
3.82654
4.43349
3.78692
3.61355
4.10968
4.09568
3.49607
3.37579
3.80213
4.3963
3.79358
4.09391
3.80929
3.74923
4.04056
4.11266
4.00304
3.99824
3.76473
3.8743
3.91277
4.11049
3.92669
4.21013
3.63966
4.11696
3.92295
3.89968
3.56015
4.20642
3.86686
3.93867
4.03377
3.5421
3.83597
3.62267
3.80725
3.87591
3.92847
3.75638
4.1198
3.88884
3.88686
3.93958
4.21568
4.12478
3.52313
4.15241
3.7923
4.16637
3.97883
4.30349
4.23533
3.71808
4.6226
3.3116
4.47699
3.9148
3.99558
4.05222
3.95117
3.66492
3.98722
3.75522
4.0254
4.03119
4.04035
3.82818
4.05196
4.04502
3.93761
4.2073
4.10541
4.04619
3.69252
4.05515
3.92283
4.60953
3.80224
3.43909
4.15708
4.10452
4.39548
3.91062
4.14578
4.10792
3.9257
4.30753
4.04096
3.6633
3.77276
3.67488
4.02657
4.16218
5.30864
4.28371
3.99674
3.91197
4.02797
4.26925
3.64209
3.78735
3.85427
3.7074
3.71531
4.0682
3.79805
4.57018
3.78282
3.71024
4.05102
3.45328
3.874
3.98905
3.8343
3.66099
3.88242
3.68731
4.30349
3.916
4.76159
3.79101
3.89639
3.91716
3.76684
3.83283
4.39182
4.06401
3.53958
3.70446
3.7047
4.11235
3.9077
4.22101
3.75929
4.7083
4.19492
3.86905
3.98027
3.84179
3.72315
3.93671
3.98021
3.97708
3.97379
3.98341
3.78605
4.33231
4.21373
4.09258
3.81086
3.80696
4.00528
3.4985
3.90274
4.4319
3.49133
4.99897
4.25635
4.09024
3.53655
3.61985
4.0276
3.93425
3.45283
3.53335
3.63027
3.80469
3.46317
3.99034
4.17853
3.96097
3.75081
6.32748
3.72675
4.00126
3.83728
3.38618
3.5364
4.33109
3.71746
3.83668
4.13327
3.95624
3.38457
3.99849
3.89173
3.85342
3.50218
3.62084
3.68705
4.06403
3.97841
4.35779
3.95293
3.94482
3.87974
3.72207
4.72727
3.53828
4.02198
4.06107
4.08539
3.67951
4.33103
3.88573
3.76021
3.86442
4.71328
3.77643
3.92693
4.02677
4.21564
4.07293
4.22899
4.27735
3.99569
5.02492
3.76574
3.78062
3.84254
4.21397
3.53611
4.07049
3.62323
3.38569
3.7624
3.97652
4.43003
4.78582
4.00492
3.79531
4.11846
3.42147
4.01332
3.81116
4.48146
3.87803
4.29966
4.05559
3.93212
3.69653
4.10172
3.70409
3.95316
3.86336
4.52801
3.65181
3.96433
4.22672
4.15393
3.82682
4.00654
3.78147
4.03796
4.13087
4.02978
3.49098
3.94607
4.57931
3.43451
3.96735
3.91255
3.35894
3.76359
3.71176
4.15743
4.28513
3.74064
3.73152
3.74471
3.81352
3.71526
3.98867
3.67093
3.55836
4.07464
3.70411
3.86165
3.87905
4.23084
3.7702
3.93209
4.03739
3.9436
3.94267
3.79395
3.76396
3.54847
3.60647
3.55605
4.26051
3.93065
4.27546
4.2029
3.94738
3.91105
4.05915
3.82399
4.65813
3.8135
3.71493
3.53784
3.76063
3.86881
3.75095
3.51744
3.94965
4.08368
4.39861
3.66405
4.6385
4.02862
3.77305
4.20145
3.79389
3.81457
3.52186
3.90498
4.25801
3.80595
3.97965
3.68677
3.94713
4.06468
4.06828
3.23212
3.22687
3.91147
3.71999
3.25738
3.57696
4.08527
4.20418
4.29337
4.26364
3.81141
3.86219
3.83953
3.92576
3.78639
4.31079
3.5122
3.83181
3.71678
4.07278
3.72005
3.80861
3.74867
3.98809
4.08494
3.48662
4.1166
3.74331
3.67041
3.63328
3.61386
3.96216
3.53179
4.29254
4.37667
3.99134
3.83454
4.67833
3.73541
4.13234
3.75946
3.64064
3.80955
3.71291
3.72389
4.18298
3.99501
3.5336
3.5125
3.68378
3.71012
3.85724
4.19992
4.10324
3.97612
4.03986
3.66015
4.22499
4.00328
4.13659
3.61332
4.63093
4.00692
4.14733
3.40146
4.0608
3.65643
4.03127
3.72012
3.77386
4.27855
4.008
3.46595
4.4907
4.06603
3.79115
3.56184
3.56112
3.431
3.76354
3.7248
4.20371
3.69208
3.71133
3.41526
3.78678
3.83985
3.81518
4.17879
3.64694
3.67854
4.17906
3.67191
3.80405
3.6741
3.79191
4.12354
3.79492
4.43279
3.93024
3.589
3.83607
