3.43746
3.38603
3.01451
3.52266
3.38389
3.17885
3.75346
3.11616
3.35365
4.00481
3.58518
3.68109
3.36813
2.98929
3.60821
3.31805
3.37191
2.90435
3.12802
3.09957
3.04626
3.34676
3.19391
3.28062
3.52844
3.21103
3.67258
3.20431
3.83436
3.75739
3.00275
3.87884
3.77321
3.36554
3.7098
3.33792
3.28704
3.25153
3.30038
3.381
3.41152
3.19762
2.8361
3.43014
3.03187
3.54048
3.34702
3.5773
3.34874
3.83539
3.48137
3.55865
2.99257
3.48543
3.96956
3.30833
3.25809
3.01488
3.52012
3.43043
3.34384
3.28382
3.33381
4.03594
3.40821
3.6894
3.52871
3.42958
3.63073
3.52927
3.28535
3.47213
3.04081
3.64409
3.16567
3.26901
3.52051
3.26985
4.19959
3.12341
3.21917
3.36607
3.7698
3.53517
3.21174
3.4405
3.43895
3.51063
3.68027
3.23696
3.13331
3.56417
3.41003
3.83027
3.30444
3.24168
3.49636
3.42852
3.34688
3.3956
3.06035
3.88284
3.62915
3.54355
3.0505
3.45939
3.72589
3.09634
3.81224
3.42472
3.39512
3.17479
3.46562
3.45975
3.22917
3.42222
3.23059
3.04668
4.44129
3.33877
3.89048
3.17244
3.5608
3.1245
4.01075
3.66056
3.95658
3.72874
3.7283
3.09368
3.26534
3.81076
3.4143
3.69131
3.34477
3.31823
3.56082
3.29138
3.61771
3.12621
3.06327
3.25477
3.33867
3.47213
3.60696
3.23998
3.47997
3.48579
3.1695
3.40727
3.23922
3.35907
3.29271
3.60434
3.70407
3.068
3.19489
3.08686
3.25633
3.60425
2.97263
3.78728
3.41609
3.17712
3.04752
2.92726
3.38504
3.54067
3.18409
3.39806
3.86463
3.03713
3.03138
3.56039
3.47408
3.48898
3.56503
3.35834
3.32523
3.37976
3.51687
4.12557
3.32088
3.15428
3.41135
4.24873
3.76217
3.86314
3.15282
3.50892
3.55665
3.33229
3.33607
3.40621
3.67077
3.26594
3.19383
3.05966
3.49935
3.23103
3.09997
3.69326
3.30692
3.26597
3.55627
3.35231
3.30263
3.24407
3.47497
3.23999
3.38725
3.31382
3.33654
3.15139
3.82477
4.11082
3.25488
3.33216
2.64687
3.44017
3.18717
3.49134
3.05821
3.3395
3.44036
3.7602
3.47605
3.26017
3.41342
3.76555
3.54527
3.0372
3.37431
3.04834
3.58406
3.38593
3.50045
3.34013
3.20714
3.05664
3.66373
4.22939
3.09008
3.12975
3.70236
3.26421
3.50439
3.50378
3.49004
3.31057
3.4065
3.08644
3.1594
3.63937
3.2137
3.75515
3.53157
3.51952
3.32122
3.31827
3.62709
3.36403
3.34873
4.10848
3.48917
3.53366
3.0656
3.50431
3.33337
3.17075
3.60107
3.37466
3.5666
3.31224
3.24151
4.08298
3.24843
3.48761
2.8886
3.14067
3.18357
3.84368
2.90829
3.26317
4.03921
3.43491
3.48239
3.15105
3.22183
3.12845
3.51589
3.17495
3.6848
3.54864
3.39364
3.11302
3.316
3.55305
3.83499
2.86865
3.3423
3.85336
3.2017
3.1062
3.43967
3.47822
3.7852
3.68453
3.32225
3.79061
3.49034
3.76742
3.80983
3.68502
3.65933
3.32526
3.58553
3.28661
3.15172
3.33433
3.48894
3.17294
3.42497
3.29441
3.21141
2.95602
3.55685
3.29266
3.47138
3.50167
3.40615
3.57981
3.66711
2.94869
3.47542
3.37594
3.3529
3.30597
2.87814
2.90744
3.5574
3.59073
3.22634
3.42695
3.31997
3.62047
3.29613
3.40514
3.08761
3.28837
3.27004
3.77456
3.57729
3.28411
3.45053
3.42626
3.27419
3.36099
3.93711
3.18025
3.51728
3.99269
3.52395
3.20678
3.68914
3.74846
3.25801
3.20732
3.33563
3.95107
3.10922
3.37026
3.44893
3.76755
3.53588
3.09028
3.06402
3.54451
3.63695
3.12521
3.31119
3.6377
3.04868
3.57763
3.17948
3.2608
3.40058
3.23249
3.37627
3.90349
3.05807
3.17805
4.00552
2.89928
3.32334
3.26296
3.50347
3.146
3.24973
3.62946
3.21295
3.35447
3.6462
3.45626
3.3244
3.02522
3.46632
3.01114
3.46195
2.94782
3.69482
3.56266
3.37349
3.50823
3.42482
3.42764
3.29513
3.18645
3.53236
3.48922
3.87783
3.43684
3.93296
3.45121
3.52416
3.61217
3.44119
3.70801
3.34433
3.0731
2.94138
3.5047
3.45196
3.25141
3.29498
3.45455
3.24862
3.33319
3.3838
4.06269
3.35241
3.29127
3.66683
3.3268
3.15919
3.44444
3.59958
3.62566
3.53289
3.17868
3.46958
3.42942
3.30494
3.23743
3.60918
3.60203
3.41891
3.10347
3.83313
3.48224
3.09744
3.23789
3.78709
3.5834
3.16569
3.52175
3.69419
3.42292
3.76529
3.12327
3.37255
2.98342
3.52403
3.63278
3.0823
3.51397
3.44488
3.28837
3.3968
3.46838
3.02152
3.51463
3.50447
3.32219
3.82979
3.74799
4.04471
3.35216
3.30905
3.80463
3.05828
3.114
3.90881
3.51597
3.37362
3.16302
3.32603
3.4081
3.32286
3.52411
