4.19346
2.50622
3.64822
4.78953
2.9702
4.00833
4.69654
4.46805
4.66031
3.82838
4.8388
3.20892
3.85211
3.82707
3.95257
4.71541
3.73393
3.89706
3.04967
4.21943
4.3726
3.76732
4.37233
4.79846
5.60017
4.25652
4.01067
4.39528
5.06333
4.2377
3.56211
5.44204
3.0941
2.54533
4.82013
5.02698
4.64731
3.47957
2.64761
3.82989
4.41973
3.22485
4.90346
3.4182
2.98804
4.50382
4.51923
3.9011
6.44105
4.50119
4.59132
4.11352
4.45643
3.54516
5.12886
4.66814
4.89571
2.78157
4.65508
4.78033
5.01313
4.32528
5.78581
4.36643
4.30584
5.31705
5.1801
4.98389
4.63887
4.14115
4.83456
4.59326
3.21297
5.30934
2.94927
3.33541
2.98588
2.61131
2.99436
6.07533
6.07286
4.24025
2.86791
6.05022
3.30555
6.24105
4.83288
3.2465
5.40655
2.76217
5.1373
3.54335
3.008
3.97144
4.70209
6.58179
4.07558
6.08856
4.66032
5.4187
4.18299
3.85582
5.79005
3.10985
4.2088
4.56013
4.6655
3.47153
5.67494
3.53527
3.65542
4.48624
4.86239
3.14194
3.14816
7.30735
3.60872
3.82292
5.31503
4.03546
4.30761
5.18291
4.40056
4.02017
4.29581
2.00292
3.61755
3.88871
3.93114
3.52683
6.17316
4.67743
3.68047
3.90393
5.047
5.08443
4.25785
4.49751
3.33861
4.45205
4.46099
2.8513
4.29437
3.35583
4.83121
3.86173
5.15888
4.73005
4.81101
4.0952
2.81902
4.63158
4.44578
4.49681
4.29209
2.77098
3.42957
5.10622
3.91393
4.09662
3.59704
5.94618
5.4881
4.67065
3.46488
3.63831
4.57571
5.26802
3.30802
3.55884
8.20791
2.85112
3.35491
4.26106
5.05967
3.1879
3.85289
5.10658
5.61184
4.05622
3.86529
5.15388
2.82096
4.54855
4.85567
3.10677
2.91146
2.76101
3.60428
3.60743
4.70942
4.75563
4.23283
3.2344
3.15622
3.65848
5.79847
3.56451
4.76945
3.81093
4.21453
5.183
5.39694
2.8699
2.94276
4.91955
3.78638
2.90285
3.82696
3.3633
5.43348
3.71938
5.19115
4.04519
4.19658
6.25045
3.00764
5.4305
5.12318
3.19939
4.89326
2.89016
3.12155
4.2498
4.36861
2.92434
6.17611
4.39826
3.63991
4.07119
3.5309
4.69321
3.68062
2.49936
3.03415
4.59787
4.40868
3.12568
4.32761
4.25549
4.8501
4.83656
4.76057
4.84605
3.96137
5.79515
4.02073
3.71647
4.75727
6.0609
6.17393
4.9484
3.56171
3.68465
3.97082
3.143
4.73079
5.29825
3.16019
2.59469
4.61831
5.15946
3.01869
4.35065
5.00671
4.4462
4.08693
6.23781
4.19862
4.37822
3.72737
4.81842
2.98585
3.51334
3.3441
4.81637
2.6998
3.85493
4.51609
3.3024
3.96067
4.4137
4.28161
4.4771
4.16414
2.68808
3.10112
4.02486
4.13316
4.54856
5.62245
2.60699
2.12407
5.29917
6.70809
2.89013
2.55272
5.54462
5.48952
2.84599
4.31835
4.38943
3.6406
3.75089
5.61182
4.91767
4.05696
5.77682
2.43276
5.07068
5.11335
5.45656
3.54405
3.54807
3.83645
4.60354
6.32559
4.07156
3.99883
4.21213
5.3606
4.24058
2.37839
4.1331
3.27798
4.4224
3.72695
5.5614
4.99442
4.48453
2.29917
3.57241
4.80019
3.98997
7.30764
4.49009
3.31612
4.31207
4.65024
5.46932
3.14933
4.34556
5.28663
4.49913
5.00265
4.5517
4.09407
3.9283
6.32608
6.42441
4.44652
4.53993
4.75078
8.39356
3.9419
4.3878
6.45159
4.10192
4.49789
5.82804
4.25661
4.51332
3.22236
4.21434
5.8427
3.8461
4.26366
3.95739
4.40625
5.62772
3.59527
3.14468
3.64309
4.81186
4.47696
3.07236
4.81997
4.36595
2.96937
4.64474
4.18044
4.62201
5.19434
4.58944
4.94438
5.46654
2.98416
2.63725
4.01639
3.88368
4.53214
4.38922
3.98834
3.71624
2.79355
2.64228
2.90153
3.6962
5.15146
3.77128
4.89797
4.74723
3.82943
4.15143
2.44131
4.90899
2.69519
4.70665
3.6308
2.5694
5.29701
5.34383
5.25485
5.23769
5.99941
6.14406
4.35694
3.57097
6.46479
5.29576
4.28143
2.93586
6.42061
4.86916
4.45064
5.59617
5.92925
4.03376
3.46632
3.8626
3.91333
4.6741
3.79166
3.56577
5.63346
3.69624
4.12652
4.18369
3.84619
4.51012
4.55729
4.14638
3.77424
3.57122
5.1904
3.65515
3.5337
4.44715
2.92868
3.39973
3.16583
5.118
3.38493
4.52326
9.3127
3.44053
2.69727
4.28005
3.07764
3.23876
7.91732
4.17354
2.59524
5.15294
4.7213
4.04927
7.05295
3.46432
4.10058
4.18339
5.19772
2.08578
3.29391
4.44928
4.14256
2.61716
4.43521
4.17794
4.3549
4.76343
2.55084
3.76376
3.24949
4.61938
3.50501
3.45223
5.95117
6.59857
5.13443
4.61537
4.64318
2.90334
4.0034
3.42855
4.03458
5.71479
3.64067
3.09167
3.6322
3.15443
