2.63802
2.63089
2.78131
3.0278
2.6603
2.81964
2.7918
2.78468
2.72266
2.90546
2.68033
2.73776
3.1329
3.1741
3.37209
2.86149
2.68615
2.94775
3.29912
2.60971
2.6531
2.62947
2.95578
2.99918
2.65109
2.92183
2.88073
3.04208
3.06812
2.94959
2.77352
3.322
2.75674
3.07597
2.88592
3.01473
2.96638
2.72806
3.11662
3.20057
2.66955
2.67348
2.75707
2.7205
2.6891
2.82582
2.84469
2.86876
2.75167
2.93729
2.81221
2.85651
2.71216
2.92422
2.95703
2.79028
2.6588
2.57383
2.64933
2.60245
2.70463
2.77778
2.75374
2.71746
3.0394
2.79094
2.96314
3.1663
3.23964
2.60481
2.85654
2.80797
2.58951
2.72979
2.71059
2.81458
3.23201
3.49459
2.55415
2.78357
2.83103
2.67047
2.82329
2.78001
2.93724
3.11367
2.68102
2.77079
2.84388
2.75304
3.07445
2.90737
3.0436
3.00289
2.96281
2.73691
2.75829
2.74228
2.51987
2.80615
2.86915
3.0815
2.63769
3.02088
2.90736
3.14292
2.79758
2.83207
2.92687
2.92941
2.98354
2.86423
2.86722
2.99203
2.77975
2.912
2.60914
2.82407
2.91251
3.10951
3.37934
3.08279
3.13492
2.84305
3.03149
2.69885
2.6807
2.84135
2.91367
2.76844
3.00846
2.79566
2.83705
2.55037
2.72238
2.73054
2.90497
2.65551
2.86367
2.87343
3.12406
2.94218
2.72374
2.84525
2.78657
2.51774
2.55909
2.57924
2.79681
2.70812
3.04611
2.89302
2.76314
2.73285
2.8164
2.75637
2.74253
2.76949
3.00696
2.90202
2.93469
2.78287
3.11257
2.70816
3.04284
2.67947
3.03313
2.70337
2.78534
2.8073
3.09149
2.95907
2.99313
2.78209
2.78644
2.78491
2.88003
2.69131
2.55956
2.90712
2.88246
2.64822
2.88348
2.77497
2.78776
2.87402
2.85504
2.78242
3.01231
2.84275
3.10195
2.57274
2.61477
2.88824
2.87008
2.89223
2.79358
2.88182
2.76674
2.8308
2.97637
2.71996
2.81648
2.62973
2.75646
2.89142
2.79151
2.99279
2.71793
2.52637
3.03797
3.03599
2.82889
2.87523
2.84628
2.94474
2.94608
2.96887
2.44704
2.74127
2.97446
2.96603
2.93874
2.50453
3.07662
3.14532
3.03481
3.11135
2.76683
2.70369
2.80993
2.52113
3.29904
2.58094
2.47198
2.87998
2.73455
2.735
2.87784
2.7798
2.74298
2.95252
2.81507
2.6681
3.02755
2.93874
2.66675
2.71513
3.04874
2.92042
3.19633
2.68041
2.66918
2.44919
2.70894
2.48873
2.81237
2.74778
2.7782
2.81782
3.00506
2.66641
2.74978
2.57935
2.88004
3.06134
2.69224
2.69866
2.68804
2.8999
2.68505
2.71476
2.6801
3.16905
2.84953
2.93826
2.81447
3.005
2.80229
2.99498
2.87627
2.74739
2.74969
2.59237
3.03341
2.56627
2.91431
2.90165
2.78494
3.00344
2.90146
2.79021
2.93467
2.78753
2.84197
2.98834
2.77909
2.62275
2.62717
2.82857
3.13942
3.27739
2.81741
2.42448
3.00822
2.59088
2.57812
2.90213
2.66304
2.68151
2.80812
2.81111
2.86154
2.85062
2.97384
2.71718
2.6603
2.81637
2.89486
2.88196
2.74834
2.74874
2.48207
2.62675
3.05955
2.87547
2.97464
2.85433
2.75615
2.63678
2.80939
2.92355
2.98892
2.86267
2.91775
2.84189
2.908
3.25245
2.8854
3.09901
2.96559
2.63425
2.48048
2.82484
2.66519
2.87752
2.87106
2.81015
2.52959
2.58977
2.65426
2.86939
2.90309
2.81126
2.95269
2.72797
3.25817
2.90316
3.04883
2.82113
3.04198
3.0585
2.71332
2.74878
3.00129
2.63222
2.73868
3.03956
2.91452
2.70982
2.68982
2.57407
2.97226
2.87234
2.85805
2.91562
2.80627
2.91578
2.80355
2.86873
2.62596
2.70046
2.75408
2.76746
2.56405
2.82287
2.79379
2.78279
2.75344
3.06798
2.59013
2.75811
2.87132
2.94082
2.81722
3.15031
2.57377
2.49913
2.78099
2.92554
2.81828
2.78363
2.61954
2.59739
2.70039
2.84385
2.85721
2.66743
2.98424
2.87566
2.59425
2.91117
2.80841
2.84525
2.88075
2.94799
2.78191
2.66139
2.77615
2.94865
2.462
2.81888
2.72795
2.84507
2.66164
2.97562
2.88488
2.89382
2.68726
2.52019
2.9267
2.75925
3.37078
2.9083
2.98466
2.64906
2.91623
2.76114
2.71461
3.20913
3.11733
3.01357
2.96157
2.95333
2.69079
2.83471
2.96134
3.30698
2.98024
2.87351
2.74945
2.90877
2.88
2.99437
2.86177
3.02554
2.73684
2.91034
2.46171
2.89866
2.82998
2.55178
3.07261
3.12603
2.83289
2.66752
2.8599
3.30246
2.9762
2.66612
2.73489
2.97784
2.60301
3.08391
3.41457
3.02962
2.64734
2.92827
2.91182
2.94768
3.05724
2.86439
2.76261
3.10628
2.82221
2.83768
2.77728
3.05883
3.07307
2.89564
2.87491
2.62175
3.2745
3.1628
2.88366
2.86259
2.9361
2.80074
2.792
2.87964
