3.75447
3.67955
3.2347
3.81891
3.67797
3.41672
4.07338
3.4087
3.65709
4.37225
3.94365
4.00427
3.63619
3.24986
3.90855
3.61274
3.63379
3.13002
3.41975
3.35719
3.29067
3.61926
3.52329
3.58925
3.84183
3.50718
3.93797
3.48667
4.10472
4.06562
3.2601
4.23189
4.1137
3.64587
4.02958
3.61982
3.5481
3.54215
3.53149
3.65571
3.73455
3.43087
3.0885
3.75635
3.32825
3.85499
3.58902
4.0504
3.60817
4.1379
3.79444
3.85934
3.21766
3.80489
4.36315
3.582
3.54774
3.23457
3.79713
3.69633
3.62672
3.54877
3.63181
4.37313
3.69812
4.04562
3.89109
3.71932
4.01349
3.85865
3.55645
3.81585
3.27867
3.98966
3.46717
3.5745
3.82277
3.73443
4.81205
3.41207
3.47466
3.68929
4.20989
3.82296
3.45706
3.72707
3.76723
3.83236
3.99586
3.50884
3.42293
3.89167
3.68627
4.15806
3.59082
3.53737
3.8329
3.77061
3.6128
3.68162
3.31678
4.24598
3.95827
3.89666
3.32255
3.74628
4.05396
3.41455
4.16457
3.73137
3.71369
3.4382
3.75136
3.73182
3.5053
3.73483
3.4922
3.29443
4.79151
3.61393
4.33479
3.41784
3.8404
3.38144
4.35689
3.95065
4.23236
4.01613
4.04033
3.37331
3.54535
4.19575
3.67593
3.96872
3.67586
3.62025
4.07669
3.55847
3.91188
3.36185
3.32405
3.51321
3.64386
3.78737
3.87892
3.59957
3.76229
3.78245
3.42608
3.6932
3.52918
3.66933
3.56025
3.89007
4.03245
3.34662
3.43478
3.35341
3.49526
3.99696
3.2171
4.12761
3.80091
3.4341
3.28797
3.14893
3.66569
3.83091
3.45673
3.71878
4.19055
3.28378
3.28178
3.90958
3.80342
3.76231
3.8877
3.63731
3.64884
3.69694
3.7964
4.49541
3.60694
3.45072
3.72584
4.70962
4.12362
4.29061
3.422
3.79881
3.86433
3.59754
3.62297
3.70523
4.49894
3.51562
3.57322
3.38877
3.78005
3.56574
3.34351
4.0603
3.58591
3.53064
3.82625
3.75998
3.5395
3.52291
3.74913
3.54592
3.65183
3.55381
3.60346
3.43303
4.12102
4.57175
3.57552
3.56463
2.87565
3.71559
3.42662
3.79659
3.33955
3.65825
3.76908
4.15848
3.78355
3.54742
3.72671
4.08863
3.80321
3.28631
3.64975
3.27715
3.9991
3.73941
3.76218
3.65799
3.47543
3.30232
4.11867
4.60754
3.36044
3.41063
4.03266
3.57993
3.80388
3.80339
3.86031
3.60363
3.69977
3.3196
3.48295
3.99828
3.4834
4.06594
3.81038
3.81983
3.69233
3.56668
3.90448
3.62642
3.60818
4.53678
3.82206
3.90368
3.30901
3.79169
3.63244
3.44311
3.95789
3.68349
3.88224
3.59268
3.51578
4.47241
3.50055
3.77921
3.14275
3.42005
3.4505
4.12353
3.13909
3.56903
4.35728
3.73461
3.76652
3.41502
3.47578
3.37527
3.80277
3.44349
3.93238
3.83144
3.66196
3.35877
3.57439
3.93131
4.17303
3.09879
3.62791
4.39048
3.4668
3.40406
3.71926
3.79416
4.2262
4.04121
3.59937
4.13675
3.79954
4.14837
4.1132
4.00094
3.9174
3.64522
3.99552
3.59756
3.42786
3.64726
3.75098
3.42478
3.70114
3.56638
3.45348
3.20499
3.82587
3.51486
3.77375
3.83326
3.68914
3.88214
3.96535
3.19305
3.72369
3.6589
3.6428
3.58859
3.1549
3.16071
3.86545
4.33388
3.48042
3.70997
3.58099
3.92993
3.5652
3.72863
3.33116
3.56955
3.54956
4.14367
3.88626
3.55965
3.69711
3.73251
3.54803
3.62422
4.52046
3.48005
3.84054
4.31167
3.8647
3.46818
4.00242
4.0438
3.51951
3.5249
3.65492
4.39331
3.35918
3.65367
3.71902
4.06253
3.95569
3.33261
3.34308
3.89482
3.97371
3.37617
3.56831
3.9246
3.35906
3.90008
3.42217
3.49896
3.7259
3.56201
3.80445
4.20573
3.33185
3.4409
4.45598
3.11929
3.60174
3.49947
3.78049
3.41179
3.5196
3.93243
3.46907
3.63351
3.97066
3.73145
3.62396
3.29034
3.73186
3.26357
3.82358
3.19386
4.00114
3.83372
3.71866
3.8021
3.69999
3.69479
3.57785
3.47036
3.83576
3.77769
4.34717
3.75592
4.19879
3.71587
3.80377
3.90038
3.71614
4.08447
3.74162
3.37236
3.19411
3.78076
3.74054
3.49504
3.60207
3.71946
3.51072
3.62444
3.6693
4.39564
3.62457
3.54829
3.98797
3.61214
3.40348
3.76335
3.92365
3.95989
3.81424
3.45174
3.83266
3.75328
3.55087
3.5074
4.03864
3.94225
3.71077
3.36528
4.16985
3.736
3.3464
3.53694
4.09098
3.94691
3.43123
3.82407
4.02642
3.72126
4.29765
3.37155
3.64219
3.23848
3.79105
3.91264
3.30459
3.87418
3.75788
3.59646
3.65209
3.74803
3.27083
3.8106
3.77288
3.58417
4.17109
4.07261
4.36071
3.72326
3.59775
4.13379
3.31999
3.33653
4.33334
3.83512
3.69978
3.40519
3.66613
3.67903
3.58225
3.85068
