6.14152
7.27363
6.22585
5.67393
5.93455
5.47978
7.54063
5.94357
8.57109
8.24821
6.05418
5.77078
5.66567
7.34776
6.79252
6.47182
6.23379
6.14352
6.83582
6.31794
6.97468
5.98183
6.38932
6.48847
6.684
8.44207
7.06604
7.20398
6.29781
6.18465
6.75943
5.44039
7.62384
6.04738
5.73988
6.19167
7.35352
8.41637
7.84857
5.98202
7.42625
6.29878
6.58532
6.93905
5.62454
7.2551
6.50605
5.18556
6.06817
6.37826
8.12926
7.57882
4.9708
7.51749
7.8279
5.98946
6.01319
5.43118
6.60593
6.96433
8.29374
6.62514
5.65108
7.11685
7.90839
4.89469
8.20452
7.78939
6.23971
5.21184
7.21485
4.93596
5.59731
6.45785
6.76694
7.06229
7.21533
7.29746
7.35649
6.37643
7.54479
6.19869
5.21058
6.83524
5.64871
6.25531
6.88438
5.61265
6.25533
7.08195
9.13518
7.27006
8.84941
6.09924
6.24403
8.31369
7.50737
9.04614
6.12085
6.24143
6.09719
7.39859
6.98588
6.88234
6.94019
6.3831
7.76308
6.40426
7.13415
8.64136
6.31877
8.56731
6.73719
6.83516
6.13439
5.30736
6.07494
5.45993
5.81436
6.92574
7.56143
6.99571
6.50733
5.82724
6.66183
6.39228
6.70238
5.27856
5.75289
6.23706
6.04572
6.30617
5.95309
7.39869
5.56533
6.78062
7.78975
7.29914
7.02382
7.27513
5.13562
5.19343
7.51744
6.62469
5.7224
7.49458
5.47793
6.7821
6.03533
10.1055
5.25901
6.24913
7.26309
7.36469
7.47648
6.19567
7.31925
7.37446
4.72891
5.64657
7.25647
6.64779
5.43327
5.82375
6.21255
8.30874
9.25598
7.20586
5.3895
8.36791
7.30008
8.27838
7.63516
6.01369
6.79491
6.10491
5.39548
6.19507
6.44164
8.48075
4.99341
6.16359
4.88903
8.12528
6.22829
6.60262
5.86351
5.80272
5.41811
6.44418
6.16661
6.09584
6.43917
7.46796
6.4602
5.13414
5.39619
9.65688
5.80359
8.17571
5.90285
4.8698
7.29199
6.3761
7.54543
6.62551
6.29289
9.13844
7.08554
7.31078
8.12247
7.25083
9.14358
6.08568
6.80288
5.97877
6.48979
6.06404
6.1156
5.08895
7.7157
5.41831
7.36822
5.69317
4.89153
9.59668
6.95825
5.9549
6.61456
7.79606
9.0091
6.09974
5.95663
5.57775
6.33083
6.20306
8.09503
6.3082
5.8742
6.93189
6.2807
8.21799
6.64343
6.09074
7.83615
5.59254
7.71791
6.2962
6.63592
6.1219
6.50399
5.8534
5.63408
7.3388
7.48269
6.80929
6.2657
8.45775
6.29445
8.54445
6.99165
6.15652
8.00183
6.53507
7.6353
5.98425
5.07201
8.10839
5.74397
6.89715
5.39946
7.51793
6.29214
5.55737
7.74001
5.76458
8.69371
8.13052
4.83186
5.94467
6.6009
6.48998
7.8507
7.09437
6.72554
6.03486
8.33447
6.74809
7.02207
7.08654
6.07696
5.81724
6.26804
6.3637
6.15549
8.85143
6.19924
6.92947
6.06986
8.04349
5.79058
7.07907
7.17126
6.08555
5.53837
6.27777
5.99457
6.90632
6.68534
5.79018
6.08658
9.01017
7.74539
8.16376
5.61807
5.36323
7.86727
6.04193
7.75002
6.22041
6.21441
5.37797
6.5277
6.11598
6.90019
5.51659
9.45651
6.1675
6.98065
6.31503
6.17057
7.4628
5.76972
7.00903
5.7464
7.22063
6.79983
6.09292
7.46305
9.31724
8.44821
7.62546
6.29819
7.82062
5.86824
7.7993
7.91593
6.88865
6.68367
6.79876
6.24392
5.83434
5.67096
7.01863
5.99485
5.26687
6.86844
6.172
6.5426
6.73784
6.40439
5.82249
6.41536
5.28611
6.91187
6.98197
7.42747
5.56382
6.07214
6.46165
6.15747
6.4521
5.22473
6.51685
9.7647
6.5345
7.04495
5.43326
6.2378
6.47716
6.10536
7.08143
8.29341
6.91148
6.40397
7.32479
6.64215
6.00649
7.37759
6.41604
5.92068
6.48473
6.72102
7.48764
7.33501
6.84688
6.31834
6.3821
5.5901
5.8606
6.67224
5.68916
6.17531
6.46861
5.0837
8.00655
6.25282
6.3261
6.80271
8.06247
5.75642
6.1282
7.22931
7.00419
6.82669
7.02444
7.27658
8.05413
8.30627
7.30989
6.20927
5.96728
7.53514
7.36857
6.30239
5.12823
5.79044
5.94549
8.01255
6.40295
7.13952
6.00498
5.56572
6.3333
7.10469
6.30529
8.59534
5.80853
7.68655
5.6708
6.76836
7.08081
5.92175
6.70385
7.48135
8.75524
6.35735
8.47186
6.65215
5.82543
6.26643
7.64238
5.88782
7.0349
6.81719
6.84705
6.7931
6.2089
7.52918
7.97729
6.2818
7.0383
7.30906
7.20592
10.4818
6.97549
6.3332
5.58748
6.51577
7.09269
9.71531
7.02232
6.55141
6.38421
6.05939
6.42679
6.50125
5.43241
7.44668
6.91503
6.18077
7.2693
6.23922
8.28065
5.29727
6.17357
5.5774
6.73982
6.71592
6.62369
5.61034
9.39743
5.96859
7.28749
5.99496
5.63047
6.48298
6.6692
6.66994
7.09797
