4.10252
4.13657
4.16519
4.38887
4.20663
4.50727
4.25685
4.35107
4.18494
4.54468
4.10849
4.45317
4.79704
5.5154
5.76321
4.48879
4.31683
4.62931
5.4732
4.02534
4.11484
4.07487
4.5121
4.81289
4.10153
4.55942
4.53922
4.51427
4.61153
4.50696
4.63883
5.09225
4.60773
5.82058
4.79583
5.08691
4.60193
4.2041
5.01742
5.09635
4.0691
4.38018
4.11726
4.4469
4.12682
4.50512
4.21743
4.4089
4.42826
4.60993
4.23877
4.41981
4.1805
4.43294
4.44696
4.2691
4.3934
3.95762
4.49996
4.12182
4.04684
4.2125
4.5034
4.20579
5.09972
4.69053
4.46446
5.70128
5.15929
3.87223
4.48388
4.48988
4.17243
4.17323
4.19879
4.49485
5.06398
5.53852
4.10753
4.95188
4.31762
3.95024
4.27349
4.30877
4.35397
4.6145
4.36558
4.42227
4.44881
4.31259
4.45818
4.24121
4.56573
4.90502
4.73927
4.346
4.23334
4.34503
3.87863
4.69892
4.54358
4.68832
4.13803
4.87883
4.4346
4.83049
4.57559
4.24787
4.67054
4.61055
4.49088
4.30682
4.67718
4.67834
4.46533
4.59257
5.26339
4.28372
4.4788
5.51504
5.42129
4.78207
4.69229
4.26022
4.65755
4.92661
3.97375
4.78969
4.41418
4.20155
4.77933
4.42375
4.33598
4.22445
4.31072
4.40459
4.41703
4.03078
5.21298
4.37923
4.7442
4.43563
4.15509
4.34264
4.42133
4.34258
3.82513
4.15572
4.30222
4.28079
5.33907
4.42529
4.44815
4.22356
4.2661
4.28764
4.25392
4.58821
4.3595
4.79866
4.45181
4.24431
5.01404
4.17783
5.22764
4.1086
5.15144
4.26124
4.40581
5.47609
5.0099
4.4865
4.55601
4.42112
4.3209
4.59171
4.47201
4.67402
3.86503
4.47081
4.51895
4.08093
4.32578
4.37204
4.34052
4.23489
4.46527
4.18196
4.43479
4.62835
4.81701
4.03722
4.26511
4.43306
5.04038
4.46099
4.32647
4.31693
4.17528
4.27167
4.43983
4.27546
4.36182
4.2126
4.07117
4.31376
4.44024
4.3817
4.26308
3.91203
4.70392
4.66634
4.34704
4.58832
4.33176
4.87609
4.56219
4.84029
3.95065
4.13596
4.54403
4.77056
4.38724
3.83088
4.84393
5.13555
4.61311
5.15173
4.25123
4.10602
4.48176
4.18639
5.15825
3.85538
3.80008
4.35363
4.25059
4.1914
4.49573
4.21922
4.33034
4.43496
4.66786
4.21519
4.95746
4.40984
4.12852
4.21499
4.62649
4.93231
5.27154
4.44994
3.8663
3.88702
4.21606
3.90719
4.33797
4.57577
4.46535
4.30088
4.75645
4.15881
4.57831
4.05206
4.5125
5.3336
4.16001
4.08662
4.02818
4.56742
3.91026
4.99019
4.05421
6.29076
4.7687
4.29431
4.46909
4.72011
4.75016
4.75978
4.51584
4.40964
4.37509
4.1934
4.5831
4.07458
4.99675
4.38056
4.31773
4.52811
4.58195
4.40004
4.31349
4.30316
4.42688
4.63212
4.30807
4.07491
3.96401
4.40727
4.69344
4.97489
4.2098
3.81241
4.44518
4.11289
3.96682
4.33208
4.27597
4.18425
4.30866
4.34956
4.48091
4.36922
4.55893
4.75576
4.12761
4.35693
4.49669
4.44151
4.49479
4.68983
3.92252
7.7821
5.09969
4.57288
4.43015
4.48213
4.84945
4.32569
4.53718
4.5559
4.38647
4.58045
4.72322
4.53107
4.37549
5.10035
4.56614
4.67889
4.80389
4.13805
3.95299
4.58883
4.10288
4.67487
4.91558
5.26885
3.83349
4.24437
4.19268
4.2661
4.38446
4.45858
4.58085
4.2542
5.06326
4.70844
4.96807
4.18455
4.79896
4.72394
4.48885
4.35026
4.34053
4.05132
4.17871
4.64015
4.29636
4.03846
4.92422
3.95203
4.56455
4.34089
4.5234
4.85649
4.46564
4.59392
4.33058
4.52793
3.96376
4.16203
4.18832
4.18613
4.04308
4.46938
4.38305
4.24237
4.12527
6.63748
3.85338
4.34613
4.27427
4.62391
4.83112
4.74982
4.13612
3.8645
4.43547
4.44653
4.23268
4.33307
4.48385
4.07955
4.15203
4.67156
4.57604
4.15241
4.6205
4.37846
4.11134
4.39454
4.24732
4.26486
4.4901
4.44421
4.31772
4.22549
4.1807
4.65451
3.95229
4.30584
4.21443
4.38489
3.97909
4.48516
4.51367
4.64612
4.21305
3.89635
4.64122
4.32803
7.53535
4.54713
5.15799
4.15299
4.26661
4.10111
4.24539
4.8836
4.6706
4.61744
4.76118
4.48461
4.13424
4.56121
4.36514
5.12138
4.63903
4.26334
4.33159
4.63901
4.40126
4.65983
4.65407
4.80142
4.4696
5.1419
3.73837
4.55335
4.36981
4.03132
4.93364
5.33708
4.65064
4.25585
4.59855
4.88401
4.59627
3.93034
4.14957
4.31105
4.06417
4.99588
5.09797
4.52087
4.1477
4.55026
4.286
5.10631
4.59895
4.88194
4.60451
4.68829
4.73815
4.33938
4.27986
4.46273
4.52332
4.68894
4.35927
4.32662
5.36212
4.75342
4.61412
4.52646
4.45157
4.72361
4.31737
4.38833
