4.82959
4.18556
4.56215
3.76981
4.01567
4.10663
4.69241
4.7925
5.67796
4.94746
4.84139
3.47083
3.96208
4.17
4.89351
5.15459
3.96295
4.08675
5.42354
4.96693
3.98155
4.8414
4.53826
4.84118
3.15882
6.01547
5.04124
3.89679
4.5081
4.34336
4.9879
4.16018
4.98978
4.78053
4.57406
4.33714
4.21834
4.55172
5.52862
4.70805
4.89353
4.87371
4.35309
4.3105
4.12169
5.49408
4.21103
4.79101
4.81902
4.51584
5.37016
4.79511
4.71063
4.5811
4.25379
4.78591
4.27998
4.18236
3.84453
4.24599
5.05314
5.47753
4.97676
3.36627
5.90955
4.85848
4.54149
4.96126
5.88925
4.21915
7.14608
4.72459
3.47442
5.25098
3.97144
4.77424
5.23088
5.19244
3.9427
4.63657
4.92086
3.81087
5.2778
4.1938
4.71693
4.39166
3.99756
7.30429
4.7336
4.55651
5.61185
4.94829
4.53078
7.01676
5.28284
4.04354
4.69835
4.54846
4.15852
3.93883
4.32118
5.50683
3.96867
4.51106
4.02421
4.85942
4.3456
4.90457
5.14384
3.8788
4.51775
5.13255
3.92106
5.45635
3.82817
3.97476
4.68446
4.19524
4.62932
5.09202
4.34542
4.77367
4.04487
4.72159
4.62497
4.98665
3.79712
4.50412
4.54592
4.46484
4.31575
5.67731
4.57882
4.14786
5.46738
4.08787
4.69569
4.86159
4.22565
4.38055
4.27604
3.89606
4.27658
4.58122
4.89521
4.8541
5.0113
4.13839
5.84222
5.01159
4.32871
4.38679
5.51759
5.65383
4.64889
5.02118
4.35293
4.5026
4.38956
4.84996
4.13267
3.81984
5.16051
4.66025
4.33336
4.89154
4.72064
4.47854
5.00174
4.10551
4.32084
4.55983
4.08172
5.53644
5.07926
3.99502
4.10255
6.84395
4.11154
4.60224
4.29905
4.39351
5.84823
4.35059
4.68411
4.35998
4.8505
4.38757
5.70407
4.65141
5.18989
4.0014
4.05678
4.36083
4.03192
5.01923
4.36541
4.76657
4.78554
4.4025
5.08166
4.24717
4.39265
5.3173
4.27403
3.81065
4.65286
4.94093
6.11541
4.88453
4.71495
5.06063
4.58803
4.13208
4.16767
4.55773
4.472
5.72631
4.06818
5.58761
3.97243
4.09513
4.23878
4.90257
4.55802
4.88324
4.57516
4.02141
4.94225
4.81456
4.97497
4.49025
4.49874
3.65164
4.21928
5.08419
4.14054
3.94939
4.15106
4.4642
4.25737
5.09264
4.50364
3.83191
5.05453
5.30589
5.91336
5.44288
4.24024
4.5968
5.06107
4.33191
4.71828
4.8661
4.87252
5.09799
4.19438
4.76049
4.74625
4.86312
3.37914
4.31399
5.24718
4.90744
4.03797
4.50444
4.67182
5.09938
4.9854
4.89211
4.81699
5.50004
4.30632
3.74897
4.83146
4.0991
5.04409
4.13507
4.92922
4.19417
3.69552
4.62908
4.38764
4.20786
4.95323
4.99147
4.93316
5.43836
4.69733
4.33409
4.15119
3.8384
4.64804
4.18947
4.37851
4.06139
4.71232
4.79807
7.94354
4.98233
4.72227
4.41277
4.67934
3.91413
4.34261
4.26593
4.98201
4.79942
3.77797
5.29994
4.06348
4.05363
4.1662
3.9771
4.41444
4.82184
4.59565
5.09786
4.82372
4.65084
3.73678
5.4845
4.51696
4.67216
7.23703
5.28521
5.07382
4.18358
4.23388
4.82104
3.97033
5.93749
4.10258
4.29067
4.05127
5.06128
3.87007
4.49765
4.74273
3.92327
5.9082
4.64474
4.17787
4.34788
6.33306
4.84401
4.53467
5.06366
4.61848
4.91781
4.15152
4.40803
4.02809
4.77375
4.48783
3.73247
5.2291
4.54386
4.01033
4.41378
4.0288
5.46984
4.80425
4.14735
5.01547
4.05306
4.15077
4.20907
4.38831
4.25218
4.39404
4.41813
3.75282
5.97727
3.74259
3.80343
5.78722
3.84599
4.76616
4.55786
4.37005
4.70717
4.14582
3.72947
5.52569
5.20687
4.50512
5.11486
4.0361
4.80621
4.30229
3.88887
5.24328
4.78497
5.09971
4.22081
5.11485
5.61919
3.64744
4.45154
4.8861
4.75055
4.35873
4.47693
4.15715
3.87458
4.97193
4.61167
4.65899
4.22639
5.05097
4.08938
5.04424
4.46117
5.78932
3.88871
4.24848
4.24143
4.99798
5.36124
4.59526
4.2202
4.93241
4.64223
3.8729
4.35624
6.26088
4.78026
6.17793
3.7214
6.59017
4.86622
4.989
4.68014
4.4687
4.91178
4.22266
4.02598
5.17053
4.67082
5.93112
4.2872
4.74569
4.28369
4.81025
4.84467
3.96549
4.50829
4.46197
5.09375
5.01452
4.76894
5.32742
4.17665
4.04085
3.95543
5.00934
3.8211
4.10626
4.29594
5.48333
4.57708
4.80457
4.12232
5.17334
3.95095
3.94848
5.13925
4.09885
4.8363
3.83061
4.64271
7.88357
4.77697
5.0957
5.11665
7.02478
4.2705
4.49721
6.16005
5.09019
4.01794
4.99217
4.40177
4.23019
4.83522
4.92502
4.15526
4.51515
5.93262
4.18318
3.69373
4.40616
5.61674
4.89405
5.62179
3.76854
4.31639
4.46319
4.15617
