4.49474
5.40429
4.50818
4.15583
4.27904
3.89462
5.34056
4.34436
6.40152
6.11567
4.51132
4.10939
4.07613
5.74144
5.05111
4.66817
4.58223
4.62853
5.32889
4.80629
5.40727
3.99934
4.7945
4.54197
4.7513
6.68616
5.40082
5.6369
4.58875
4.30646
5.24628
4.04969
5.59205
4.69439
4.38888
4.76789
5.67381
6.18313
5.75686
4.51349
5.54039
4.90623
4.54932
4.99179
4.09286
5.4636
4.90489
3.87783
4.12774
4.82793
5.86598
5.66944
3.5534
5.20614
5.83401
4.08658
4.44237
3.66267
4.81315
4.97556
6.119
4.71001
3.53672
4.94715
6.06328
3.27085
6.33457
5.73461
4.80268
3.67338
4.97804
3.54033
4.0549
4.8017
4.73114
5.19668
5.50308
5.26733
5.11183
4.74957
5.3986
4.33948
3.84296
4.79822
4.063
4.69062
4.95052
4.1751
4.45712
5.63224
6.80257
5.67667
6.65083
4.45673
4.53275
6.13859
5.56729
6.54292
4.61646
4.19637
4.53015
5.31962
5.39368
5.189
4.8953
4.71078
5.82395
4.77476
4.87122
6.47987
4.56661
6.34751
4.93345
4.92499
4.85904
3.88827
4.42338
4.01543
4.20371
5.23266
5.45072
5.25019
4.50418
3.98239
4.79464
4.56359
4.47917
3.54146
4.17409
4.54146
4.68211
4.78443
4.18501
5.55863
3.95374
4.99456
6.02092
5.51595
5.37431
5.43131
3.54613
3.66972
5.52395
4.56503
3.96052
5.30978
3.99033
4.46185
4.25969
8.17331
3.69845
4.01436
5.27272
5.51795
5.37722
4.4232
5.20855
5.36606
3.46523
3.97483
4.69852
4.66918
4.04958
4.27534
4.41299
6.19705
7.32975
5.12651
3.86018
6.38989
5.54161
5.84662
5.76736
4.26243
4.98997
4.50572
3.67994
4.77087
4.46961
6.34528
3.63958
4.71662
3.46716
6.26219
4.47928
4.96238
4.47368
3.97438
3.87591
4.75954
4.64859
3.79091
4.71199
5.60806
4.88918
3.78563
3.96672
7.49386
4.14888
6.64166
4.3772
3.58412
4.94069
4.67035
5.3975
4.93746
4.56012
6.99827
5.27193
5.37141
6.14507
5.55318
7.23367
4.442
5.28765
4.31756
4.61558
4.41218
4.4487
3.70056
5.41914
3.73765
5.53142
4.19346
3.40084
7.53677
5.01142
4.05317
4.57094
6.14331
6.78273
4.48071
4.37028
3.95141
4.35688
4.46732
6.21961
4.80125
4.3027
4.66576
4.65615
6.01875
4.94014
4.3672
6.14872
3.88966
5.71857
4.67264
4.48875
4.44558
4.47205
4.31059
4.21087
5.09874
5.47461
5.03227
4.39879
5.99641
4.83067
6.42854
5.2643
4.16871
5.99545
4.83524
6.02189
4.4415
3.67481
5.95025
3.73816
5.19391
3.99013
5.64041
4.8097
3.9641
5.81068
4.3071
6.63595
5.93173
3.31687
4.26836
5.30248
4.87254
5.72784
5.19443
4.8273
4.32097
6.57415
4.65226
5.39942
5.38024
4.10512
3.88317
4.72167
4.72817
4.21253
6.65552
4.1816
5.18903
4.3271
5.68968
4.157
5.53726
5.07494
4.60213
4.01846
4.4489
4.27657
5.2125
4.87658
4.23385
4.21714
6.69798
5.59369
6.12818
3.91236
4.11649
5.38476
4.66944
5.85316
4.51939
4.59006
3.84499
4.22998
4.52908
4.95647
3.97634
7.50584
4.27237
5.04764
4.57863
4.69395
5.51899
4.06941
5.07639
4.23728
5.60585
4.58764
4.70075
5.63269
6.92258
6.10582
5.56145
4.45934
5.94333
4.23764
5.61342
6.14643
5.06283
4.91092
5.09995
4.43749
3.77947
3.8701
5.34125
3.98013
3.68693
5.03978
4.48606
5.16131
4.98366
4.47415
4.29369
4.32967
3.54263
4.99268
4.84601
5.63445
4.14712
4.22362
4.8378
4.12907
4.644
3.66896
4.575
7.43601
4.87346
5.25894
3.89655
4.56496
4.5709
4.33212
5.48874
5.77865
5.24402
4.66576
5.50397
5.04688
4.38943
5.36031
4.65897
4.39354
4.76932
4.98105
5.07026
5.01061
5.03222
4.51703
4.7682
3.92729
4.07977
4.7838
3.92054
4.42019
4.77591
3.73873
6.24096
4.78863
4.47575
5.07774
5.88384
4.31139
4.35896
4.64528
5.19685
4.82168
5.02002
5.15738
5.72628
6.32033
5.70041
4.64756
4.09864
5.58509
5.29795
4.83854
3.51818
4.32396
4.47774
5.90649
4.78903
5.17227
4.33479
3.87971
4.74395
5.17089
4.41639
6.03176
3.86472
5.71062
4.04741
5.23045
5.30942
4.36795
4.66967
4.98569
6.61933
4.58425
6.62875
4.88938
4.14161
4.84738
5.48151
4.16666
5.41884
5.08867
4.8204
4.96122
4.65484
5.24262
6.07684
4.85358
5.30183
5.75101
4.64141
8.44498
5.46696
4.80153
4.12636
4.38604
5.0543
7.57837
4.84694
4.88247
4.4783
4.70283
4.30401
4.33716
3.70318
5.71936
5.36948
4.66572
5.42537
4.47999
5.88026
3.69185
4.36519
4.03442
4.82105
4.90959
4.67426
3.94903
7.17633
4.11341
5.40324
4.39003
4.0753
4.94694
5.14488
4.36603
5.13239
