2.51713
2.44308
2.44268
2.59559
2.35003
2.46632
2.33898
2.71877
2.63779
2.77127
2.45561
2.49204
2.41976
2.47706
2.54706
2.3292
2.67981
2.46793
2.57631
2.57478
2.58128
2.47541
2.45947
2.58793
2.7581
2.16125
2.47415
2.26982
2.79499
2.5126
2.30918
2.62549
2.4713
2.65445
2.51624
2.32993
2.27553
2.59521
2.75759
2.69976
2.244
2.44972
2.43965
2.35042
2.2741
2.54548
2.32988
2.44719
2.691
2.69177
2.38875
2.60201
2.81339
2.44709
2.45481
3.01924
2.80935
2.5833
2.36039
2.83353
2.27173
2.47077
2.53559
2.78667
2.5802
2.63328
2.74269
2.57128
2.40659
2.55977
2.38917
2.6373
2.45097
2.90769
2.51435
2.3726
2.74083
2.64183
2.29945
2.19721
2.52335
2.94179
2.49448
2.62121
2.40097
2.45792
2.63344
2.64228
2.64178
2.56898
2.38451
2.62387
2.51351
2.7471
2.59665
2.60826
2.34637
2.684
2.55545
2.53321
2.37213
2.82457
2.47831
2.59478
2.48538
2.36325
2.5977
2.34956
2.56709
2.59093
2.58673
2.44537
2.65953
2.49062
2.52588
2.52826
2.92993
2.50777
2.3083
2.76481
2.4918
2.72503
2.42302
2.85431
2.57286
2.44222
3.02623
2.18823
2.89364
2.52482
2.55689
2.67223
2.66784
2.42916
2.68114
2.55051
2.70024
2.69706
2.63621
2.54088
2.60781
2.64335
2.64613
2.74114
2.63923
2.62159
2.61022
2.63316
2.45146
2.84734
2.53271
2.3075
2.77063
2.57054
2.72986
2.69647
2.51615
2.69019
2.6167
2.72594
2.6318
2.35022
2.46154
2.45719
2.68798
2.66764
3.36879
2.76025
2.55158
2.56412
2.60972
2.6611
2.44739
2.54762
2.32592
2.40235
2.47521
2.76781
2.52612
2.961
2.48337
2.33736
2.65482
2.28785
2.54958
2.6499
2.53033
2.43901
2.44813
2.30666
2.67191
2.4567
2.99044
2.57875
2.58634
2.5714
2.48596
2.52485
2.74924
2.57038
2.33088
2.61957
2.4244
2.69883
2.65242
2.77207
2.53599
2.57771
2.68941
2.613
2.5386
2.5258
2.48355
2.5834
2.54222
2.58161
2.44611
2.7504
2.50425
2.7712
2.4049
2.69648
2.45747
2.66778
2.69683
2.20938
2.62911
2.94392
2.22809
2.97045
2.68294
2.7352
2.3016
2.32113
2.47364
2.50421
2.29032
2.23115
2.37137
2.48698
2.21099
2.67641
2.39711
2.54095
2.54383
2.58678
2.32868
2.70963
2.52914
2.26281
2.30415
2.74418
2.37192
2.57154
2.6937
2.69009
2.24112
2.57968
2.55441
2.51662
2.335
2.34789
2.45246
2.6249
2.52228
2.70972
2.61678
2.67564
2.43888
2.4667
2.9249
2.29317
2.40846
2.37398
2.64255
2.42109
2.76981
2.56061
2.44642
2.55306
3.1253
2.3507
2.72766
2.69319
2.66918
2.45713
2.85663
2.73881
2.63014
2.98374
2.48251
2.38056
2.60182
2.71174
2.38881
2.71441
2.37946
2.19853
2.47141
2.68111
2.81371
2.84025
2.56322
2.53204
2.70917
2.34309
2.55242
2.40093
2.85682
2.4238
2.64009
2.40851
2.44177
2.47358
2.58758
2.4569
2.61666
2.40387
2.90969
2.16882
2.41026
2.70876
2.55254
2.49989
2.61902
2.50314
2.60103
2.67495
2.53045
2.28991
2.62817
2.90149
2.1689
2.54065
2.5336
2.3238
2.44337
2.54511
2.71857
2.75419
2.51321
2.54764
2.42526
2.53602
2.49691
2.63707
2.27179
2.3667
2.65506
2.52114
2.44106
2.42225
2.53192
2.60663
2.62226
2.48663
2.59612
2.52662
2.52503
2.48085
2.3616
2.3678
2.47493
2.5813
2.50756
2.6939
2.62368
2.57849
2.54372
2.63858
2.43462
3.0648
2.47426
2.46183
2.32662
2.41964
2.55051
2.45203
2.26523
2.69531
2.84081
2.88554
2.46572
2.79375
2.70986
2.58945
2.66728
2.45157
2.55117
2.35925
2.55521
2.63225
2.47573
2.63061
2.39896
2.61706
2.65715
2.70445
2.13893
2.12664
2.62151
2.44566
2.19911
2.36058
2.60453
2.67002
2.79244
2.64234
2.59585
2.59729
2.59297
2.46933
2.48775
2.68231
2.40608
2.45833
2.49457
2.61753
2.52168
2.4831
2.47965
2.63668
2.70142
2.31259
2.55402
2.51625
2.41064
2.43468
2.36965
2.49941
2.38045
2.69041
2.88463
2.59748
2.5748
2.82971
2.29483
2.71825
2.476
2.45342
2.47887
2.42713
2.50143
2.46879
2.60261
2.38863
2.36446
2.45991
2.4019
2.65733
2.74907
2.7735
2.63174
2.37959
2.49495
2.69504
2.59529
2.74137
2.40194
2.963
2.5673
2.66337
2.22795
2.6654
2.36471
2.69905
2.35008
2.40134
2.67288
2.58852
2.27166
2.9422
2.55414
2.47505
2.37579
2.3301
2.24521
2.56869
2.52813
2.67566
2.44625
2.41605
2.25544
2.4182
2.4887
2.56109
2.69359
2.38292
2.45835
2.72704
2.48017
2.57965
2.44044
2.42277
2.5687
2.48058
2.76501
2.55925
2.4793
2.50487
