3.82722
3.74787
3.28484
3.88684
3.74435
3.47192
4.14732
3.479
3.72721
4.45793
4.02999
4.07991
3.69825
3.31086
3.97662
3.68074
3.69459
3.18253
3.48769
3.41768
3.34713
3.68296
3.6017
3.66577
3.91509
3.5783
3.99897
3.55259
4.16713
4.13651
3.31968
4.31436
4.19297
3.71157
4.1044
3.68494
3.60713
3.61068
3.58445
3.71948
3.81239
3.48492
3.14815
3.83341
3.39573
3.92864
3.64417
4.19343
3.66836
4.20671
3.86964
3.92867
3.26993
3.88171
4.45435
3.64613
3.61466
3.28487
3.86114
3.75839
3.69218
3.61484
3.7007
4.4516
3.7651
4.12971
3.97722
3.78702
4.10576
3.93659
3.61926
3.89617
3.33353
4.07123
3.53986
3.64559
3.89272
3.86788
4.9716
3.48159
3.53411
3.7654
4.3221
3.88851
3.51464
3.79313
3.84391
3.907
4.06782
3.57317
3.49186
3.96932
3.75022
4.23297
3.65799
3.6075
3.91544
3.85231
3.67579
3.74836
3.37733
4.32945
4.03338
3.98175
3.38656
3.81323
4.13146
3.49203
4.24583
3.80395
3.78876
3.49915
3.81807
3.79523
3.56962
3.8097
3.55328
3.3518
4.87197
3.67738
4.44761
3.47426
3.90496
3.44053
4.43406
4.01848
4.29569
4.08345
4.113
3.43819
3.61002
4.28815
3.73827
4.03147
3.75348
3.69241
4.2238
3.62018
3.98721
3.41586
3.38477
3.57327
3.71676
3.85957
3.94111
3.68773
3.82712
3.85328
3.48487
3.75921
3.5972
3.74481
3.62286
3.95582
4.10935
3.41257
3.48991
3.41598
3.55064
4.08844
3.27428
4.20587
3.9053
3.49313
3.34398
3.20059
3.73176
3.89776
3.51937
3.79764
4.26475
3.34055
3.33949
3.99142
3.88045
3.82529
3.96254
3.70199
3.72566
3.77412
3.86125
4.57934
3.67316
3.52201
3.79887
4.81958
4.20771
4.39478
3.48431
3.86532
3.93635
3.65914
3.68989
3.77462
4.75576
3.57242
3.6715
3.47637
3.84387
3.64395
3.40134
4.14727
3.65133
3.59211
3.88849
3.86301
3.59459
3.58831
3.81219
3.6186
3.71362
3.60891
3.66527
3.50133
4.19027
4.67916
3.65153
3.61768
2.92919
3.7795
3.48215
3.86664
3.40672
3.73315
3.84805
4.25142
3.85461
3.61777
3.80067
4.17098
3.86066
3.34374
3.71278
3.32974
4.10673
3.82348
3.82356
3.73543
3.53963
3.35954
4.22869
4.69537
3.42297
3.47737
4.10922
3.65523
3.87302
3.87414
3.94729
3.67378
3.77348
3.37359
3.56993
4.08368
3.54551
4.13723
3.87574
3.88947
3.78139
3.62508
3.96778
3.68664
3.66759
4.63788
3.90029
3.99566
3.3656
3.85794
3.70263
3.50691
4.04337
3.75588
3.95648
3.65831
3.57836
4.56356
3.55856
3.8464
3.20216
3.48454
3.51277
4.18681
3.19201
3.6434
4.43082
3.80548
3.83119
3.47683
3.53442
3.43183
3.8692
3.50608
3.98842
3.89571
3.72373
3.41539
3.63385
4.02318
4.25215
3.15201
3.69406
4.52421
3.52853
3.47612
3.78334
3.8679
4.33282
4.12497
3.66403
4.22039
3.87111
4.23567
4.18304
4.07471
3.97663
3.72038
4.09932
3.66981
3.49324
3.71936
3.81141
3.48215
3.76435
3.63013
3.51074
3.26311
3.8866
3.56565
3.84344
3.91003
3.75383
3.95198
4.03445
3.25017
3.77993
3.72466
3.71085
3.65423
3.22432
3.2196
3.93738
4.5513
3.53832
3.77592
3.64114
4.00115
3.6276
3.80351
3.38759
3.6341
3.61418
4.22925
3.95775
3.62368
3.7529
3.80399
3.61287
3.68542
4.66645
3.55113
3.91535
4.3848
3.94459
3.52818
4.07627
4.11253
3.57932
3.59892
3.7306
4.49941
3.41669
3.71856
3.78199
4.1301
4.06716
3.38917
3.41089
3.97875
4.0557
3.43562
3.62772
3.99246
3.44635
3.97461
3.4779
3.55341
3.80265
3.64083
3.93409
4.2742
3.39719
3.50239
4.56463
3.17042
3.66716
3.55383
3.84529
3.47343
3.58352
4.00254
3.52754
3.69842
4.04734
3.79522
3.6942
3.3523
3.79296
3.32282
3.9083
3.2519
4.07468
3.89585
3.80178
3.87111
3.76427
3.75722
3.64365
3.53869
3.90674
3.8446
4.45554
3.83028
4.25936
3.77712
3.86769
3.96681
3.78048
4.17231
3.8412
3.44304
3.25193
3.84588
3.80868
3.551
3.67409
3.78034
3.57158
3.69282
3.73581
4.47276
3.68771
3.60683
4.06408
3.67778
3.46032
3.83901
3.99661
4.04039
3.8803
3.51592
3.92218
3.82886
3.607
3.5704
4.15556
4.02255
3.77874
3.42543
4.25015
3.79382
3.40429
3.60595
4.16143
4.03572
3.49279
3.89438
4.10289
3.78955
4.4484
3.43003
3.70459
3.29835
3.8528
3.97691
3.35597
3.9651
3.83166
3.66819
3.71153
3.81201
3.32765
3.87928
3.83352
3.64506
4.25123
4.15131
4.43123
3.83059
3.66373
4.21012
3.37955
3.38772
4.43239
3.91274
3.77626
3.46042
3.74828
3.74247
3.64185
3.92581
