2.65173
2.44923
3.07992
2.71161
2.52372
2.34785
2.69397
2.72076
2.78439
2.65705
2.49033
2.56453
2.55463
2.66544
2.59345
2.49046
2.18578
2.418
2.72866
2.54625
3.00062
2.49928
3.09289
2.73706
2.64936
2.80392
3.0437
2.52527
2.61786
2.6142
2.75912
2.69168
2.53625
2.86947
2.54088
2.45896
2.56762
2.60018
2.72402
2.49068
3.14676
2.19278
2.40554
2.44983
2.5845
2.64552
2.81473
2.7714
2.37496
2.29037
2.48592
2.76351
2.72756
2.52159
2.54385
2.53874
2.74773
2.68583
2.6352
2.40647
2.7231
2.58578
2.84398
2.4965
3.06894
2.59049
2.69362
2.62189
2.98036
2.4095
2.44026
2.73388
2.29451
2.62967
2.69179
2.55682
2.71516
2.68242
2.51175
3.06849
2.46419
2.9764
2.27674
2.50723
2.84922
2.46047
2.70362
2.83483
2.64163
2.86649
2.46522
2.58223
2.42379
2.23471
2.55904
3.03882
2.49738
3.03358
2.40776
2.69498
2.88546
2.5379
2.91641
2.53283
2.32347
2.97754
2.63007
2.3437
2.93708
2.64452
2.46501
2.94479
2.37087
2.66981
2.39641
2.28306
2.49334
2.25821
2.70529
2.56739
2.4192
2.65584
2.43218
2.73301
2.51975
3.10736
2.63828
2.37142
2.17877
2.37621
2.81613
2.87814
2.36548
2.50396
2.71974
2.60274
2.84292
2.74614
3.03283
2.57356
2.62213
2.5513
3.31672
2.62191
2.93139
2.32679
2.89476
2.37536
2.27707
3.02731
2.4935
2.43491
2.62604
2.48254
2.16334
2.50156
2.62806
2.4348
2.4434
2.95016
2.70072
2.29745
2.96763
3.06917
2.77758
2.75496
2.42299
2.74022
2.41079
2.63662
2.52775
2.2717
2.75208
2.42625
2.49932
2.70198
2.26981
2.41775
2.72938
2.7275
2.83349
2.70563
2.79118
2.61549
2.57464
2.89897
2.70112
2.31356
2.27037
2.64007
2.36145
2.61124
2.51418
2.6079
2.43521
2.83211
2.5591
2.75595
2.69136
2.46299
2.73716
2.70327
2.86539
2.83534
3.10658
2.46755
2.37809
2.09012
2.99368
2.75524
2.9549
2.25037
2.21495
2.74008
2.47111
2.54182
2.44999
2.48152
2.33221
2.51991
3.22451
2.6812
2.96189
2.65866
2.54576
2.44116
2.54817
2.42345
2.31881
2.78013
2.84339
2.48451
2.20998
2.88299
2.59246
2.77702
2.77512
2.65661
2.53832
2.82107
2.51014
2.52071
2.35933
2.26348
2.34128
2.72402
2.75198
3.13565
3.17684
2.68474
2.31457
3.16229
2.34942
2.77036
2.99334
2.63618
3.03967
2.84784
2.57454
2.90165
2.67536
2.70846
2.78352
2.53977
2.70134
2.92707
2.77811
2.54834
2.33267
2.61751
2.58967
2.77223
2.58935
2.80596
2.45008
2.60993
3.48143
2.56677
2.47051
2.6898
2.79722
2.47169
2.31689
2.6667
2.80894
2.8431
2.62531
2.65425
2.61985
2.58649
2.84861
2.84526
2.68616
2.44823
2.3565
2.7772
2.2669
2.61887
2.61335
2.65578
2.46309
3.05588
2.39594
2.54398
2.90768
2.73133
2.55282
2.48209
2.72175
2.69005
2.67204
2.49283
2.9134
2.24791
2.6409
2.47379
2.8675
2.93121
2.12149
2.41983
2.75893
2.45437
2.74174
2.75064
2.45133
2.76313
2.80681
2.31538
2.35485
2.45836
2.29907
2.71184
2.59166
2.89817
2.97463
2.41089
2.7092
2.51935
2.45208
2.40683
2.62801
2.69236
2.85751
2.76362
3.08202
2.60833
2.56623
2.57443
2.38762
2.8442
2.56688
2.34048
2.69754
2.89829
3.15279
2.59742
2.67474
2.79887
2.92276
3.0141
2.53892
2.7317
2.79886
2.76376
2.5385
2.51953
2.35183
2.90345
2.55893
2.22282
2.51258
2.67895
2.77984
2.26328
2.81782
2.78889
2.48729
2.54003
2.30627
2.70677
2.56066
2.72695
2.69743
2.41486
2.49394
2.56839
2.61413
2.57925
2.43797
2.56149
2.38255
2.39755
2.73764
2.60277
2.6386
2.28066
2.56996
2.5389
2.15231
2.85044
2.40422
2.52213
2.71618
2.84919
2.42952
2.49826
2.54603
2.65514
2.50633
2.86268
2.87062
2.8284
2.32168
2.1724
2.2339
2.39462
2.59179
2.27913
2.32454
2.6665
2.9199
2.60734
2.54928
2.59389
2.52242
3.01297
2.70079
2.78503
2.77175
2.53056
2.65208
2.72806
2.65769
2.63946
3.07256
2.50076
2.684
2.80691
2.78222
2.58569
2.57331
2.78563
2.70179
2.72748
2.40742
2.72587
2.47809
3.08667
2.49992
2.84063
2.32088
3.0747
2.81947
2.78518
2.61396
2.77332
2.37752
3.06291
2.77826
2.87265
2.56287
2.54852
2.82794
2.61218
2.53116
2.61718
2.28276
2.7865
2.18706
2.49127
2.26719
2.71206
3.38678
2.33411
2.60176
2.47107
3.06692
2.65285
2.38772
2.55403
3.74901
2.70046
2.69457
2.67343
2.83301
2.43834
2.37166
2.37551
2.74912
2.83015
2.73984
2.80594
2.76151
2.27891
2.56899
2.5869
2.73795
2.4299
2.60717
2.58255
