4.74549
5.71754
4.78805
4.40047
4.5313
4.13723
5.74872
4.58591
6.86106
6.54011
4.75601
4.3463
4.32725
6.0548
5.35739
4.96733
4.86698
4.88525
5.57454
5.05505
5.66871
4.31832
5.0435
4.87777
5.07425
7.04536
5.69428
5.91618
4.91761
4.65964
5.50116
4.26221
6.00603
4.90225
4.58391
4.98423
5.9691
6.63759
6.13884
4.75381
5.87865
5.13069
4.89523
5.31661
4.35192
5.79186
5.18507
4.07285
4.39416
5.08158
6.32394
6.05271
3.77291
5.67913
6.19024
4.37798
4.69405
3.9168
5.08693
5.30858
6.55609
5.04203
3.86795
5.32186
6.43013
3.54389
6.65537
6.11143
5.04182
3.87857
5.38409
3.74781
4.28123
5.06803
5.10169
5.54641
5.7777
5.62477
5.61486
5.01661
5.91335
4.65848
4.03858
5.12097
4.31357
4.95871
5.27255
4.3805
4.77174
5.8938
7.32421
5.9558
7.11739
4.70332
4.79656
6.63556
5.93455
7.13745
4.88295
4.51428
4.78438
5.73019
5.68027
5.47353
5.23359
4.97166
6.17719
5.0242
5.26863
6.91616
4.85178
6.86887
5.22731
5.28857
5.07053
4.10983
4.69729
4.23633
4.43442
5.51859
5.86982
5.54805
4.81186
4.26629
5.14824
4.89275
4.88009
3.79692
4.40802
4.83349
4.88875
5.029
4.46179
5.87161
4.19181
5.308
6.38103
5.86431
5.65405
5.77446
3.77424
3.90599
5.88024
4.91979
4.22655
5.6708
4.21462
4.86287
4.52754
8.6331
3.94482
4.45297
5.64727
5.86118
5.76024
4.71561
5.57729
5.71859
3.64513
4.21527
5.26496
5.00355
4.26231
4.52296
4.68676
6.6054
7.73365
5.51018
4.10458
6.74644
5.81478
6.36476
6.11289
4.52174
5.27733
4.74938
3.91267
4.99774
4.79382
6.77934
3.84952
4.9378
3.66135
6.63082
4.75609
5.21762
4.6996
4.22432
4.10461
5.05426
4.91065
4.20983
4.94116
5.91963
5.13057
3.97977
4.1805
7.96806
4.39635
6.92566
4.63757
3.77099
5.42841
4.9442
5.81153
5.23078
4.85844
7.49225
5.59158
5.72701
6.53788
5.87193
7.68899
4.70746
5.54141
4.56048
4.93308
4.68056
4.75307
3.90642
5.91554
3.96945
5.85121
4.42397
3.60733
7.96616
5.30908
4.34021
4.89528
6.43225
7.27013
4.72686
4.63111
4.19033
4.66788
4.74029
6.61905
5.04473
4.57016
5.09226
4.89856
6.47139
5.23516
4.63857
6.48495
4.12583
6.11003
4.92881
4.85459
4.68175
4.81588
4.51057
4.41136
5.5808
5.8391
5.31832
4.66735
6.53475
5.06498
6.8734
5.56866
4.45913
6.35705
5.10433
6.29283
4.6976
3.88127
6.4092
4.01873
5.50802
4.21217
5.98218
5.04444
4.19669
6.1711
4.53124
7.03355
6.36614
3.54027
4.56194
5.52955
5.10911
6.19211
5.54874
5.19626
4.59
6.92615
5.0133
5.66217
5.67032
4.38629
4.18121
4.95926
4.98519
4.49539
7.13319
4.4847
5.473
4.60423
6.14092
4.42571
5.80306
5.4474
4.83352
4.26977
4.73732
4.54103
5.50188
5.17795
4.47237
4.50478
7.23329
5.97917
6.53327
4.16424
4.31458
5.93994
4.89824
6.19431
4.79394
4.86755
4.06664
4.6726
4.79439
5.29033
4.20936
7.97413
4.55888
5.39351
4.84111
4.94067
5.80803
4.3293
5.42717
4.45814
5.87479
4.96108
4.93704
5.94866
7.48602
6.59582
5.96206
4.75414
6.27293
4.48894
6.03025
6.48047
5.40371
5.22428
5.41107
4.73181
4.06331
4.1003
5.63602
4.31569
3.90849
5.32735
4.74176
5.40036
5.27945
4.82557
4.5311
4.65494
3.77242
5.31599
5.25431
5.91937
4.35946
4.51587
5.11231
4.45775
4.94734
3.90833
4.93257
7.97998
5.14434
5.58226
4.12039
4.83629
4.86015
4.64124
5.75866
6.37289
5.50966
4.95884
5.82795
5.3012
4.61867
5.78288
4.96355
4.63651
5.05971
5.27441
5.58452
5.4833
5.36322
4.77401
5.02017
4.18303
4.3661
5.10407
4.20379
4.72111
5.05758
3.94055
6.55963
5.00206
4.81237
5.38318
6.37876
4.53637
4.65724
5.16015
5.5115
5.14038
5.38861
5.56864
6.26432
6.73408
5.98975
4.90083
4.43948
5.93524
5.73642
5.08727
3.76244
4.56698
4.70193
6.32397
5.05645
5.52261
4.59011
4.11221
4.99604
5.47726
4.75973
6.62189
4.1513
6.05191
4.30353
5.49313
5.58816
4.59695
5.00788
5.51026
7.08842
4.83358
6.97557
5.17359
4.39171
5.07473
5.91521
4.43336
5.70922
5.38517
5.13092
5.25621
4.88423
5.70922
6.45451
5.08962
5.60212
6.02135
5.12106
8.90996
5.73696
5.07022
4.36073
4.72517
5.42705
8.07291
5.23809
5.13088
4.77374
4.93487
4.64027
4.69766
3.95558
6.02552
5.63508
4.91959
5.76267
4.77237
6.3973
3.92129
4.67424
4.25305
5.10773
5.17019
4.9601
4.21588
7.65137
4.37162
5.73767
4.6507
4.3176
5.19903
5.40029
4.75549
5.44279
