4.43188
3.84741
4.08256
3.43737
3.66305
3.75456
4.26204
4.286
4.87038
4.42753
4.36221
3.13323
3.62919
3.83395
4.44811
4.63754
3.6704
3.73162
4.77576
4.48701
3.67408
4.38917
4.13522
4.44613
2.82227
5.21381
4.64332
3.51885
4.0696
4.00041
4.51212
3.80413
4.51237
4.26614
4.11555
4.02246
3.86952
4.15822
5.07846
4.33187
4.23705
4.48494
3.81602
3.91989
3.76386
4.89137
3.87442
4.37714
4.37161
4.14154
4.53147
4.38775
4.23262
4.04177
3.85049
4.36394
3.91862
3.83238
3.50275
3.92452
4.58501
4.69924
4.55169
3.07338
4.76804
4.40462
3.95229
4.38408
5.14184
3.84067
5.99146
4.33655
3.16649
4.76116
3.63001
4.38871
4.81983
4.69899
3.58631
4.21173
4.43017
3.51313
4.66728
3.80848
4.29611
3.89937
3.65146
6.31444
4.23979
4.05624
5.13116
4.52441
4.12395
5.64879
4.65751
3.68135
4.24083
4.10763
3.80785
3.60387
3.87699
5.02378
3.61168
4.09243
3.67905
4.38321
3.88153
4.49083
4.68873
3.4099
4.10893
4.51342
3.52656
4.91182
3.47898
3.65946
4.33545
3.82994
4.20369
4.61218
3.85916
4.39077
3.71616
3.73329
4.15923
4.47496
3.49027
4.11519
4.15071
4.09924
3.92793
5.03471
4.17333
3.81593
4.81937
3.73287
4.3278
4.45363
3.80375
3.88878
3.8424
3.49413
3.86858
4.21098
4.49914
4.29406
4.50431
3.78365
5.35317
4.57367
3.99677
3.9936
4.86137
4.83821
4.24197
4.47076
4.02656
4.05652
3.98426
4.46235
3.78202
3.50644
4.6669
4.24171
3.90508
4.47725
4.2927
4.03348
4.3706
3.70042
3.72787
4.08659
3.71957
4.95492
4.57114
3.62522
3.72445
5.74843
3.74783
3.94244
3.96522
4.04148
5.26098
3.91543
4.20104
4.00996
4.43993
4.02807
5.1545
4.22631
4.68845
3.58409
3.65584
3.86471
3.65414
4.52709
3.96938
4.36635
4.34914
3.94965
4.59966
3.89281
3.91006
4.82473
3.90486
3.46659
4.19605
4.56614
5.06281
4.23986
4.22058
4.57327
4.12108
3.77961
3.62685
4.07766
4.07055
5.06698
3.66729
5.12515
3.64971
3.58237
3.86337
4.42133
4.20467
4.40712
4.12141
3.66669
4.49647
4.36292
4.56824
4.12361
4.03574
3.35125
3.85972
4.64158
3.7831
3.56551
3.81523
4.07902
3.91435
4.73247
4.18301
3.49648
4.44042
4.70514
5.33199
4.76971
3.90058
3.80975
4.51905
3.94436
4.25668
4.42839
4.41062
4.59942
3.91892
4.39274
4.25113
4.3276
3.0611
3.93453
4.67612
4.43851
3.66977
4.12571
4.24993
4.6628
4.45585
4.44039
4.37384
5.05926
3.94459
3.50061
4.3742
3.64599
4.63607
3.76068
4.5304
3.80986
3.4136
3.98883
4.04934
3.8598
4.37035
4.54814
4.35296
4.89
4.37074
3.92339
3.75248
3.4855
4.29958
3.85156
4.01371
3.7254
4.20943
4.3496
6.72239
4.45988
4.27931
3.966
4.24422
3.5313
3.92403
3.92289
4.63072
4.309
3.47816
4.77526
3.42777
3.7433
3.8094
3.53048
3.98586
4.05056
4.21488
4.63727
4.27271
4.24527
3.41061
4.76218
4.09131
4.19634
6.31616
4.81332
4.6351
3.79937
3.87794
4.38254
3.62086
5.1478
3.73917
3.94794
3.69247
4.62443
3.5698
3.8884
4.37747
3.51963
5.2146
4.20238
3.77162
3.96996
5.43175
4.2665
4.12083
4.66253
4.20922
4.48357
3.78234
3.9613
3.67206
4.36548
4.08131
3.3828
4.68474
4.11878
3.64912
3.95688
3.72311
4.8879
4.43879
3.75716
4.49236
3.68299
3.76001
3.8609
3.9594
3.81766
3.9446
3.88464
3.38091
5.42305
3.3545
3.44685
5.31521
3.49421
4.26274
4.09968
3.97608
4.24402
3.77096
3.35375
5.01631
4.75926
4.08974
4.33354
3.63914
4.35106
3.91607
3.54944
4.33021
4.32594
4.47063
3.83961
4.51915
4.7299
3.33963
4.08301
4.2916
4.33935
3.97479
4.03936
3.80037
3.49242
4.51069
4.19706
4.25587
3.82323
4.44604
3.69372
4.63541
4.09253
5.30116
3.50089
3.8375
3.81285
4.4558
4.91842
4.22274
3.82264
4.49437
4.24534
3.50334
3.99634
5.70395
4.30139
5.48932
3.362
5.7278
4.38948
4.4881
4.29092
4.10552
4.51704
3.84248
3.57122
4.53549
4.2729
5.20388
3.88179
4.10896
3.87853
4.41484
4.45566
3.61044
3.96073
4.06682
4.60951
4.59383
4.3214
4.77558
3.76922
3.65209
3.53305
4.41675
3.48299
3.77935
3.9411
4.7917
4.1781
4.37693
3.78313
4.44265
3.54001
3.5285
4.70865
3.73068
4.33719
3.51103
4.19975
6.69759
4.33741
4.6479
4.60005
6.02942
3.84799
4.09873
5.42259
4.60893
3.63421
4.52011
3.91726
3.8241
4.30554
4.46344
3.81402
4.03002
5.08021
3.77188
3.35904
3.75063
4.98696
4.26217
5.03524
3.43235
3.90792
4.0808
3.70483
