3.40786
3.40284
3.51625
3.76905
3.44846
3.67333
3.55641
3.58963
3.49037
3.77555
3.40726
3.58907
3.9864
4.32784
4.71822
3.67695
3.48724
3.80303
4.38006
3.32401
3.42559
3.35795
3.76397
3.97088
3.35815
3.78619
3.72713
3.81491
3.87372
3.76022
3.70568
4.24574
3.6572
4.30919
3.80011
4.03625
3.83209
3.4873
4.10551
4.19266
3.39915
3.5035
3.46063
3.53892
3.43101
3.69905
3.59204
3.67045
3.60383
3.80227
3.5509
3.69366
3.45016
3.73938
3.76919
3.57008
3.53959
3.30922
3.52941
3.37751
3.41177
3.50827
3.63978
3.49522
4.05118
3.66757
3.78474
4.45693
4.23376
3.28895
3.6387
3.66181
3.45087
3.46893
3.49078
3.68116
4.16662
4.61188
3.31125
3.70771
3.59558
3.34937
3.58272
3.59197
3.70496
3.92445
3.51551
3.59934
3.69326
3.52914
3.82622
3.605
3.81464
3.85003
3.87062
3.50743
3.51724
3.60551
3.25265
3.74163
3.70937
3.93177
3.42057
3.88135
3.71345
4.03483
3.70604
3.59845
3.84744
3.81845
3.80231
3.60962
3.81404
3.87663
3.6788
3.77548
3.52043
3.59596
3.77188
4.2429
4.47675
3.96963
3.95361
3.62991
3.86252
3.64153
3.38591
3.79852
3.69921
3.52352
3.94305
3.64365
3.65389
3.35744
3.51208
3.54473
3.72824
3.36976
3.86483
3.65057
3.99618
3.75307
3.44656
3.60482
3.62029
3.35038
3.22973
3.39685
3.57732
3.51828
4.23771
3.68416
3.64516
3.52526
3.59874
3.56937
3.54221
3.70603
3.72735
3.80353
3.71033
3.55205
4.08324
3.46634
4.06306
3.44706
3.96857
3.51785
3.63172
3.76181
4.01228
3.76577
3.83458
3.62389
3.57773
3.71352
3.72432
3.53714
3.27272
3.75529
3.72884
3.39842
3.6624
3.56994
3.60328
3.60533
3.71869
3.53911
3.77067
3.69754
3.99498
3.36233
3.42153
3.68744
3.83242
3.73659
3.59519
3.61729
3.51634
3.60714
3.74851
3.56396
3.6581
3.4131
3.45948
3.66152
3.59472
3.73179
3.55087
3.23544
3.92575
3.89444
3.62569
3.7653
3.64725
3.85537
3.80325
3.89073
3.21792
3.46577
3.78959
3.90458
3.70473
3.21582
3.92138
4.15119
3.88693
4.14786
3.54566
3.4293
3.62666
3.3443
4.33907
3.25686
3.17332
3.62924
3.54594
3.4841
3.66948
3.52897
3.53804
3.72825
3.78979
3.47788
3.95654
3.70921
3.45101
3.5107
3.87822
3.87702
4.30659
3.56109
3.31224
3.17941
3.50908
3.23726
3.6217
3.63186
3.61145
3.59178
3.92411
3.45438
3.6611
3.33232
3.71296
4.26806
3.46883
3.43403
3.41891
3.71449
3.35253
3.70774
3.41639
4.48872
3.75175
3.65548
3.68056
3.84827
3.68443
3.90202
3.71867
3.60191
3.53628
3.41572
3.86254
3.34828
3.93588
3.71179
3.58423
3.79045
3.70949
3.59718
3.68016
3.54972
3.63803
3.85045
3.5981
3.35156
3.34877
3.64459
3.94757
4.2022
3.56191
3.14979
3.78393
3.36964
3.31127
3.66258
3.4829
3.48368
3.60212
3.59551
3.72355
3.6423
3.7926
3.65805
3.38372
3.59329
3.69723
3.70789
3.59422
3.6293
3.21071
4.87487
3.98965
3.72572
3.7533
3.66529
3.81472
3.50223
3.71983
3.78088
3.73905
3.70837
3.84205
3.69164
3.69446
4.25464
3.72147
3.89588
3.88237
3.42243
3.23929
3.60217
3.41469
3.79144
3.8279
3.96187
3.20887
3.43328
3.46381
3.61552
3.69383
3.65901
3.83676
3.50726
4.12978
3.78204
4.06035
3.56439
3.99123
3.95278
3.61352
3.53614
3.73205
3.36572
3.52062
3.87525
3.66035
3.40471
3.60319
3.30879
3.78108
3.66043
3.70596
3.8201
3.67161
3.81547
3.57476
3.70355
3.32515
3.46475
3.49109
3.50687
3.33613
3.68826
3.63799
3.55828
3.48363
4.54144
3.2569
3.59398
3.63079
3.84539
3.80101
4.01584
3.35881
3.22412
3.59158
3.73586
3.56605
3.58119
3.51373
3.35766
3.47282
3.72177
3.7199
3.45581
3.84098
3.63543
3.38486
3.69221
3.60024
3.58433
3.67379
3.75782
3.58692
3.47407
3.5311
3.80342
3.22305
3.61762
3.49925
3.648
3.33592
3.77044
3.71821
3.79463
3.49634
3.25923
3.78378
3.57453
5.4071
3.77923
4.04528
3.43788
3.60889
3.48251
3.52311
4.11686
3.95149
3.85028
3.89049
3.75168
3.44486
3.70021
3.72354
4.29873
3.80229
3.62772
3.56197
3.7834
3.69335
3.87295
3.7192
3.9221
3.63711
4.04047
3.14075
3.78844
3.64947
3.33448
4.05288
4.21628
3.73479
3.46976
3.69379
4.14261
3.82053
3.34714
3.46465
3.68736
3.35502
4.00648
4.31453
3.84924
3.39652
3.80305
3.65447
3.91561
3.86659
3.69971
3.66897
3.92263
3.67099
3.58869
3.57729
3.82396
3.86276
3.77518
3.67276
3.38879
4.40163
4.04274
3.75463
3.75621
3.72873
3.71767
3.58588
3.68743
