2.46078
2.4623
2.61084
2.84784
2.48487
2.63075
2.61705
2.60618
2.54506
2.70837
2.51408
2.55231
2.94026
2.9431
3.09581
2.67629
2.51067
2.75972
3.0769
2.44781
2.47668
2.46159
2.77157
2.78261
2.49267
2.72893
2.68789
2.86126
2.88189
2.76232
2.57537
3.112
2.56085
2.85302
2.69372
2.79498
2.77179
2.55625
2.90528
2.97731
2.50463
2.49364
2.59442
2.54443
2.5222
2.63349
2.66695
2.68481
2.56362
2.74488
2.64227
2.6629
2.53957
2.7337
2.76716
2.61304
2.4656
2.40509
2.47221
2.43055
2.53855
2.61123
2.55876
2.54241
2.82735
2.60247
2.77364
2.91656
3.02534
2.44092
2.67779
2.61983
2.39673
2.56089
2.53342
2.62597
3.01088
3.23941
2.3875
2.59363
2.65574
2.51304
2.64973
2.59317
2.75769
2.92153
2.49984
2.58968
2.64972
2.58303
2.89386
2.74588
2.86016
2.81517
2.75839
2.56028
2.58713
2.54818
2.3523
2.60718
2.68202
2.88417
2.46129
2.83162
2.72157
2.93859
2.60423
2.65406
2.72335
2.72649
2.79197
2.69441
2.65573
2.79282
2.57545
2.72037
2.42312
2.64351
2.71282
2.89159
3.14289
2.87908
2.95068
2.65035
2.8398
2.51053
2.50871
2.64192
2.73549
2.59491
2.79891
2.59789
2.64917
2.37379
2.54511
2.5514
2.71291
2.49099
2.66525
2.69454
2.92277
2.75224
2.5544
2.66899
2.59532
2.34385
2.4016
2.39662
2.6127
2.529
2.80903
2.71374
2.57085
2.54803
2.63621
2.56838
2.55897
2.57184
2.83598
2.70806
2.75112
2.60369
2.9101
2.53488
2.83231
2.49828
2.83336
2.51941
2.59543
2.62093
2.8846
2.7708
2.79851
2.59749
2.60084
2.58394
2.68628
2.50691
2.39022
2.71291
2.69112
2.47678
2.69828
2.59911
2.59514
2.69907
2.6585
2.60257
2.83186
2.65988
2.90503
2.39488
2.43565
2.70466
2.67706
2.69949
2.61097
2.71191
2.59341
2.64715
2.79985
2.52864
2.61842
2.45612
2.59093
2.71109
2.61174
2.81735
2.52606
2.36122
2.83152
2.84559
2.64407
2.67955
2.6622
2.75292
2.75042
2.769
2.27326
2.57805
2.78396
2.75922
2.76114
2.34207
2.88816
2.92137
2.83565
2.88895
2.58942
2.5375
2.63133
2.34394
3.05724
2.42386
2.31003
2.70454
2.55149
2.56344
2.69631
2.60189
2.56542
2.77218
2.60319
2.48519
2.827
2.76061
2.48505
2.53441
2.85835
2.7166
2.94933
2.49187
2.51532
2.28879
2.52657
2.31965
2.6256
2.56147
2.5962
2.63906
2.80101
2.48501
2.56034
2.41275
2.69387
2.81715
2.51329
2.52804
2.51396
2.70876
2.52429
2.50727
2.50921
2.93322
2.65106
2.76624
2.61769
2.81632
2.61654
2.78825
2.68341
2.55912
2.57443
2.41077
2.84515
2.39292
2.70616
2.7094
2.60535
2.8204
2.72071
2.61573
2.75763
2.61346
2.65957
2.79528
2.5872
2.45264
2.45527
2.64862
2.94605
3.06205
2.64311
2.26007
2.82205
2.4155
2.40519
2.72532
2.48212
2.49575
2.62586
2.63181
2.66396
2.66567
2.78513
2.52694
2.49595
2.63945
2.713
2.69693
2.56559
2.56278
2.31862
2.42245
2.86406
2.68647
2.79307
2.67549
2.5477
2.45173
2.60935
2.72868
2.8106
2.66809
2.71896
2.6529
2.72415
3.02658
2.70002
2.91101
2.76175
2.4558
2.31043
2.65436
2.49273
2.6774
2.67429
2.59627
2.37654
2.40649
2.47366
2.69594
2.71526
2.62086
2.74498
2.54906
3.05673
2.70726
2.82702
2.64423
2.82624
2.85316
2.52084
2.57324
2.823
2.46479
2.55751
2.84488
2.7354
2.54766
2.49999
2.40346
2.79258
2.6877
2.66408
2.71801
2.61132
2.71196
2.63352
2.68226
2.46408
2.52729
2.58148
2.59252
2.38628
2.62605
2.60677
2.60352
2.58378
2.83724
2.43375
2.56759
2.691
2.73394
2.6103
2.94479
2.40256
2.33187
2.60009
2.73689
2.64168
2.59805
2.43342
2.42173
2.52049
2.65839
2.66708
2.48709
2.79061
2.69737
2.41611
2.73082
2.62006
2.67596
2.70092
2.75934
2.59807
2.48221
2.59682
2.75988
2.28975
2.63708
2.55162
2.66533
2.5059
2.79497
2.69584
2.69532
2.50629
2.35114
2.73998
2.57328
3.1076
2.71811
2.77129
2.47242
2.75195
2.58914
2.53703
3.0032
2.91956
2.81714
2.75584
2.76885
2.51626
2.64761
2.7817
3.0885
2.79352
2.69087
2.56607
2.71304
2.69577
2.79695
2.66935
2.82521
2.54074
2.68205
2.30694
2.69504
2.63911
2.37568
2.8639
2.89655
2.63802
2.48498
2.67293
3.10847
2.78342
2.50369
2.56572
2.81012
2.43128
2.88978
3.20114
2.8346
2.48257
2.72801
2.73532
2.74679
2.87243
2.68591
2.5741
2.91839
2.63326
2.66723
2.59411
2.87263
2.88561
2.7092
2.68863
2.44946
3.02745
2.95408
2.69619
2.66188
2.75036
2.61203
2.61226
2.69104
