3.99266
4.74412
3.94414
3.65937
3.77635
3.41364
4.52691
3.86539
5.32689
5.20862
4.02089
3.62793
3.57704
5.04096
4.3946
4.09264
3.99454
4.08628
4.80685
4.28741
4.86615
3.41535
4.29489
3.89411
4.1072
5.88663
4.79868
5.02464
3.86756
3.56866
4.69261
3.6285
4.63734
4.27102
3.99547
4.32883
5.0277
5.16949
4.98125
4.0151
4.79037
4.43155
3.87617
4.34628
3.57658
4.75663
4.30495
3.48008
3.63682
4.31241
5.01214
4.85228
3.12254
4.30885
5.14238
3.55805
3.93263
3.20075
4.25842
4.34874
5.17615
4.04065
2.96565
4.22013
5.28212
2.72862
5.65987
4.94499
4.29967
3.27955
4.20544
3.13509
3.61513
4.28016
4.00869
4.43711
4.90434
4.58168
4.03824
4.18974
4.15856
3.70856
3.45244
4.19005
3.57739
4.12394
4.3341
3.77698
3.82262
5.03471
5.57372
5.07072
5.57499
3.9736
4.01474
4.8273
4.76943
5.12829
4.04395
3.61248
4.01801
4.46807
4.76009
4.59439
4.26232
4.19198
5.10424
4.25439
4.16014
5.49487
4.01806
5.04311
4.33608
4.16314
4.39228
3.43688
3.86247
3.59416
3.74712
4.63834
4.57914
4.63888
3.92237
3.47104
4.06956
3.90475
3.79544
3.06898
3.70958
3.92296
4.262
4.28739
3.6639
4.92212
3.49478
4.3389
5.21048
4.77977
4.78097
4.71837
3.10954
3.21593
4.79855
3.89871
3.44303
4.66415
3.54382
3.74066
3.75377
6.83767
3.20704
3.24938
4.48871
4.80257
4.61892
3.84909
4.51896
4.66571
3.11657
3.51909
3.54246
4.01281
3.6201
3.76507
3.87078
5.35208
6.35466
4.35885
3.37559
5.66413
5.00875
4.83413
5.04778
3.75179
4.40878
4.02565
3.23385
4.29105
3.87938
5.3822
3.2165
4.26093
3.09218
5.4034
3.9142
4.44792
4.00368
3.50484
3.43452
4.13187
4.1287
3.06197
4.25558
4.93282
4.39139
3.40251
3.53436
6.3161
3.67374
5.95568
3.83001
3.21592
3.98
4.15382
4.55793
4.34847
3.91832
5.64241
4.56675
4.6537
5.25313
4.86473
5.8967
3.89253
4.74242
3.84299
3.94992
3.88081
3.81487
3.28954
4.31437
3.29908
4.88357
3.74567
3.0072
6.5525
4.43538
3.51347
3.99303
5.51369
5.66823
3.97255
3.85104
3.4803
3.78266
3.91946
5.25998
4.30541
3.76563
3.83859
4.16737
5.07521
4.3212
3.85082
5.38085
3.45248
4.8867
4.16193
3.79581
3.97854
3.85894
3.9057
3.82004
4.10705
4.76024
4.4797
3.91183
4.95389
4.3434
5.41769
4.63546
3.66306
5.24671
4.28858
5.44852
3.90434
3.27255
4.89971
3.2274
4.48866
3.53965
4.93429
4.32086
3.5237
5.07495
3.84967
5.77101
4.97845
2.88058
3.66228
4.79433
4.41638
4.72127
4.4474
4.02958
3.78619
5.69679
3.9982
4.87592
4.783
3.58529
3.35189
4.25003
4.20577
3.69596
5.51896
3.6393
4.59206
3.81465
4.84957
3.62991
4.97224
4.35937
4.11834
3.51562
3.88546
3.7722
4.60116
4.28521
3.76529
3.65929
5.29892
4.80184
5.25891
3.4382
3.70175
4.21778
4.19547
5.13129
3.96129
4.01474
3.41095
3.46252
3.99437
4.34266
3.51916
6.18085
3.73058
4.36898
4.04434
4.18956
4.93766
3.56516
4.38075
3.80895
5.04638
3.94698
4.20379
4.97709
5.48135
5.01106
4.70851
3.89871
5.27128
3.73357
4.77622
5.33611
4.34896
4.24121
4.44844
3.83214
3.30232
3.44469
4.71677
3.34798
3.25698
4.4636
3.9592
4.63881
4.34633
3.77548
3.80883
3.72827
3.10883
4.37297
3.99637
5.06928
3.72613
3.65733
4.24768
3.53284
4.05648
3.21523
3.8871
6.00102
4.29554
4.61609
3.4662
4.00147
3.99858
3.71019
4.8881
4.35676
4.67598
4.03446
4.79169
4.51376
3.94662
4.44218
4.03697
3.88678
4.18883
4.38302
4.07581
4.1352
4.35114
4.02158
4.25134
3.43507
3.54798
4.1342
3.3703
3.84045
4.21409
3.33735
5.58136
4.34271
3.80352
4.45223
4.5974
3.86389
3.79102
3.86557
4.55432
4.2099
4.29003
4.39345
4.43225
5.3731
5.03612
4.14265
3.45311
4.87174
4.37547
4.3214
3.08313
3.82932
4.02994
5.03421
4.23797
4.4581
3.81871
3.42755
4.23496
4.56292
3.74835
4.72967
3.3326
4.99876
3.54104
4.69014
4.73218
3.90739
4.02653
4.09847
5.40449
4.07895
5.85565
4.29504
3.64453
4.37138
4.56329
3.65217
4.7999
4.45978
4.26077
4.35602
4.19726
4.30754
5.19624
4.36037
4.66796
5.18
3.93841
7.23713
4.87636
4.22771
3.65626
3.81172
4.27845
6.24912
4.11368
4.37985
3.89014
4.21231
3.69452
3.71401
3.21866
5.05645
4.81501
4.13788
4.71474
3.88327
4.74188
3.26737
3.76027
3.593
4.2761
4.38784
4.1302
3.43355
6.08273
3.62949
4.73755
3.87536
3.58716
4.42773
4.60603
3.6871
4.53064
