4.36293
3.7893
4.00084
3.38496
3.60404
3.69451
4.18789
4.19957
4.72945
4.33462
4.28164
3.07371
3.57226
3.7766
4.37147
4.54788
3.62025
3.66947
4.67024
4.40882
3.62041
4.31113
4.06515
4.37667
2.76625
5.07401
4.57097
3.45635
3.9945
3.94053
4.42698
3.74338
4.42876
4.17747
4.0383
3.96727
3.80887
4.08932
4.99395
4.26616
4.1308
4.41639
3.72738
3.85338
3.70311
4.791
3.81601
4.30536
4.29513
4.0763
4.39632
4.31601
4.1477
3.9563
3.78116
4.28945
3.85549
3.77305
3.44392
3.86789
4.50184
4.56599
4.47931
3.02418
4.55869
4.32817
3.86928
4.28027
5.01871
3.77651
5.74917
4.26928
3.11422
4.67345
3.57099
4.32054
4.74652
4.61049
3.52589
4.13856
4.35016
3.46072
4.5624
3.74209
4.22219
3.81606
3.59224
6.11334
4.16
3.97452
5.04057
4.45118
4.05444
5.35549
4.55182
3.62265
4.16048
4.03342
3.7475
3.54688
3.80508
4.94066
3.54988
4.01834
3.62053
4.30641
3.80492
4.42082
4.60991
3.33362
4.03714
4.4112
3.46301
4.81615
3.41898
3.60582
4.27418
3.76823
4.13101
4.52921
3.78177
4.3208
3.65868
3.58693
4.07766
4.39004
3.43729
4.04941
4.08233
4.03789
3.86151
4.92589
4.10164
3.75787
4.71693
3.67166
4.26317
4.38076
3.73584
3.80788
3.76887
3.42782
3.79942
4.14765
4.42831
4.20385
4.41241
3.72303
5.26732
4.49583
3.93871
3.92638
4.74534
4.70322
4.16883
4.37451
3.97025
3.9779
3.91206
4.39285
3.72174
3.45446
4.57905
4.17021
3.8325
4.40597
4.2209
3.95614
4.27061
3.63333
3.64198
4.0066
3.65612
4.85115
4.48473
3.56578
3.65994
5.53232
3.68496
3.84766
3.90715
3.98
5.15835
3.84185
4.11713
3.9512
4.36802
3.96442
5.05537
4.1536
4.60029
3.51578
3.58862
3.78006
3.58811
4.44061
3.90026
4.29876
4.27113
3.87555
4.51607
3.83174
3.83244
4.73819
3.84086
3.40874
4.11524
4.49892
4.87593
4.13733
4.13526
4.48859
4.04497
3.71911
3.53911
4.00065
4.00259
4.95586
3.5997
5.04048
3.59362
3.50445
3.7996
4.33908
4.14304
4.32387
4.04789
3.6063
4.42023
4.28135
4.49508
4.05974
3.95779
3.29957
3.79705
4.56637
3.72358
3.50075
3.75618
4.01305
3.85412
4.66832
4.12752
3.43867
4.34362
4.60205
5.2271
4.65323
3.84168
3.70979
4.43172
3.8765
4.17672
4.35291
4.32999
4.51304
3.87093
4.32776
4.17026
4.23493
3.00812
3.86887
4.57955
4.359
3.60609
4.06057
4.17623
4.58515
4.36653
4.36277
4.2989
4.98106
3.88101
3.45835
4.29305
3.56986
4.5639
3.69743
4.45913
3.74418
3.36492
3.88444
3.99183
3.79958
4.2747
4.47139
4.25477
4.797
4.31284
3.85419
3.6855
3.42649
4.23865
3.7926
3.95054
3.66798
4.12185
4.27158
6.4587
4.37184
4.20409
3.89445
4.16757
3.466
3.85205
3.86437
4.56802
4.22407
3.42634
4.68284
3.33479
3.68951
3.74796
3.45495
3.9138
3.93892
4.14748
4.55797
4.17976
4.17652
3.35649
4.64012
4.01592
4.11657
6.13451
4.72924
4.55903
3.73639
3.81547
4.30796
3.56021
5.01074
3.67679
3.88723
3.63262
4.54808
3.51852
3.79513
4.31201
3.45281
5.09251
4.12546
3.70317
3.90322
5.27402
4.17116
4.05061
4.59176
4.13865
4.40537
3.7186
3.88586
3.61235
4.29379
4.01473
3.32393
4.59421
4.04567
3.58717
3.87925
3.66964
4.78209
4.37348
3.69077
4.40575
3.62259
3.69289
3.80275
3.88588
3.74353
3.86946
3.80051
3.31975
5.31745
3.29042
3.38837
5.22748
3.43506
4.17868
4.02189
3.90883
4.16538
3.70796
3.29178
4.92544
4.67971
4.01929
4.20547
3.57376
4.27364
3.84912
3.49204
4.19085
4.24579
4.3708
3.77465
4.416
4.58885
3.28699
4.02094
4.19671
4.26887
3.90872
3.96505
3.73934
3.42933
4.42899
4.12938
4.18528
3.75374
4.34174
3.62721
4.56386
4.02799
5.20786
3.43635
3.76963
3.73994
4.3651
4.83992
4.15617
3.75514
4.41886
4.17443
3.44238
3.93279
5.60274
4.21782
5.36698
3.29922
5.56509
4.30555
4.4022
4.22275
4.04199
4.44831
3.77657
3.49722
4.42804
4.20475
5.0891
3.81246
4.01025
3.80759
4.34764
4.38851
3.55371
3.86962
3.99764
4.52951
4.52104
4.24144
4.67612
3.70182
3.58832
3.46512
4.32004
3.42554
3.7221
3.88058
4.68335
4.10892
4.30343
3.72502
4.31398
3.47295
3.46037
4.63442
3.66739
4.2529
3.45716
4.12385
6.43742
4.2577
4.56702
4.50846
5.84326
3.77718
4.02956
5.29699
4.52283
3.56914
4.43698
3.83763
3.75659
4.22134
4.38453
3.75602
3.94766
4.92508
3.70333
3.30368
3.66075
4.87477
4.15943
4.93334
3.37643
3.83772
4.01474
3.63004
