3.28878
3.27899
3.40318
3.6587
3.32381
3.5376
3.43767
3.46124
3.37189
3.6407
3.29305
3.45133
3.852
4.13026
4.5081
3.54693
3.35782
3.66588
4.19696
3.2115
3.30594
3.24369
3.63802
3.8197
3.24432
3.65082
3.59436
3.69593
3.74914
3.63405
3.55223
4.10088
3.5124
4.07398
3.64784
3.86707
3.69699
3.36753
3.94614
4.03587
3.28529
3.36669
3.35159
3.40421
3.31393
3.56044
3.48002
3.54494
3.46755
3.66484
3.43531
3.56567
3.33664
3.61509
3.64613
3.44912
3.39941
3.19633
3.37658
3.25484
3.30348
3.39349
3.49762
3.37353
3.88225
3.52047
3.66004
4.23541
4.0741
3.18653
3.51468
3.52573
3.31874
3.35262
3.36979
3.54143
4.02321
4.44029
3.18842
3.54738
3.47598
3.24467
3.46423
3.46713
3.58846
3.8019
3.38044
3.46615
3.56243
3.40473
3.71333
3.49697
3.69585
3.71177
3.72711
3.38577
3.3976
3.4725
3.14108
3.58563
3.57409
3.80223
3.29817
3.74137
3.58868
3.89645
3.55939
3.48184
3.70251
3.68131
3.6787
3.49307
3.66535
3.73785
3.54058
3.63788
3.35055
3.47817
3.64185
4.03748
4.30432
3.83256
3.8252
3.51488
3.7319
3.47418
3.28134
3.63768
3.57626
3.40685
3.79759
3.51301
3.53033
3.22713
3.38684
3.41358
3.60422
3.259
3.6841
3.52866
3.86306
3.63083
3.33359
3.48613
3.49054
3.20938
3.12778
3.26887
3.45772
3.38999
4.03967
3.55996
3.50556
3.40454
3.47918
3.44488
3.41893
3.55423
3.61831
3.65289
3.59186
3.43387
3.92168
3.3475
3.88551
3.33193
3.80906
3.39087
3.49974
3.57675
3.86481
3.6418
3.7058
3.48915
3.45654
3.56486
3.59397
3.39621
3.16634
3.62584
3.59591
3.28235
3.54498
3.44228
3.47888
3.49469
3.58627
3.42505
3.65556
3.55607
3.85284
3.24118
3.29209
3.56281
3.66039
3.60679
3.47032
3.5029
3.40151
3.49006
3.62861
3.43475
3.5317
3.28681
3.35242
3.5447
3.46738
3.61929
3.42384
3.12575
3.79009
3.75862
3.50319
3.62441
3.52497
3.7016
3.67032
3.73978
3.09784
3.35199
3.66394
3.75634
3.58612
3.10704
3.78332
3.99185
3.75783
3.97979
3.42467
3.31712
3.49245
3.21023
4.18564
3.15328
3.0658
3.51197
3.42009
3.36755
3.54246
3.41475
3.41168
3.60764
3.63578
3.35209
3.80384
3.59
3.33145
3.38765
3.7494
3.7162
4.13335
3.41742
3.21539
3.06321
3.38536
3.12145
3.49739
3.48521
3.47595
3.47168
3.77931
3.3328
3.50885
3.21287
3.58057
4.07115
3.34932
3.32105
3.30934
3.58803
3.2531
3.53824
3.30404
4.22588
3.60754
3.54713
3.54594
3.71316
3.53564
3.76002
3.58753
3.4661
3.40972
3.28562
3.7349
3.22509
3.76442
3.59055
3.45891
3.66797
3.58095
3.46605
3.56732
3.4298
3.51297
3.71549
3.4738
3.23898
3.24054
3.51523
3.82423
4.06132
3.44774
3.03794
3.66709
3.24728
3.20007
3.54583
3.35196
3.36158
3.47992
3.47242
3.5911
3.52
3.66512
3.49333
3.26896
3.47045
3.56965
3.57983
3.45542
3.48146
3.09613
4.19735
3.83208
3.58897
3.63392
3.53435
3.63474
3.36245
3.57589
3.64691
3.62535
3.57405
3.69262
3.55546
3.57534
4.10041
3.58707
3.77216
3.73602
3.30035
3.12066
3.47402
3.29863
3.64592
3.66554
3.75508
3.10251
3.2988
3.33705
3.50088
3.57464
3.52622
3.70253
3.38579
3.99122
3.6408
3.89932
3.45319
3.84484
3.81507
3.46773
3.40961
3.62328
3.25136
3.40184
3.74621
3.54853
3.29768
3.44399
3.19663
3.65235
3.54042
3.5732
3.67164
3.53622
3.67664
3.45068
3.57023
3.21762
3.3458
3.3776
3.39361
3.21688
3.55466
3.50602
3.43944
3.37191
4.21927
3.15497
3.46431
3.51654
3.7069
3.63727
3.8848
3.23241
3.11322
3.46068
3.61132
3.45146
3.45768
3.36467
3.24029
3.35524
3.57505
3.58062
3.33494
3.70777
3.51781
3.26185
3.5716
3.48259
3.46924
3.54738
3.635
3.46237
3.34542
3.4172
3.66596
3.10405
3.49498
3.37924
3.52185
3.23099
3.64685
3.58685
3.65155
3.36995
3.14622
3.64538
3.44757
4.95261
3.64231
3.86291
3.31451
3.50185
3.37459
3.39592
3.97722
3.82516
3.72204
3.7444
3.62798
3.32843
3.55937
3.60829
4.14481
3.67204
3.51555
3.43468
3.64408
3.5677
3.73583
3.57967
3.77976
3.49486
3.85215
3.03629
3.65194
3.52425
3.21325
3.89379
4.03398
3.58598
3.34363
3.55991
4.01268
3.68919
3.24485
3.3514
3.57889
3.23785
3.85225
4.17768
3.72643
3.27575
3.66929
3.54264
3.74838
3.74053
3.55879
3.51901
3.79498
3.52888
3.47019
3.45429
3.71007
3.74382
3.62912
3.55124
3.26622
4.22542
3.91153
3.61283
3.6178
3.60709
3.56063
3.46142
3.56471
