2.50078
2.30351
2.90208
2.5551
2.37637
2.22168
2.53353
2.54592
2.61082
2.48756
2.34475
2.40196
2.40537
2.49561
2.43316
2.33056
2.05048
2.26957
2.55428
2.38914
2.81396
2.34764
2.9048
2.56482
2.50177
2.63573
2.86475
2.38381
2.47113
2.46676
2.6068
2.51087
2.38706
2.70386
2.39149
2.31044
2.41188
2.44001
2.56477
2.33527
2.94707
2.05511
2.26166
2.27587
2.42335
2.49356
2.63801
2.62231
2.21814
2.13983
2.34853
2.59727
2.56186
2.3613
2.38458
2.40302
2.59913
2.51952
2.46773
2.2671
2.54002
2.44047
2.66959
2.33412
2.87287
2.4477
2.53221
2.47041
2.80233
2.27005
2.29221
2.54369
2.16206
2.46781
2.53325
2.40816
2.54146
2.52589
2.3672
2.88229
2.30861
2.8056
2.13849
2.34325
2.65837
2.3217
2.55477
2.63848
2.47138
2.70372
2.32653
2.42489
2.28408
2.09206
2.41364
2.82861
2.32981
2.84736
2.26414
2.54229
2.69468
2.37185
2.75042
2.37552
2.19148
2.7864
2.46118
2.21008
2.74378
2.48479
2.31574
2.78096
2.22864
2.51807
2.25149
2.14934
2.3279
2.11583
2.55973
2.4195
2.2805
2.50816
2.28925
2.5603
2.35088
2.91591
2.49212
2.23694
2.04139
2.2434
2.64235
2.69597
2.22268
2.3456
2.55549
2.4508
2.65174
2.58656
2.84618
2.39629
2.45968
2.37072
3.1176
2.47885
2.7543
2.17948
2.71301
2.2405
2.14883
2.81013
2.33253
2.29451
2.44636
2.33272
2.03385
2.3539
2.48118
2.27714
2.26631
2.7843
2.56026
2.15173
2.79635
2.87241
2.60383
2.58415
2.27881
2.55624
2.24961
2.46888
2.39342
2.14338
2.5942
2.27441
2.35538
2.54435
2.13223
2.28261
2.54922
2.55223
2.66549
2.55454
2.59426
2.46012
2.43652
2.73406
2.5431
2.17351
2.131
2.4847
2.21773
2.44685
2.37149
2.44793
2.2925
2.66691
2.40083
2.58604
2.51746
2.306
2.5675
2.5545
2.68738
2.648
2.92392
2.31049
2.24859
1.95697
2.80814
2.59359
2.78115
2.11491
2.07528
2.58775
2.33053
2.3905
2.3111
2.33043
2.19231
2.37758
3.0337
2.52333
2.78726
2.50646
2.40957
2.30052
2.39716
2.27771
2.18318
2.59961
2.64111
2.34746
2.08593
2.73543
2.44817
2.61142
2.60322
2.50053
2.37529
2.65195
2.35511
2.35658
2.22188
2.10607
2.18854
2.57616
2.57848
2.93425
2.97347
2.52994
2.17226
2.9943
2.21583
2.59969
2.82057
2.48648
2.8591
2.6828
2.42745
2.71514
2.53099
2.54638
2.59808
2.37381
2.53946
2.74831
2.60342
2.4055
2.177
2.46387
2.4372
2.62478
2.43282
2.6445
2.28936
2.46513
3.25044
2.42381
2.32034
2.53641
2.63115
2.32673
2.17762
2.52399
2.63925
2.68219
2.48106
2.4751
2.4826
2.43832
2.68135
2.66853
2.53032
2.29139
2.20852
2.62726
2.13952
2.46514
2.46107
2.5065
2.29978
2.86827
2.25287
2.37828
2.71837
2.57577
2.39027
2.34086
2.56001
2.52695
2.52286
2.33191
2.73951
2.08882
2.49863
2.32983
2.69846
2.74218
1.99924
2.29082
2.57906
2.32857
2.56828
2.6005
2.30118
2.57697
2.64487
2.17107
2.22237
2.30161
2.15678
2.54706
2.42321
2.71636
2.77111
2.27493
2.53651
2.36065
2.28581
2.24818
2.47779
2.52719
2.69193
2.59677
2.90259
2.44035
2.4314
2.41585
2.23792
2.68214
2.42241
2.18174
2.53319
2.74044
2.94752
2.42498
2.52949
2.62955
2.74003
2.83071
2.38853
2.55376
2.62537
2.60839
2.38657
2.36471
2.21331
2.73332
2.41079
2.0889
2.35634
2.51578
2.59941
2.12563
2.65487
2.62393
2.35764
2.39595
2.16705
2.55206
2.40348
2.57662
2.54439
2.25319
2.33845
2.39997
2.45914
2.42081
2.27809
2.39601
2.23875
2.26802
2.57835
2.45556
2.48044
2.13912
2.41933
2.37091
2.02199
2.669
2.27049
2.37154
2.56664
2.67438
2.27714
2.35019
2.39766
2.50374
2.3477
2.69782
2.68188
2.63767
2.17098
2.02251
2.09846
2.25077
2.43536
2.13239
2.19038
2.49942
2.73763
2.44735
2.37857
2.44205
2.36522
2.83281
2.54869
2.60375
2.62607
2.36463
2.49558
2.56586
2.50472
2.49562
2.87051
2.34821
2.5343
2.64042
2.60002
2.4336
2.42004
2.6209
2.50063
2.57787
2.26237
2.56674
2.33897
2.86187
2.33977
2.6646
2.17743
2.87432
2.6515
2.61468
2.45973
2.61042
2.2282
2.85056
2.59626
2.70278
2.40957
2.405
2.6598
2.45599
2.37566
2.47519
2.14268
2.60632
2.05513
2.33055
2.14565
2.54661
3.21256
2.20239
2.44535
2.31507
2.86402
2.50437
2.24925
2.41561
3.49556
2.52042
2.52868
2.5096
2.6557
2.28786
2.23782
2.2392
2.58835
2.65326
2.58969
2.64421
2.59988
2.13771
2.41837
2.43329
2.56133
2.28713
2.44719
2.41485
