2.50625
2.53063
2.3091
2.62579
2.48011
2.4654
2.8156
2.29414
2.48209
2.97378
2.61658
2.74313
2.54689
2.22325
2.66394
2.45734
2.58403
2.23022
2.27639
2.35025
2.31437
2.54109
2.29328
2.46582
2.63691
2.39913
2.84625
2.39058
2.97581
2.81233
2.23288
2.86224
2.81235
2.53923
2.79666
2.50202
2.45871
2.42469
2.58491
2.56378
2.54969
2.48689
2.11692
2.51324
2.14776
2.62922
2.58443
2.63806
2.57393
2.90286
2.57694
2.65925
2.30541
2.59545
2.85901
2.50846
2.41554
2.33114
2.67575
2.62595
2.5078
2.56023
2.45422
3.03426
2.54187
2.70038
2.57504
2.58063
2.61224
2.62412
2.46556
2.48113
2.31504
2.69063
2.31937
2.38519
2.6035
2.30959
2.8795
2.33199
2.44786
2.46605
2.73417
2.63637
2.48543
2.5657
2.51034
2.57089
2.73796
2.42878
2.32735
2.66963
2.57674
2.83245
2.47848
2.42624
2.57566
2.48433
2.55291
2.54569
2.3326
2.80675
2.64013
2.60793
2.27555
2.62939
2.79921
2.2737
2.78652
2.54803
2.51039
2.40654
2.5994
2.65464
2.41361
2.54798
2.45713
2.29155
3.37051
2.50577
2.83107
2.41915
2.70863
2.34002
2.90351
2.80673
3.08048
2.87485
2.80837
2.2833
2.43955
2.77428
2.64256
2.83528
2.39401
2.48241
2.51814
2.49106
2.81494
2.40063
2.2983
2.48848
2.48976
2.54015
2.77112
2.31922
2.618
2.64464
2.38325
2.56066
2.41288
2.53231
2.49866
2.74507
2.77461
2.27621
2.45674
2.29958
2.53568
2.51735
2.25872
2.76028
2.53367
2.38355
2.33219
2.26978
2.57389
2.66821
2.34554
2.54903
2.87148
2.29057
2.27352
2.56773
2.54118
2.64972
2.62508
2.53318
2.42099
2.48152
2.66726
3.03165
2.46106
2.33011
2.49553
3.03163
2.75769
2.73187
2.35341
2.63711
2.69169
2.54265
2.49338
2.51513
2.48367
2.48934
2.30386
2.23905
2.63631
2.28544
2.39329
2.67653
2.47693
2.48115
2.72441
2.41407
2.59141
2.42463
2.6441
2.37242
2.60903
2.56855
2.54084
2.37486
2.93541
2.91827
2.38006
2.5905
1.98731
2.62506
2.46393
2.57646
2.27127
2.42876
2.51904
2.65268
2.57695
2.46547
2.54485
2.87346
2.69517
2.28688
2.5426
2.35109
2.59737
2.42947
2.69394
2.48072
2.45226
2.32517
2.53133
3.12607
2.2897
2.33825
2.74723
2.41238
2.6224
2.63259
2.46924
2.49748
2.60209
2.38074
2.37085
2.67087
2.41364
2.84352
2.70244
2.60459
2.33338
2.58497
2.76085
2.565
2.53095
2.98633
2.59292
2.58106
2.34641
2.63909
2.46881
2.38015
2.63624
2.51411
2.66186
2.52516
2.40689
2.97607
2.47844
2.62199
2.149
2.31845
2.39482
2.95156
2.20796
2.41131
3.06656
2.56532
2.6143
2.37836
2.44013
2.3665
2.65308
2.377
2.88694
2.67709
2.58066
2.35492
2.52375
2.57882
2.85227
2.17559
2.48385
2.61821
2.41797
2.29954
2.59121
2.55288
2.65559
2.71158
2.50227
2.85956
2.58236
2.67869
2.89069
2.75465
2.86221
2.3998
2.57094
2.37884
2.37995
2.41607
2.69407
2.40021
2.55602
2.50636
2.50322
2.23121
2.6844
2.59128
2.56915
2.52741
2.54265
2.67335
2.78371
2.23262
2.67269
2.53949
2.52276
2.4694
2.13662
2.15526
2.64379
2.43315
2.43773
2.59791
2.52209
2.69698
2.49276
2.45724
2.36754
2.43747
2.43181
2.73512
2.6623
2.47029
2.64935
2.53273
2.4837
2.56735
2.67148
2.32439
2.58915
3.02581
2.57677
2.41686
2.77679
2.87273
2.43503
2.31694
2.44493
2.79558
2.34891
2.49365
2.64309
2.85983
2.54528
2.37451
2.30679
2.60505
2.75103
2.39484
2.51842
2.79872
2.27737
2.62301
2.43678
2.5163
2.49583
2.33803
2.47653
2.9403
2.29623
2.41467
2.87233
2.23882
2.48552
2.52203
2.67424
2.3661
2.47157
2.73281
2.41462
2.52074
2.72004
2.62764
2.46806
2.25898
2.64791
2.25443
2.45069
2.24074
2.81967
2.71853
2.44904
2.67261
2.62286
2.62791
2.45806
2.40207
2.65536
2.63142
2.66797
2.51654
3.07658
2.64712
2.66854
2.72135
2.63151
2.64924
2.37467
2.24068
2.17865
2.67426
2.62021
2.50341
2.40561
2.64506
2.47897
2.47288
2.53015
3.06714
2.53431
2.49417
2.76521
2.47634
2.42271
2.56133
2.62625
2.71228
2.73022
2.38586
2.5208
2.49608
2.53202
2.43901
2.50995
2.66943
2.58003
2.29458
2.89361
2.6851
2.35661
2.37521
2.86094
2.62452
2.3575
2.61504
2.72517
2.52336
2.729
2.40065
2.56437
2.24626
2.69899
2.78029
2.39209
2.57435
2.54701
2.39193
2.60398
2.61411
2.24629
2.63063
2.643
2.54542
2.81845
2.8544
3.02133
2.50549
2.44137
2.85982
2.23714
2.41392
2.75676
2.63502
2.44956
2.41392
2.4011
2.60599
2.54436
2.56039
