6.58085
4.96224
6.39235
7.32716
5.18822
6.42747
7.05873
7.07157
7.54533
6.00666
7.5328
6.15995
6.43822
6.79922
7.32798
7.14005
6.58978
6.25249
5.7989
6.9279
6.96498
6.32279
6.22254
8.12702
8.54799
7.94424
8.34593
6.50462
7.67934
6.2701
6.22177
9.38628
5.81412
5.46917
8.38415
7.55164
9.06865
5.8194
5.58825
6.35851
6.83171
6.02086
7.58575
6.67842
5.4778
6.83002
8.0016
6.22051
10.3647
7.08182
7.97772
6.5412
7.39235
5.85853
9.96669
7.02853
7.46738
4.95355
8.97571
8.61399
8.13154
8.62247
8.41747
6.75728
6.33893
8.87322
9.50807
7.81263
7.87933
6.85239
8.32433
7.49031
6.60866
9.62669
4.96657
6.10714
5.22034
4.76317
6.05427
10.3295
9.57928
6.29883
5.25079
9.76616
5.64848
10.3693
9.06673
5.82642
8.66329
5.30059
8.23693
5.96153
5.44189
6.49375
8.30425
9.5541
7.64056
9.46925
7.47214
9.64374
6.52765
6.44982
10.4593
5.59043
7.08153
7.92622
7.96683
5.68908
9.31957
6.39794
6.44729
9.42478
9.16497
5.6327
5.80585
11.4336
5.94462
6.48012
9.42989
6.22072
6.74499
9.12962
7.96187
6.42429
6.94633
3.59179
6.23038
6.78001
6.30267
5.5685
9.13468
7.15338
6.28315
7.94303
8.02
8.02048
7.34594
9.00429
5.88965
7.62525
7.83679
5.06842
8.36173
5.98538
7.45557
6.12989
7.5747
7.173
7.72524
6.97364
6.07102
7.2678
7.17284
7.80053
6.67563
5.41067
6.4204
8.81189
6.2921
7.10431
6.15926
8.7915
7.70296
7.6229
6.72458
5.63577
6.73599
9.56113
6.08517
6.59245
10.7317
5.11317
5.79033
7.18256
9.44192
5.74654
6.49014
7.77351
8.19911
6.93609
6.85441
9.60423
5.54691
7.09889
7.91069
5.6406
5.91619
4.42566
6.42173
5.71413
8.74687
7.94711
8.22826
5.92051
5.49851
6.30773
8.94405
7.0452
7.39362
6.3741
6.47985
8.41594
7.55835
5.21772
7.06766
6.92591
6.0969
5.33498
6.34825
5.86066
9.39381
6.57372
8.27329
7.56054
8.47648
9.77451
5.57201
9.48957
8.01125
6.00945
8.09221
5.08758
7.36834
7.25912
7.05221
5.19296
9.01224
7.19054
5.84939
6.90724
6.17572
7.59532
7.20925
4.61157
6.50159
6.81614
8.39525
5.77974
6.90667
7.36239
7.03213
7.44788
7.34255
7.86381
6.78029
9.39971
6.15861
6.22219
8.42927
8.66605
9.1741
7.59703
6.11954
6.13894
6.64751
5.38923
9.39608
9.14857
5.37298
4.60004
8.60148
9.25184
6.07581
8.39969
8.60427
7.84149
6.46892
9.29929
8.39056
7.23902
6.44073
8.92187
5.13146
5.79929
5.46117
8.41071
4.88262
6.09494
6.92188
6.10782
6.26755
8.78242
7.82552
8.31858
8.78023
6.33644
5.88475
7.1292
8.13719
7.88533
9.76953
5.08867
4.79593
8.20103
9.0299
5.16403
4.60832
9.54266
8.20357
5.08279
7.12644
7.3913
7.64048
8.10277
8.34901
7.11309
6.42366
8.5667
4.63685
8.6671
8.0748
8.46181
6.12806
6.26372
6.12548
9.37412
8.51835
8.67729
7.45888
7.19398
8.11046
6.99228
4.27594
6.17486
6.18675
8.41365
6.70714
8.54651
7.94069
6.89538
4.57126
6.99582
8.65545
6.56593
11.0879
6.81779
7.01613
6.98557
6.99126
9.98515
6.2938
7.42282
10.4595
6.74029
7.67734
7.38019
7.23041
6.07979
11.0181
9.65846
7.04772
8.22866
7.75334
12.2812
6.29333
6.80742
10.1844
6.44801
7.5292
9.40382
6.52257
7.65407
5.82967
6.99798
8.49213
7.34955
6.83965
6.70854
7.65771
8.79416
6.69281
5.75302
7.18628
6.97022
7.25488
5.99553
9.37314
6.83109
5.94606
8.5993
6.82926
8.09879
8.18557
9.00518
7.68903
7.9421
6.40385
4.61046
6.77231
6.54086
7.96925
6.82739
8.39787
6.00956
5.50402
4.56661
5.2021
6.36894
8.1698
6.38626
8.26309
7.77374
6.41376
6.41965
4.44618
7.7322
4.85167
8.21489
6.66589
5.13886
9.43452
9.39167
8.60392
8.93613
9.03646
10.4109
6.87428
5.77956
9.13639
7.75878
6.86877
5.07053
8.93311
7.29883
7.38739
8.24279
9.96032
6.68897
6.2379
6.38531
6.34143
7.39171
6.17426
6.32441
9.34323
6.28024
6.66554
7.02982
6.65825
7.46873
6.98223
6.58176
5.97096
6.07221
9.32292
6.0573
6.54648
7.46029
4.89354
5.5863
6.71626
9.24268
6.14352
8.1173
13.5201
5.65741
5.98639
6.95289
5.66727
5.92065
12.2504
6.88639
5.47104
7.89057
7.42837
6.65617
11.2063
5.93283
7.3776
6.38294
9.78492
4.89446
5.33344
7.78523
6.42584
4.72737
7.09662
6.71063
8.58138
7.26323
4.2764
6.10638
5.82208
7.78318
6.46629
6.58879
8.51942
10.5583
9.69294
6.98896
7.14071
5.55992
6.45479
5.89782
6.97156
10.0925
5.92612
5.8225
6.51761
5.99897
