4.10294
3.57109
3.70044
3.19449
3.38676
3.46964
3.91196
3.87939
4.23097
3.9839
3.98587
2.84778
3.35905
3.56202
4.08674
4.21444
3.432
3.43498
4.28791
4.12179
3.41698
4.02113
3.80311
4.11265
2.55887
4.57186
4.29024
3.22867
3.71512
3.71206
4.10509
3.51689
4.11502
3.84969
3.75462
3.75699
3.58014
3.82832
4.65847
4.01713
3.76127
4.1546
3.40994
3.60579
3.47806
4.42147
3.59524
4.0353
4.01072
3.8286
3.9459
4.04336
3.82651
3.6562
3.52179
4.00648
3.61687
3.55146
3.22304
3.65191
4.18512
4.08754
4.20864
2.84171
3.87739
4.04648
3.58666
3.88746
4.58172
3.53957
4.8043
4.01482
2.91912
4.33884
3.34862
4.06113
4.46563
4.27391
3.30112
3.86372
4.05752
3.26086
4.18205
3.49306
3.94022
3.5107
3.37087
5.32885
3.87694
3.67927
4.68298
4.17667
3.79527
4.24458
4.17492
3.4098
3.85848
3.75981
3.52109
3.33537
3.54298
4.62805
3.31767
3.73558
3.40149
4.02765
3.52503
4.1593
4.31333
3.06158
3.76524
4.04079
3.2335
4.45853
3.19401
3.40539
4.03927
3.53988
3.86053
4.22045
3.50516
4.04837
3.44009
3.16355
3.77121
4.08365
3.23795
3.80342
3.82588
3.811
3.61318
4.53032
3.82812
3.53727
4.36211
3.44062
4.01671
4.10168
3.49098
3.51656
3.49731
3.18714
3.54169
3.9105
4.15519
3.87834
4.06145
3.49655
4.94163
4.19832
3.71808
3.67482
4.31085
4.23926
3.88827
4.01446
3.75697
3.68043
3.63548
4.12557
3.49622
3.26273
4.24427
3.90329
3.56609
4.13747
3.95462
3.66607
3.91397
3.38666
3.34472
3.71063
3.41592
4.46219
4.16494
3.34717
3.42056
4.73906
3.44889
3.52702
3.68711
3.74675
4.77673
3.56914
3.80666
3.73317
4.09695
3.7209
4.67652
3.88262
4.26736
3.26805
3.34169
3.46867
3.33794
4.11614
3.63931
4.04774
3.97323
3.60546
4.20186
3.60359
3.5568
4.40946
3.5997
3.19461
3.80626
4.23986
4.2364
3.77639
3.81911
4.17143
3.77134
3.49245
3.22974
3.72516
3.75063
4.55414
3.35057
4.71154
3.38106
3.23301
3.56121
4.03296
3.90985
4.01185
3.78148
3.38133
4.13662
3.96952
4.21196
3.81832
3.67302
3.10476
3.55965
4.28693
3.50319
3.26142
3.53146
3.7657
3.6235
4.42005
3.9164
3.22164
3.99796
4.22254
4.82849
4.23241
3.61875
3.4078
4.11365
3.62
3.8769
4.06999
4.02675
4.18884
3.68811
4.07909
3.87907
3.8944
2.81225
3.62227
4.22325
4.06622
3.36771
3.81586
3.89847
4.28918
4.04071
4.07379
4.02071
4.68191
3.63827
3.29994
3.98545
3.29164
4.28814
3.46216
4.18567
3.50005
3.18145
3.5202
3.77718
3.57247
3.93098
4.18518
3.89656
4.44852
4.09083
3.6004
3.43766
3.20846
4.00776
3.56983
3.71235
3.4532
3.79426
3.97855
5.38593
4.04802
3.92591
3.63582
3.87663
3.22395
3.58357
3.64538
4.32687
3.90966
3.23058
4.33384
3.02631
3.48557
3.51611
3.17701
3.64826
3.57592
3.88949
4.25964
3.84118
3.92095
3.15769
4.20318
3.72935
3.82199
5.41348
4.4085
4.27259
3.50432
3.57702
4.03124
3.33174
4.50959
3.4428
3.65473
3.41146
4.25922
3.32644
3.47059
4.05874
3.2081
4.64492
3.83853
3.45111
3.65072
4.7109
3.82932
3.79065
4.32229
3.87477
4.10483
3.47902
3.60708
3.39246
4.02094
3.77091
3.10494
4.26531
3.77292
3.35593
3.59386
3.46657
4.38259
4.12221
3.44389
4.09271
3.40215
3.4432
3.58749
3.61191
3.47082
3.59478
3.5034
3.09589
4.89591
3.05577
3.17265
4.88055
3.21598
3.87084
3.73364
3.65823
3.87566
3.47454
3.06604
4.57999
4.37718
3.75631
3.76465
3.33468
3.98607
3.59863
3.27805
3.74171
3.94312
4.0185
3.53244
4.03742
4.13688
3.08926
3.79104
3.85969
4.00632
3.6625
3.68954
3.51156
3.19846
4.11878
3.87851
3.91839
3.49509
3.95997
3.38259
4.29274
3.78337
4.83503
3.19894
3.52155
3.47056
4.0328
4.54061
3.89977
3.50403
4.13912
3.90182
3.21958
3.69108
5.21225
3.9023
4.91046
3.06124
4.9489
3.99069
4.08396
3.96345
3.80112
4.18697
3.52922
3.22983
4.04132
3.94956
4.69417
3.55387
3.67295
3.53952
4.09691
4.13594
3.34587
3.54045
3.73574
4.23352
4.249
3.93487
4.29562
3.45618
3.35499
3.22083
3.97397
3.21235
3.50419
3.65498
4.3095
3.84769
4.03095
3.50686
3.84932
3.23125
3.21431
4.3562
3.43046
3.94261
3.25586
3.84071
5.33074
3.94949
4.25455
4.16271
5.16796
3.51679
3.77006
4.84965
4.1916
3.32833
4.12192
3.54766
3.50833
3.92035
4.09041
3.5386
3.64312
4.3513
3.45059
3.10082
3.37194
4.45445
3.79334
4.55266
3.17068
3.57426
3.76681
3.35736
