2.80678
2.78029
2.74516
2.92685
2.64252
2.77753
2.6483
3.05182
2.98895
3.1552
2.78266
2.80536
2.75718
2.76974
2.91257
2.64824
3.0598
2.78022
2.90582
2.91535
2.89433
2.81835
2.78922
2.94374
3.10515
2.44598
2.76791
2.58719
3.18577
2.84041
2.592
2.98453
2.78429
2.99625
2.84251
2.63868
2.56965
2.90365
3.12702
2.99499
2.53083
2.77245
2.76212
2.6334
2.59804
2.86619
2.63894
2.80083
3.04763
3.0767
2.72732
2.90246
3.16501
2.76189
2.75343
3.41143
3.15597
2.91956
2.67264
3.19082
2.57014
2.81577
2.8878
3.22205
2.89415
2.97833
3.09851
2.87494
2.69833
2.8833
2.71808
2.95644
2.78233
3.27328
2.82897
2.66432
3.08359
3.01177
2.59324
2.48912
2.83718
3.29969
2.81665
2.983
2.75214
2.77994
2.96964
2.98941
2.97832
2.90738
2.72229
2.93257
2.84072
3.09521
2.93607
2.93501
2.64455
3.01925
2.89966
2.85881
2.66974
3.1638
2.82865
2.92267
2.85353
2.66905
2.91461
2.66318
2.88253
2.90641
2.92547
2.771
3.00953
2.83018
2.84807
2.87069
3.25041
2.86693
2.61313
3.10707
2.81763
3.07569
2.78148
3.22128
2.91883
2.7526
3.42752
2.47185
3.2805
2.87557
2.90344
3.02844
2.99312
2.74217
3.01945
2.86569
3.02691
3.03756
2.9902
2.87587
2.94942
2.99568
2.97843
3.10716
2.98524
2.97305
2.89587
2.96393
2.7874
3.25944
2.85739
2.59998
3.11702
2.94528
3.11131
3.01101
2.90523
3.03911
2.94605
3.08535
2.97738
2.67737
2.78301
2.76772
3.02395
3.04577
3.85157
3.13253
2.89889
2.88954
2.93984
3.05273
2.73992
2.84778
2.68899
2.72158
2.78689
3.08631
2.85776
3.35953
2.80316
2.66073
3.00486
2.58307
2.88134
2.98208
2.85699
2.74431
2.7872
2.63664
3.06008
2.79424
3.41747
2.88691
2.91993
2.8873
2.8262
2.85339
3.13898
2.93503
2.63988
2.90862
2.74837
3.04237
2.96718
3.14292
2.84716
2.92983
3.04463
2.92748
2.88864
2.8478
2.79241
2.91741
2.89965
2.92303
2.80452
3.0621
2.81703
3.15441
2.79186
3.03795
2.78504
2.95719
3.02574
2.51722
2.94828
3.30526
2.53145
3.38258
3.07541
3.06366
2.57959
2.63157
2.8306
2.86006
2.56785
2.55211
2.67403
2.8099
2.50646
3.02084
2.74845
2.88087
2.84725
2.98153
2.67255
3.04133
2.87056
2.54336
2.61117
3.13708
2.68453
2.89648
3.03609
3.01747
2.53681
2.93237
2.8839
2.86004
2.6266
2.65402
2.7724
2.99091
2.86773
3.09045
2.93606
3.00403
2.76346
2.77718
3.35974
2.60144
2.73727
2.74401
2.99009
2.73483
3.14641
2.87699
2.77683
2.88309
3.52952
2.69404
3.03412
3.0278
3.02362
2.79959
3.20662
3.11927
2.96605
3.46584
2.79275
2.70742
2.91029
3.09284
2.68712
3.056
2.68006
2.49134
2.80088
3.01902
3.18618
3.28166
2.90336
2.8435
3.05816
2.61945
2.90444
2.75255
3.27565
2.76718
3.03877
2.76722
2.80459
2.78633
2.96537
2.77114
2.95075
2.75463
3.32289
2.47623
2.7753
3.08255
2.92024
2.83471
2.95956
2.83164
2.94912
3.04776
2.88286
2.59719
2.95746
3.31118
2.47445
2.8735
2.86966
2.5887
2.77391
2.84349
3.05231
3.13791
2.82416
2.85354
2.75118
2.84451
2.80425
2.98209
2.59036
2.65405
3.01011
2.82104
2.76972
2.77118
2.90664
2.91259
2.96225
2.8327
2.94183
2.85017
2.82808
2.79968
2.65723
2.6853
2.75421
2.98711
2.84748
3.055
3.00049
2.91646
2.87809
2.99308
2.77678
3.47057
2.7903
2.77761
2.62606
2.73978
2.88808
2.78229
2.5743
3.00675
3.16666
3.25404
2.76918
3.21211
3.04662
2.89617
3.04861
2.78314
2.86846
2.65239
2.88485
3.01939
2.79931
2.96078
2.72906
2.94155
3.00898
3.04461
2.40988
2.40043
2.94674
2.76514
2.46934
2.66988
2.9686
3.04109
3.15444
3.01932
2.90813
2.92598
2.9028
2.81887
2.81065
3.05868
2.68807
2.79559
2.80799
2.98454
2.82689
2.80837
2.79835
2.97214
3.04811
2.60337
2.92763
2.83676
2.72313
2.73235
2.69266
2.8444
2.67977
3.0484
3.27586
2.94857
2.87947
3.25523
2.6263
3.07979
2.78905
2.75507
2.80361
2.75275
2.7992
2.84442
2.94762
2.67495
2.65288
2.76356
2.71929
2.96978
3.11025
3.10902
2.94986
2.76131
2.79378
3.05316
2.93591
3.10002
2.7128
3.37278
2.9162
3.01626
2.51557
3.01454
2.66399
3.03689
2.6966
2.70856
3.04967
2.92796
2.55913
3.30125
2.90893
2.80672
2.66879
2.64714
2.53595
2.86623
2.8274
3.04233
2.74484
2.72924
2.54928
2.74614
2.82816
2.87525
3.05342
2.69575
2.77379
3.08653
2.7863
2.87955
2.74641
2.75734
2.94419
2.80467
3.16382
2.89622
2.76352
2.84074
