2.61447
1.46624
2.31702
3.49
1.69261
2.48401
3.06217
3.01298
2.84848
2.48331
2.91192
1.55656
2.59024
2.28761
2.0076
3.3005
2.28614
2.12533
1.80386
2.84145
2.59557
2.38904
3.11759
2.62454
3.08807
2.22076
2.20947
2.8857
3.36099
2.9302
2.25951
3.29877
1.61038
1.30637
2.88207
3.31807
2.53979
2.03336
1.62427
2.40732
2.50184
1.96614
3.03751
2.01642
1.8628
3.08006
2.41905
2.63991
2.58299
2.62076
2.42273
2.60902
2.60659
2.31105
2.46196
3.18354
3.2179
1.77642
2.40745
2.89646
3.30753
1.99508
3.85851
2.89415
2.77693
2.9796
2.7928
2.84334
2.8113
2.69124
2.51039
2.82712
1.91256
2.653
1.90855
1.96088
1.85151
1.57025
1.59062
2.3899
3.58872
2.67867
1.63057
3.43176
2.20604
3.35278
2.25764
2.23052
2.99945
1.52408
2.66027
2.26654
1.88798
2.58921
2.98399
3.82715
2.23797
3.54613
2.82504
3.24212
2.62857
2.36612
2.73157
1.85834
2.62797
2.44727
3.05974
2.07435
3.51887
2.05607
2.2017
1.95624
2.24824
1.71467
1.85001
2.79333
2.56493
2.31745
2.97602
2.67031
2.75307
2.83908
2.34625
2.47552
2.8145
1.34366
2.43599
2.09401
2.58318
2.36832
2.86355
2.84212
2.09187
1.97235
3.17573
3.43909
2.65643
2.60859
1.97734
2.52876
2.37389
1.66237
2.41533
2.00361
2.99587
2.43435
3.1392
3.03546
2.7178
2.39895
1.56266
2.99242
2.65913
2.61297
2.82972
1.71383
1.77954
3.20544
2.6225
2.49566
2.21849
3.49694
3.96991
2.68396
1.98489
2.42854
2.66125
3.0862
2.11128
2.15779
3.85412
1.73251
1.92221
2.48974
2.54993
1.84828
2.25004
3.18638
3.31621
2.17679
2.40536
2.3846
1.73186
2.94121
2.98634
1.63241
1.6745
1.89507
2.04109
2.46302
2.64392
2.84246
2.45764
2.12203
2.00415
2.24442
3.42827
1.80752
3.01325
2.22667
2.62715
3.31819
3.61256
1.77801
1.22505
3.31813
2.51453
1.69825
2.12479
1.8834
2.91153
2.29924
3.09906
2.25069
2.10045
3.6032
1.6772
2.69952
3.00378
2.00903
2.91534
1.91856
1.74534
2.375
2.69427
1.86181
3.80114
2.72704
2.21776
2.68959
2.14244
2.72823
1.78492
1.39369
1.83743
2.95472
2.06407
1.93943
2.86554
2.52484
3.40429
2.57972
2.93103
2.666
2.40693
3.34594
2.53042
2.25024
2.80966
4.53029
3.4071
3.18224
2.20571
2.25408
2.54446
2.15539
2.40037
2.84392
2.03147
1.65498
1.81617
2.89663
1.88154
2.40043
2.59823
2.16765
2.40623
2.92133
1.93115
2.85939
2.15678
2.49544
1.93629
2.09368
2.04508
2.78636
1.68857
2.37772
3.10727
1.93669
2.70933
2.03805
2.55677
2.6873
2.12554
1.58809
1.88075
2.55057
2.2347
2.77443
2.48345
1.6367
1.2723
3.12688
4.48836
1.85053
1.47014
3.09659
3.25004
1.85444
2.7488
2.49259
2.2612
1.85293
3.51658
3.37038
2.50094
3.12478
1.48432
2.6869
3.2966
3.48698
2.14496
2.09729
2.63708
2.55318
3.89638
1.89928
2.14404
2.36963
3.32643
2.58036
1.53121
2.91854
1.78959
2.53425
2.35623
2.76486
3.12422
3.17772
1.39021
1.85341
2.50793
2.4351
3.88237
2.94842
1.95778
2.62153
2.81133
2.99358
1.93929
2.45696
1.87748
2.90136
3.30023
2.87405
2.22007
2.56567
2.73795
3.1202
2.59494
2.62682
2.68709
3.10844
2.52083
2.82785
3.08525
2.56051
2.42255
3.38533
2.81027
2.6267
2.1091
2.66578
3.71369
2.52361
2.87419
2.2851
2.89667
3.56814
2.01501
1.92892
2.22111
2.84939
2.82736
1.8019
2.62421
3.08494
1.65385
2.4496
2.61239
2.50174
2.91034
2.28495
2.91559
2.48986
1.68408
1.7323
2.45513
2.52098
2.29686
2.89079
1.89749
2.38672
1.70093
1.65888
1.83145
2.21069
2.66453
2.1126
2.56639
2.67269
2.42153
2.80732
1.59128
2.91227
1.58112
2.81348
2.28739
1.63085
2.90975
2.83942
3.29073
3.02235
2.92515
3.38604
3.00054
2.08056
3.7877
3.20838
2.56927
1.94943
3.82933
3.06905
2.84118
3.39332
3.27649
2.39059
2.08737
2.56239
2.39495
2.71269
2.4794
2.11685
2.9678
2.20943
2.74345
2.24164
2.20334
2.75844
3.01543
2.63747
2.60777
2.25897
2.98828
2.16071
2.08944
2.81586
1.88172
2.22575
1.75034
2.93055
2.02431
2.38341
3.32882
2.31052
1.36786
2.60452
1.75487
2.13921
3.96157
2.52856
1.49269
2.69896
2.86203
2.57501
3.74826
2.03368
2.4498
2.36127
2.59874
1.05291
2.16929
2.53426
2.65655
1.51377
2.81948
2.58663
2.25281
3.16985
1.64149
2.42139
2.1974
2.8458
2.24256
2.16705
4.46517
3.53017
2.44495
2.52906
2.90413
1.60004
2.45363
1.99144
2.52431
3.37833
2.53622
1.61677
2.17585
2.02309
