2.68039
2.6716
2.82192
3.07025
2.70255
2.86517
2.8336
2.82761
2.76505
2.95279
2.71998
2.78252
3.17901
3.23079
3.44065
2.90565
2.72845
2.99304
3.35315
2.64847
2.69538
2.66945
2.99984
3.05149
2.68897
2.96827
2.92687
3.08499
3.11249
2.99418
2.8216
3.37215
2.80417
3.13113
2.93259
3.06777
3.01313
2.76917
3.16796
3.25405
2.70912
2.71678
2.79582
2.76303
2.7291
2.87224
2.88693
2.91258
2.79694
2.98349
2.85264
2.90281
2.75324
2.96959
3.0023
2.83278
2.7056
2.61426
2.69257
2.64388
2.74408
2.81753
2.80076
2.75952
3.09086
2.83636
3.00854
3.2282
3.29159
2.64369
2.89917
2.85336
2.63622
2.77006
2.75313
2.86012
3.28442
3.55575
2.59423
2.82971
2.87284
2.70794
2.86473
2.82475
2.98001
3.15927
2.72483
2.81451
2.89045
2.79408
3.11711
2.94578
3.08692
3.04788
3.01184
2.77902
2.79928
2.78915
2.56019
2.8542
2.91396
3.12866
2.6801
3.06634
2.95169
3.19172
2.84467
2.87458
2.97601
2.97811
3.02927
2.90481
2.91822
3.03982
2.82895
2.95805
2.65422
2.86707
2.96028
3.16283
3.43697
3.1315
3.17908
2.88866
3.07704
2.74484
2.72132
2.88983
2.95629
2.80992
3.05897
2.8428
2.8822
2.59303
2.7649
2.77368
2.95095
2.69476
2.91207
2.91597
3.17222
2.98753
2.76384
2.88714
2.83235
2.55998
2.5966
2.62331
2.84051
2.75133
3.10476
2.93591
2.80978
2.77701
2.85953
2.80137
2.78649
2.81772
3.04748
2.94873
2.97821
2.82555
3.16169
2.74952
3.09382
2.72272
3.0812
2.74758
2.83107
2.85248
3.14099
3.00385
3.03962
2.82662
2.83061
2.83369
2.92637
2.7357
2.59994
2.95375
2.92833
2.68931
2.92744
2.81724
2.83356
2.91537
2.90232
2.82513
3.05501
2.88693
3.14934
2.6157
2.65785
2.93205
2.91703
2.93847
2.8373
2.92228
2.80815
2.8745
3.01854
2.76608
2.8638
2.67144
2.79577
2.93439
2.83472
3.03431
2.76395
2.5657
3.08725
3.08176
2.87299
2.92253
2.89042
2.99109
2.99294
3.01703
2.48893
2.7804
3.01976
3.01601
2.98095
2.54359
3.12156
3.19927
3.08233
3.16527
2.80932
2.74348
2.85279
2.56407
3.35733
2.61841
2.51074
2.92148
2.77856
2.77602
2.9209
2.82195
2.78566
2.99534
2.86661
2.71211
3.07594
2.98116
2.71024
2.75853
3.09418
2.96958
3.25603
2.72614
2.7056
2.48795
2.75271
2.52947
2.85705
2.79303
2.82203
2.86042
3.05423
2.70981
2.79591
2.61951
2.92472
3.12164
2.73504
2.73936
2.7294
2.94525
2.72313
2.76519
2.72093
3.2272
2.89748
2.97891
2.86172
3.05014
2.8473
3.04446
2.92241
2.79285
2.79174
2.6363
3.07862
2.60814
2.96534
2.9474
2.82809
3.04687
2.94488
2.83232
2.97662
2.82908
2.88549
3.0348
2.82487
2.66325
2.66803
2.87198
3.18505
3.32871
2.85881
2.46408
3.05222
2.63301
2.61931
2.94424
2.70666
2.72603
2.85176
2.85392
2.90891
2.89458
3.01882
2.76347
2.69953
2.85859
2.93829
2.9266
2.79243
2.79382
2.5214
2.67919
3.10681
2.92079
3.01784
2.89731
2.80765
2.68177
2.85776
2.97021
3.03114
2.90897
2.96593
2.88723
2.95186
3.3069
2.92993
3.14342
3.01462
2.67718
2.52148
2.86572
2.70641
2.92595
2.91901
2.86339
2.56632
2.63426
2.6978
2.91067
2.9477
2.85709
3.00213
2.77071
3.30589
2.95018
3.10238
2.86319
3.09378
3.10761
2.7601
2.79083
3.04326
2.67228
2.78204
3.08584
2.95693
2.74837
2.73584
2.61486
3.01544
2.91631
2.90441
2.96316
2.85313
2.9648
2.84439
2.91344
2.66462
2.74202
2.7951
2.80893
2.60661
2.87018
2.839
2.82565
2.79392
3.12582
2.62731
2.80381
2.91416
2.99055
2.86759
3.19902
2.61514
2.53921
2.8243
2.97046
2.86013
2.82783
2.66497
2.6394
2.74338
2.88874
2.90286
2.71074
3.03076
2.91793
2.63716
2.95418
2.85332
2.88566
2.92363
2.99303
2.82599
2.70466
2.81874
2.99403
2.50341
2.86256
2.77015
2.88827
2.69872
3.01888
2.93009
2.94171
2.73087
2.56082
2.97177
2.80379
3.43872
2.95442
3.03685
2.6916
2.95496
2.802
2.7576
3.25857
3.16426
3.06027
3.01129
2.99729
2.73241
2.8799
3.00403
3.3599
3.02485
2.91671
2.79347
2.95573
2.92426
3.04183
2.90767
3.07364
2.78447
2.96658
2.49887
2.94754
2.87554
2.59425
3.12318
3.18169
2.87981
2.71125
2.90466
3.34867
3.02232
2.70467
2.77517
3.01752
2.64413
3.13091
3.46511
3.07593
2.68697
2.97635
2.9537
2.99629
3.10138
2.90741
2.80863
3.15099
2.86723
2.87842
2.8212
3.10274
3.11755
2.94076
2.91932
2.66307
3.33451
3.21249
2.92897
2.91098
2.98027
2.84655
2.83505
2.92464
