2.5602
2.49309
2.48839
2.645
2.39305
2.5124
2.38495
2.76866
2.68997
2.82705
2.50343
2.53862
2.46877
2.52086
2.60063
2.376
2.73597
2.51444
2.6254
2.62589
2.62812
2.52633
2.50867
2.6405
2.80948
2.20338
2.51825
2.31645
2.85243
2.56163
2.35148
2.67896
2.51775
2.7056
2.56494
2.37569
2.31885
2.64099
2.81243
2.74475
2.28649
2.49749
2.48759
2.39237
2.32128
2.59321
2.3761
2.49896
2.74431
2.74803
2.43874
2.64712
2.86598
2.494
2.49931
3.07738
2.86138
2.63412
2.40716
2.88743
2.31525
2.5223
2.5874
2.84858
2.62662
2.68469
2.7961
2.61683
2.45036
2.60763
2.43748
2.68504
2.49991
2.96179
2.56127
2.41567
2.7919
2.69721
2.3429
2.24041
2.57005
2.9948
2.54263
2.67497
2.45277
2.50546
2.68328
2.69372
2.69183
2.6189
2.43434
2.6697
2.56156
2.7993
2.64736
2.65605
2.3903
2.73341
2.60651
2.5815
2.4163
2.87542
2.53009
2.64352
2.53916
2.40897
2.64524
2.39607
2.61449
2.63765
2.63703
2.49368
2.71154
2.54057
2.57355
2.57902
2.97826
2.56035
2.35345
2.81564
2.54041
2.77704
2.47534
2.90909
2.6232
2.48829
3.08608
2.23023
2.95092
2.57675
2.60802
2.7255
2.71656
2.47592
2.73209
2.59805
2.74879
2.7481
2.68905
2.59121
2.65833
2.69582
2.69587
2.79564
2.69025
2.6738
2.65367
2.68179
2.50037
2.90759
2.5814
2.35127
2.82225
2.62564
2.78625
2.74392
2.57276
2.742
2.66613
2.77849
2.68299
2.3986
2.50941
2.50377
2.73817
2.72379
3.4395
2.81557
2.60302
2.61255
2.6586
2.71841
2.49091
2.59211
2.37858
2.44989
2.52171
2.81525
2.57607
3.01941
2.53079
2.38484
2.707
2.3318
2.59885
2.69922
2.57879
2.48432
2.49856
2.35516
2.72866
2.50632
3.05287
2.62511
2.63591
2.61804
2.53685
2.57392
2.8068
2.62435
2.37685
2.66335
2.47234
2.74956
2.69961
2.82748
2.58276
2.62886
2.74175
2.66007
2.59032
2.5737
2.52969
2.63285
2.5951
2.63194
2.49826
2.7972
2.55074
2.82826
2.45998
2.74753
2.506
2.71157
2.7459
2.25471
2.67681
2.99717
2.27266
3.02946
2.74073
2.78424
2.34279
2.36678
2.52547
2.55675
2.33131
2.2783
2.41598
2.5349
2.25429
2.72843
2.44763
2.59113
2.58921
2.64207
2.37925
2.75944
2.58049
2.3046
2.34958
2.80239
2.41793
2.62025
2.74434
2.73968
2.28513
2.63206
2.60346
2.56771
2.37842
2.39291
2.50031
2.67964
2.57307
2.76562
2.66459
2.72508
2.48677
2.51275
2.9886
2.33891
2.45684
2.42716
2.69399
2.46761
2.82538
2.60759
2.49543
2.60256
3.18576
2.40103
2.77366
2.74337
2.72144
2.50704
2.90975
2.79554
2.68002
3.05397
2.5287
2.4285
2.6479
2.7683
2.43367
2.76551
2.42411
2.24194
2.52045
2.73205
2.86874
2.90436
2.61332
2.57858
2.76094
2.38461
2.60404
2.45286
2.91874
2.47411
2.69814
2.46067
2.49498
2.52057
2.64313
2.50365
2.66656
2.45562
2.97092
2.21372
2.4635
2.76405
2.60618
2.54977
2.66937
2.55222
2.6524
2.73054
2.58206
2.33565
2.67737
2.96145
2.21394
2.58948
2.58401
2.36351
2.49239
2.58992
2.76824
2.81121
2.55981
2.59381
2.47357
2.58183
2.5429
2.68854
2.31799
2.40939
2.7081
2.56615
2.48902
2.47368
2.58636
2.653
2.67347
2.53726
2.64777
2.57457
2.5699
2.52829
2.40553
2.41503
2.51695
2.64036
2.55749
2.74689
2.6785
2.62874
2.59356
2.69095
2.48512
3.12579
2.52098
2.50896
2.37102
2.46663
2.60129
2.50142
2.31107
2.74196
2.89037
2.94025
2.51111
2.85428
2.76028
2.63574
2.72355
2.50069
2.59838
2.40288
2.60399
2.68875
2.52366
2.67984
2.44811
2.66511
2.70949
2.75535
2.17902
2.16728
2.67027
2.49323
2.23946
2.40661
2.65863
2.72461
2.84566
2.69757
2.64302
2.6467
2.63926
2.52056
2.53582
2.73763
2.44854
2.50818
2.5415
2.6722
2.56758
2.53124
2.52743
2.68673
2.75312
2.35574
2.60912
2.56463
2.45699
2.47888
2.41786
2.55073
2.42532
2.74307
2.94304
2.64983
2.62012
2.89156
2.34298
2.77235
2.52265
2.49866
2.52691
2.47566
2.54581
2.52324
2.65375
2.43147
2.40765
2.50548
2.44837
2.70467
2.80336
2.82382
2.67868
2.43477
2.53979
2.74815
2.64558
2.79532
2.44831
3.02393
2.61863
2.71531
2.27059
2.71771
2.40866
2.7498
2.40159
2.44636
2.7281
2.63876
2.31418
2.99509
2.60635
2.52444
2.41936
2.37733
2.28822
2.61319
2.57304
2.72955
2.49046
2.46204
2.29928
2.46645
2.53934
2.60808
2.74677
2.4293
2.50563
2.78038
2.52611
2.62434
2.48593
2.47216
2.62359
2.52864
2.8239
2.60901
2.52212
2.55468
