3.89221
3.91514
3.97056
4.20276
3.96882
4.24428
4.04197
4.12109
3.97315
4.31452
3.88771
4.17853
4.5445
5.16633
5.48194
4.23455
4.04964
4.37575
5.1514
3.80174
3.90816
3.84387
4.28142
4.56765
3.85931
4.32881
4.28381
4.29956
4.38394
4.27928
4.3566
4.836
4.29135
5.38436
4.47517
4.76668
4.37281
3.98478
4.7504
4.82965
3.8641
4.10354
3.91172
4.14346
3.91396
4.26381
4.03177
4.18475
4.17342
4.36595
4.02799
4.20308
3.9343
4.22955
4.24932
4.0585
4.12848
3.76166
4.20581
3.88855
3.85165
3.98988
4.23831
3.99058
4.77876
4.35507
4.26769
5.35278
4.88495
3.69617
4.19542
4.23199
3.96381
3.95502
3.98279
4.25437
4.774
5.27461
3.85144
4.51739
4.09359
3.77005
4.06495
4.09311
4.16248
4.40974
4.09518
4.16369
4.2199
4.05984
4.27094
4.0456
4.32189
4.51838
4.47022
4.05248
4.01241
4.12875
3.69244
4.40936
4.28504
4.45348
3.92065
4.52588
4.21751
4.59167
4.31223
4.05659
4.42752
4.37105
4.2872
4.09026
4.41871
4.43917
4.23007
4.34399
4.68098
4.07203
4.27478
5.14371
5.14947
4.53061
4.47161
4.07433
4.41062
4.49053
3.79826
4.4906
4.19897
3.99592
4.52795
4.18326
4.13489
3.93592
4.05108
4.11849
4.2138
3.82559
4.77757
4.15582
4.52215
4.23258
3.92892
4.10892
4.16712
4.0095
3.64196
3.92198
4.0728
4.04721
5.02422
4.19713
4.20878
4.01154
4.06946
4.07058
4.03961
4.32584
4.16464
4.48428
4.20617
4.03234
4.74345
3.95871
4.87196
3.90584
4.75553
4.03556
4.16741
4.92478
4.6707
4.26742
4.34316
4.17965
4.08163
4.32654
4.24776
4.26422
3.68952
4.2616
4.27726
3.87087
4.12764
4.11794
4.11328
4.04674
4.24238
3.99052
4.23336
4.32605
4.5722
3.83837
3.98835
4.20335
4.65952
4.24835
4.1045
4.0955
3.97634
4.07242
4.23205
4.06869
4.15379
3.96051
3.88758
4.12149
4.15323
4.18473
4.05218
3.69665
4.46914
4.43954
4.125
4.339
4.12949
4.54697
4.33697
4.54306
3.71914
3.93193
4.30964
4.50727
4.18285
3.6475
4.54106
4.82604
4.39651
4.84818
4.03672
3.89163
4.21414
3.92142
4.92009
3.67424
3.60835
4.12629
4.04394
3.96918
4.22878
3.99992
4.07843
4.22181
4.40843
3.98971
4.63403
4.19402
3.92641
4.00417
4.40068
4.59598
4.99218
4.17308
3.69883
3.66597
4.00597
3.70472
4.12239
4.27459
4.19652
4.08377
4.50899
3.94643
4.30404
3.82856
4.2665
5.03272
3.95089
3.88975
3.84813
4.27219
3.74381
4.54833
3.86361
5.77426
4.40794
4.0954
4.22972
4.43355
4.38832
4.49411
4.2655
4.16342
4.09762
3.9536
4.3681
3.85398
4.67063
4.18404
4.09593
4.29936
4.28045
4.15072
4.1262
4.06192
4.17361
4.39697
4.09429
3.83379
3.77844
4.17513
4.45857
4.75124
4.01745
3.60634
4.24726
3.88017
3.76367
4.13095
4.03213
3.97244
4.09445
4.11338
4.25314
4.14551
4.32117
4.4127
3.8826
4.11587
4.24517
4.22132
4.20477
4.33026
3.69503
7.1721
4.72848
4.30784
4.22927
4.22686
4.55076
4.0776
4.29695
4.32457
4.19243
4.2988
4.45897
4.26916
4.16731
4.85586
4.30033
4.42534
4.51162
3.91926
3.72934
4.22351
3.89101
4.39924
4.55954
4.87424
3.64353
3.99351
3.97494
4.07268
4.17219
4.20954
4.36339
4.01708
4.75058
4.40603
4.70467
4.00034
4.5645
4.49783
4.22077
4.0841
4.15942
3.83871
3.98579
4.40445
4.10478
3.84276
4.45846
3.75833
4.32071
4.13852
4.26544
4.50219
4.22434
4.3646
4.09683
4.26914
3.76582
3.94906
3.96628
3.97427
3.82586
4.22996
4.16329
4.03561
3.93178
6.0769
3.67065
4.11982
4.08241
4.39354
4.51497
4.53279
3.89375
3.67002
4.16499
4.2353
4.03123
4.09705
4.1728
3.84774
3.94546
4.36966
4.30892
3.94069
4.38257
4.13351
3.88849
4.18109
4.05713
4.05597
4.22396
4.24082
4.09486
3.99919
3.98513
4.38886
3.72245
4.10222
3.99365
4.16158
3.77426
4.2696
4.26776
4.38461
4.00189
3.7069
4.37194
4.09607
7.03445
4.32151
4.82815
3.93792
4.05739
3.91094
4.03197
4.66037
4.45522
4.37771
4.49241
4.25931
3.92131
4.29674
4.17578
4.88874
4.36762
4.07145
4.09033
4.37279
4.19138
4.42411
4.34791
4.52391
4.2149
4.81654
3.55871
4.3282
4.15256
3.82201
4.68309
5.00047
4.37116
4.00694
4.2941
4.6637
4.35877
3.75413
3.93596
4.12333
3.84253
4.68147
4.86206
4.32546
3.91132
4.33017
4.09667
4.71116
4.3777
4.43278
4.31077
4.4515
4.37635
4.09621
4.06899
4.27242
4.32885
4.40554
4.15543
3.97272
5.0882
4.54745
4.35033
4.30138
4.22845
4.41344
4.09541
4.17658
