5.76739
5.78897
5.67456
6.29351
6.32466
6.63451
5.9367
6.05247
5.88002
6.39119
5.96839
6.52885
6.77442
7.50364
7.46858
6.2931
6.33868
6.47998
7.40185
5.84532
5.82138
6.11501
6.33021
6.52271
5.97119
6.36554
6.60919
6.20189
6.43912
6.20373
6.4721
7.07574
6.7648
7.91567
6.96996
7.08452
6.39162
5.82776
6.67554
6.84529
5.74588
6.28465
5.906
6.60952
5.88164
6.25686
5.7445
6.19387
6.36355
6.3615
5.82055
6.02707
6.29896
6.00082
5.97795
5.87205
6.29843
5.58424
6.31344
6.02265
5.83358
6.21024
6.26807
6.00299
7.03967
6.67128
6.0026
7.59249
6.8958
5.46253
6.61116
6.54159
5.71627
5.91292
5.96808
6.08692
7.03751
7.24241
6.03899
7.37326
5.99921
5.51635
5.89266
6.20767
5.86928
6.14721
6.47958
6.39398
6.267
6.48884
5.94319
5.92821
6.5398
7.33616
6.7326
6.65773
6.11702
5.96977
5.55289
6.73052
6.43233
6.75051
5.79134
7.27707
6.20917
6.58351
6.29971
5.84401
6.45624
6.45321
6.10548
6.19548
6.52901
6.37899
6.29617
6.42201
7.63969
6.19109
6.00934
7.50862
7.19328
6.66823
6.44067
5.94941
6.49432
7.2668
5.56753
6.70258
6.04124
5.89463
6.66494
6.19823
6.05835
6.42965
6.28786
6.63288
6.0398
5.82005
7.46256
6.14585
6.43391
6.15662
6.086
6.16305
6.42573
6.56853
5.51681
6.07694
6.15256
6.11583
7.36685
6.217
6.27014
5.97499
5.76749
6.05934
5.87445
6.49427
6.23184
6.71607
6.65652
6.03954
6.89788
5.89023
7.32843
5.90988
7.32155
5.95893
6.44238
7.8259
7.33374
6.35401
6.24486
6.28398
6.42824
6.40567
6.1883
7.01257
5.32742
6.03318
6.32644
6.05082
6.03932
6.19157
6.06299
5.77892
6.32619
5.76462
6.09632
6.80044
6.63362
5.6414
6.47114
6.14823
7.17107
6.10281
5.98065
6.16087
5.81489
5.94782
6.20859
5.76192
5.99694
6.03506
5.69299
5.81453
6.72871
6.02045
6.08465
5.8759
6.49689
6.23624
6.1845
6.57584
5.93915
7.07383
6.10928
6.84447
5.8225
5.80588
6.27476
6.82991
6.05137
5.30411
7.06104
7.19194
6.36149
7.10214
6.00229
6.14816
6.32285
6.12199
6.97218
5.35611
5.56253
6.12106
5.79427
6.11888
6.57973
6.30985
6.22631
5.96945
6.50537
6.03673
7.13487
6.32315
5.80875
5.86262
6.36216
7.16528
6.97728
6.44327
5.30436
5.73173
5.7845
5.54533
6.04193
6.62729
6.46507
6.13332
6.49077
5.80867
6.35506
6.08509
6.26505
7.21009
5.98164
5.63105
5.57125
6.81372
5.49038
7.41672
5.66431
8.58358
7.17108
6.19602
6.34153
6.963
6.94305
6.7203
6.43578
6.18524
6.52688
6.06184
6.39211
5.78905
7.07566
5.97767
5.95609
6.28197
6.89811
6.31341
5.86213
6.11936
6.33254
6.39094
6.16561
6.18925
5.6311
6.24932
6.50128
6.56362
5.93029
5.58277
6.10524
6.0027
5.8239
5.95185
6.0359
5.99924
5.99628
6.11175
6.41832
6.24986
6.43606
6.85183
6.11804
6.17871
6.28371
6.12741
6.46354
6.75343
5.74906
9.98686
7.2832
6.6561
6.00063
6.28791
6.79753
6.12915
6.18055
6.23762
5.89508
6.6433
6.5413
6.40366
6.41503
6.89021
6.41644
6.63415
6.78245
5.82109
6.02273
7.0234
5.85134
6.75977
7.23364
7.39132
5.33295
6.22286
5.87502
5.77701
6.17494
6.39857
6.20338
6.23811
7.22511
6.75526
6.66874
5.89025
6.57192
6.29644
6.41104
6.56626
5.9186
5.85787
5.80061
6.56646
5.93419
5.89236
7.24868
5.54585
6.44941
5.86459
6.53245
7.21221
6.36915
6.3337
6.19277
6.51463
5.6296
5.94824
6.0398
6.02099
5.75429
6.33236
6.08879
5.95436
5.78563
8.93416
5.38366
6.00018
5.83816
6.46836
6.80268
6.57626
5.95864
5.51847
6.42979
6.00956
5.77859
6.30006
6.62439
6.23983
5.81296
6.73034
6.61485
5.95871
6.44564
6.63427
5.86134
6.08858
5.74327
6.04018
6.49797
6.09196
6.03454
5.94044
5.82902
6.56526
5.91356
5.89687
6.1474
6.14859
5.98041
6.27052
6.23876
6.58618
5.80775
5.47818
6.64016
6.2806
9.66365
6.3873
7.09985
5.75771
6.13158
5.93516
5.8276
6.73894
6.35664
6.57886
6.7029
6.24125
5.96751
6.51744
5.99862
6.71917
6.65666
5.97269
6.15318
6.55115
6.05643
6.37777
6.65373
6.75243
6.59662
7.08615
5.20007
6.36509
6.21021
5.68338
6.56956
7.23235
6.60034
6.0893
6.79313
6.52538
6.34308
5.51985
5.84836
5.85944
5.86718
7.1855
6.91658
6.07468
5.98996
6.18577
6.0017
7.40448
6.37655
7.38301
6.71727
6.5216
6.70093
6.26205
6.03551
6.06908
6.12992
6.56284
5.8892
6.73268
7.14208
6.26169
6.4911
6.20437
6.13371
6.62191
5.96281
6.11419
