3.6223
3.68307
3.51785
3.79066
3.46952
3.60486
3.48369
3.91226
3.95243
4.33957
3.86201
3.64961
3.79898
3.54666
3.92336
3.57522
4.07751
3.61458
3.7696
3.77537
3.73288
3.71141
3.63484
3.89337
4.04807
3.20193
3.51511
3.45289
4.2924
3.67733
3.32203
3.91496
3.60594
3.87311
3.69023
3.45867
3.39245
3.74286
4.2309
3.72692
3.30554
3.68967
3.63412
3.39442
3.58219
3.72
3.42231
3.80203
3.96526
4.18706
3.6237
3.68334
4.06768
3.58967
3.58735
4.50648
4.05763
3.74754
3.47648
4.09623
3.46242
3.68831
3.87138
4.65901
3.74067
3.93459
4.01483
3.68139
3.45198
3.78047
3.63111
3.79093
3.69878
4.29415
3.67093
3.49381
3.99009
3.96787
3.38844
3.27016
3.68614
4.26833
3.67333
3.95482
3.68602
3.63728
3.90739
3.96888
3.88078
3.86256
3.63876
3.76252
3.77965
3.99146
3.81263
4.01217
3.50708
3.97508
3.80585
3.76996
3.45739
4.07667
3.74771
3.81253
3.89161
3.44339
3.72905
3.5078
3.69875
3.76112
3.81344
3.63974
3.9798
3.7632
3.75115
3.80862
4.09829
3.95044
3.41771
4.02905
3.67796
4.03662
3.82538
4.17754
4.04463
3.59926
4.48275
3.21612
4.33509
3.79582
3.86474
3.93688
3.83948
3.556
3.87569
3.65311
3.9064
3.91552
3.91738
3.71856
3.91164
3.92188
3.82812
4.07812
3.96273
3.91603
3.60127
3.91624
3.7784
4.44534
3.69154
3.34382
4.03636
3.96636
4.2226
3.80793
3.99557
3.98176
3.80813
4.15318
3.91316
3.54871
3.65211
3.56829
3.90795
4.03397
5.14357
4.14245
3.85968
3.78489
3.88674
4.12953
3.53282
3.67309
3.71556
3.58453
3.60466
3.94929
3.68952
4.43439
3.6662
3.5782
3.92669
3.35237
3.75892
3.87166
3.72205
3.55416
3.73358
3.55544
4.15521
3.76795
4.60668
3.6838
3.7861
3.78811
3.66456
3.71801
4.2348
3.92528
3.43725
3.61669
3.59612
3.98617
3.79576
4.09852
3.65236
4.32868
4.05299
3.757
3.84757
3.72129
3.61133
3.8176
3.85443
3.8535
3.8326
3.87623
3.66875
4.19089
4.03017
3.96232
3.68399
3.70621
3.89057
3.37526
3.79066
4.30211
3.37491
4.78384
4.12063
3.96197
3.39636
3.49969
3.87994
3.80746
3.3435
3.41783
3.51378
3.68372
3.34519
3.87993
3.96036
3.82783
3.64491
5.81773
3.6034
3.89073
3.72745
3.28632
3.42857
4.19088
3.58005
3.72896
3.99735
3.84691
3.29007
3.87229
3.76878
3.74189
3.39944
3.50455
3.58401
3.93862
3.84309
4.19994
3.82128
3.83826
3.71472
3.6106
4.56891
3.42678
3.78988
3.88931
3.95038
3.57001
4.1849
3.75499
3.64489
3.74638
4.5794
3.64536
3.82396
3.90854
4.05535
3.87795
4.10442
4.13472
3.87244
4.84133
3.6437
3.64716
3.73205
4.08527
3.43886
3.95187
3.50372
3.27706
3.65209
3.86787
4.26773
4.59944
3.86622
3.67844
3.99373
3.32847
3.88177
3.68735
4.3509
3.74163
4.15413
3.8778
3.79857
3.58994
3.97231
3.59558
3.83339
3.72498
4.39284
3.4531
3.81684
4.09301
3.99473
3.71038
3.88406
3.67234
3.90724
4.00754
3.88716
3.38845
3.82865
4.43341
3.3157
3.83186
3.77103
3.27048
3.64797
3.61114
4.00968
4.15212
3.63401
3.62985
3.62682
3.69385
3.60729
3.87422
3.53434
3.44611
3.94806
3.5995
3.72507
3.74176
4.05631
3.67261
3.82029
3.87531
3.82916
3.79476
3.67405
3.64904
3.4429
3.50245
3.46437
4.11123
3.80032
4.11582
4.06144
3.82336
3.7838
3.93744
3.69948
4.51679
3.68311
3.60468
3.4293
3.63754
3.75303
3.63479
3.40348
3.83645
3.97859
4.25964
3.56039
4.45604
3.91451
3.67121
4.06915
3.67478
3.70563
3.42036
3.7824
4.10916
3.68386
3.85408
3.57738
3.82735
3.94038
3.94743
3.13516
3.12938
3.79639
3.60785
3.16686
3.47244
3.95112
4.06701
4.15958
4.10731
3.70557
3.75565
3.72837
3.79229
3.66959
4.15142
3.41459
3.70829
3.61204
3.94539
3.61526
3.68837
3.63367
3.86588
3.96212
3.38233
3.97014
3.63855
3.55819
3.52792
3.51021
3.80676
3.43551
4.12939
4.25614
3.86891
3.7153
4.50652
3.59247
4.01002
3.63807
3.53662
3.69005
3.5991
3.6114
4.00225
3.87135
3.43046
3.40966
3.57081
3.59378
3.75431
4.06682
3.98589
3.84795
3.8807
3.56058
4.07306
3.87348
4.01594
3.51068
4.48024
3.87847
4.00957
3.29338
3.93522
3.53092
3.91579
3.5994
3.62362
4.12817
3.87118
3.35454
4.33891
3.92077
3.67661
3.4541
3.45764
3.32412
3.6571
3.61573
4.06361
3.57547
3.59567
3.31377
3.66002
3.72044
3.70322
4.04404
3.53303
3.57472
4.0507
3.56971
3.69233
3.5638
3.66754
3.98506
3.6768
4.27729
3.8088
3.49296
3.72183
