5.29178
6.36405
5.38216
4.91945
5.09037
4.66731
6.5675
5.11964
7.67154
7.34445
5.28205
4.88194
4.86634
6.64032
5.96942
5.61246
5.44609
5.40742
6.08534
5.57189
6.21001
5.02023
5.58601
5.57752
5.76198
7.70454
6.2915
6.46586
5.53793
5.34771
6.01849
4.72745
6.75232
5.35293
5.01709
5.45142
6.55654
7.47059
6.91651
5.2581
6.53807
5.60028
5.62697
6.00331
4.89343
6.4355
5.74416
4.4979
5.0518
5.61719
7.19751
6.76462
4.25077
6.56135
6.92775
5.05818
5.22579
4.52996
5.69541
6.03334
7.36932
5.73026
4.62628
6.12147
7.11494
4.11499
7.31147
6.85394
5.5332
4.36327
6.21992
4.20845
4.7934
5.64214
5.84393
6.21978
6.35858
6.36526
6.47624
5.57271
6.73311
5.31855
4.48138
5.84983
4.86205
5.50647
5.97628
4.8528
5.41577
6.40196
8.21703
6.51105
7.9505
5.25865
5.38032
7.45163
6.64273
8.09493
5.41282
5.24372
5.32868
6.50236
6.24089
6.06728
5.9724
5.53828
6.88225
5.55657
6.11597
7.72491
5.4675
7.71707
5.86105
5.9883
5.49646
4.58545
5.26948
4.72833
4.95752
6.1052
6.64955
6.16577
5.51789
4.91815
5.83308
5.5516
5.71262
4.39036
4.92497
5.42321
5.33752
5.55321
5.07557
6.52638
4.73285
5.9376
7.0345
6.5168
6.22238
6.44871
4.29032
4.42689
6.60241
5.67596
4.82849
6.48948
4.70594
5.72566
5.12963
9.35845
4.47423
5.29734
6.37423
6.53196
6.53669
5.34566
6.3561
6.45752
4.05485
4.7655
6.24215
5.7036
4.72266
5.04309
5.2958
7.40176
8.44304
6.27681
4.62865
7.47382
6.41689
7.30106
6.79293
5.10602
5.90143
5.28712
4.46446
5.47597
5.49962
7.57917
4.2986
5.41069
4.11609
7.3143
5.34647
5.77413
5.1745
4.82999
4.62308
5.64263
5.45766
5.07889
5.49178
6.56094
5.65168
4.41671
4.64747
8.77972
4.94396
7.45954
5.17095
4.19018
6.31114
5.54727
6.62074
5.83546
5.45918
8.29182
6.22841
6.43517
7.27218
6.48746
8.409
5.26667
6.05948
5.10572
5.58405
5.25922
5.3506
4.36161
6.77935
4.51558
6.50898
4.93973
4.08691
8.73764
5.98577
5.00033
5.63454
7.01187
8.11462
5.24999
5.18245
4.73148
5.37683
5.32803
7.31958
5.56059
5.12231
5.92998
5.42602
7.30803
5.83687
5.23063
7.10371
4.69695
6.84095
5.48156
5.64622
5.22075
5.55718
4.97216
4.87214
6.43755
6.58804
5.95306
5.32636
7.48579
5.56097
7.6622
6.18723
5.17858
7.08753
5.68148
6.85285
5.22811
4.34297
7.21929
4.70476
6.11564
4.68584
6.66256
5.54618
4.7384
6.8765
5.01444
7.79285
7.18335
4.04164
5.15369
5.97702
5.6444
6.98904
6.23143
5.89003
5.17341
7.56044
5.78724
6.22788
6.26545
5.06178
4.86911
5.48442
5.53351
5.17314
7.9597
5.18775
6.07298
5.21784
7.03858
4.99279
6.34247
6.21981
5.31885
4.80193
5.38122
5.13616
6.09323
5.81527
4.99648
5.15383
8.10463
6.76813
7.29128
4.74474
4.73203
6.88937
5.37275
6.8788
5.37664
5.43697
4.56297
5.54397
5.34551
6.00462
4.72513
8.71551
5.20348
6.0992
5.41437
5.45391
6.48039
4.90476
6.13946
4.95823
6.43711
5.79068
5.41885
6.59948
8.39438
7.47868
6.7195
5.40117
6.94589
5.0295
6.84452
7.09981
6.06756
5.84782
6.02727
5.34906
4.79142
4.69008
6.23221
5.0316
4.40611
5.95747
5.29534
5.88016
5.87339
5.5248
5.04419
5.39672
4.32913
6.00876
6.03803
6.54826
4.829
5.14813
5.67228
5.18485
5.60116
4.44368
5.65227
8.86249
5.70882
6.22503
4.6265
5.40864
5.50875
5.27486
6.30127
7.33093
6.06202
5.55036
6.46824
5.83865
5.15237
6.5458
5.58302
5.14379
5.67186
5.88582
6.50947
6.36352
6.01897
5.36756
5.56699
4.74375
5.0021
5.77128
4.81529
5.34844
5.64861
4.38404
7.20596
5.45776
5.48161
5.99993
7.19969
5.02373
5.29069
6.17395
6.15514
5.8521
6.12092
6.3698
7.14508
7.46921
6.54897
5.43611
5.11865
6.645
6.51959
5.59806
4.32151
5.07566
5.1928
7.10364
5.6138
6.23047
5.14664
4.64889
5.53934
6.15109
5.45122
7.60292
4.80888
6.76074
4.86284
6.03766
6.18731
5.10743
5.73841
6.47643
7.88972
5.4113
7.64277
5.77352
4.95042
5.55464
6.72683
5.02487
6.28557
5.9822
5.85971
5.8802
5.39296
6.56462
7.14558
5.57917
6.20649
6.57127
6.12226
9.6841
6.26806
5.60538
4.85996
5.51818
6.16261
8.87816
6.03442
5.6794
5.42508
5.40795
5.40075
5.50987
4.52997
6.63265
6.17908
5.44207
6.42593
5.38014
7.30687
4.45978
5.31593
4.75119
5.7742
5.76442
5.62994
4.79657
8.49094
4.99162
6.42157
5.21016
4.83839
5.72632
5.92491
5.61328
6.13781
