2.60274
2.5426
2.53334
2.6938
2.43572
2.55803
2.43042
2.81786
2.74157
2.88259
2.55094
2.58467
2.51759
2.56405
2.65387
2.42248
2.79163
2.56039
2.6739
2.67629
2.67431
2.57672
2.55729
2.6926
2.86032
2.24512
2.5617
2.36276
2.90942
2.61002
2.39321
2.73182
2.5637
2.75608
2.61303
2.42098
2.36181
2.68626
2.86662
2.78883
2.32855
2.54478
2.53499
2.43388
2.36825
2.64038
2.42172
2.55043
2.79692
2.80397
2.48831
2.69155
2.91788
2.54034
2.54325
3.13489
2.91264
2.68411
2.4533
2.94046
2.35853
2.57321
2.63881
2.91067
2.67259
2.73546
2.84875
2.66171
2.4935
2.65501
2.48546
2.73214
2.5484
3.01531
2.60759
2.45833
2.84234
2.75187
2.38593
2.2832
2.61618
3.04726
2.59016
2.72816
2.50416
2.5526
2.73258
2.74462
2.7413
2.66838
2.48376
2.71503
2.60924
2.85077
2.69742
2.70349
2.43384
2.78239
2.65705
2.62927
2.45999
2.92552
2.58142
2.6917
2.59268
2.4541
2.69209
2.44209
2.66117
2.68388
2.68679
2.54148
2.76296
2.59013
2.62075
2.62926
3.02575
2.6126
2.39816
2.86589
2.58841
2.82847
2.5274
2.96317
2.67327
2.53385
3.14519
2.27183
3.00762
2.6282
2.65869
2.77808
2.7646
2.52209
2.78225
2.64483
2.79678
2.79842
2.74124
2.64082
2.70836
2.74768
2.74494
2.84951
2.74083
2.72544
2.69628
2.73003
2.54906
2.96748
2.6294
2.39446
2.87322
2.68036
2.84209
2.79059
2.62918
2.79324
2.71484
2.8307
2.73367
2.44654
2.55671
2.54968
2.78771
2.77937
3.5098
2.87027
2.65395
2.66039
2.70696
2.7754
2.53392
2.63612
2.43112
2.49687
2.56763
2.86209
2.62526
3.07746
2.57771
2.43199
2.75856
2.37524
2.64758
2.74798
2.62673
2.52914
2.54842
2.40331
2.7851
2.55557
3.11495
2.67075
2.68494
2.66422
2.58711
2.62235
2.86383
2.67782
2.42232
2.70635
2.51983
2.79981
2.74612
2.88218
2.62882
2.67976
2.79363
2.70648
2.64158
2.62103
2.57524
2.68181
2.64749
2.68184
2.55022
2.84328
2.59668
2.88465
2.51524
2.79788
2.55404
2.75456
2.79435
2.29969
2.72386
3.04995
2.31691
3.08845
2.79809
2.83263
2.38353
2.41207
2.57712
2.60885
2.37192
2.32514
2.46022
2.5823
2.2973
2.77959
2.4981
2.64085
2.63397
2.69759
2.42946
2.80851
2.63108
2.34588
2.39458
2.86003
2.46357
2.66827
2.79446
2.78837
2.32866
2.68387
2.65192
2.61823
2.42131
2.43758
2.54753
2.73368
2.62346
2.82108
2.71171
2.77373
2.53423
2.55831
3.0519
2.38417
2.50484
2.48035
2.74491
2.51365
2.88045
2.65404
2.54395
2.65135
3.24539
2.45105
2.81897
2.79282
2.77324
2.5567
2.96188
2.85158
2.72934
3.12392
2.57433
2.47611
2.69336
2.82429
2.47786
2.81592
2.46826
2.28491
2.56894
2.78218
2.92323
2.96823
2.66301
2.62451
2.81216
2.4255
2.65531
2.50436
2.98014
2.52411
2.75596
2.51261
2.54787
2.56686
2.69829
2.54987
2.71582
2.50695
3.03156
2.25837
2.51651
2.81882
2.65957
2.59908
2.71924
2.60069
2.70331
2.78548
2.63335
2.38088
2.72593
3.02106
2.25861
2.63796
2.63371
2.40264
2.54092
2.63406
2.81728
2.86761
2.60575
2.63922
2.52138
2.62711
2.58826
2.73938
2.36405
2.45158
2.76047
2.61049
2.53673
2.5247
2.64059
2.69854
2.72389
2.58758
2.69877
2.622
2.61429
2.57518
2.44897
2.46175
2.55832
2.69923
2.60706
2.79949
2.73312
2.67843
2.64278
2.74285
2.53519
3.18588
2.56723
2.5555
2.41496
2.51329
2.65131
2.55017
2.35645
2.78794
2.93896
2.99435
2.55589
2.91468
2.81001
2.68126
2.77935
2.54932
2.64503
2.446
2.6523
2.74498
2.5711
2.72845
2.49671
2.71267
2.76124
2.80554
2.21872
2.20748
2.71833
2.54024
2.2793
2.45212
2.71214
2.77877
2.89846
2.75245
2.6894
2.69537
2.68493
2.57147
2.58334
2.79253
2.49033
2.55758
2.58779
2.72623
2.61276
2.57892
2.57453
2.73615
2.80419
2.39842
2.66375
2.61223
2.50286
2.52259
2.4655
2.60146
2.46957
2.79527
3.00074
2.70155
2.66489
2.95318
2.39098
2.82574
2.56873
2.54324
2.57448
2.52363
2.58962
2.57753
2.70437
2.47372
2.45024
2.55038
2.49457
2.75117
2.85683
2.87342
2.72519
2.48988
2.58397
2.80069
2.69542
2.84845
2.49412
3.08416
2.66955
2.76683
2.31279
2.76929
2.45227
2.79978
2.45256
2.49107
2.78295
2.6885
2.35628
3.0475
2.65815
2.57326
2.46242
2.42403
2.33082
2.65707
2.61728
2.78304
2.5342
2.5077
2.34259
2.51432
2.58935
2.65443
2.79945
2.4752
2.55227
2.83315
2.57139
2.66846
2.5309
2.52113
2.6782
2.5762
2.88226
2.65832
2.56425
2.60399
