4.28653
4.32688
4.33441
4.55708
4.42646
4.74811
4.4479
4.54865
4.37177
4.74668
4.30922
4.70298
5.02567
5.80058
5.98838
4.71135
4.55943
4.85116
5.73813
4.22991
4.29427
4.29303
4.71834
5.01947
4.32335
4.76029
4.77224
4.70642
4.81496
4.70579
4.87686
5.31779
4.90144
6.15954
5.082
5.35687
4.80023
4.39524
5.23953
5.32014
4.25132
4.62195
4.30566
4.7299
4.3148
4.71263
4.37925
4.60535
4.65409
4.82135
4.42423
4.60811
4.42761
4.60617
4.61546
4.45276
4.62647
4.13108
4.74397
4.33431
4.22358
4.41779
4.73239
4.39488
5.37092
4.98075
4.63132
5.97733
5.38944
4.02844
4.75776
4.72148
4.34896
4.36648
4.39014
4.69644
5.3286
5.75726
4.33714
5.32941
4.51642
4.1077
4.45505
4.49907
4.51963
4.79091
4.61178
4.65463
4.65123
4.55237
4.62002
4.41771
4.79199
5.27235
4.97839
4.63965
4.43161
4.529
4.0418
4.94455
4.76953
4.90743
4.3274
5.22116
4.62452
5.03845
4.80158
4.41301
4.8789
4.82091
4.66752
4.50419
4.8999
4.88266
4.67079
4.80945
5.69299
4.47661
4.65122
5.81309
5.64798
5.00772
4.88321
4.42293
4.87608
5.29461
4.12746
5.03993
4.60093
4.38277
4.99931
4.63555
4.51188
4.49446
4.55115
4.67902
4.5927
4.21661
5.56534
4.57592
4.93697
4.61481
4.36218
4.55281
4.65307
4.64391
3.9911
4.36575
4.51501
4.48685
5.60026
4.62811
4.65442
4.41145
4.43549
4.47856
4.44038
4.81197
4.54069
5.06484
4.69997
4.43419
5.23904
4.37174
5.52083
4.29386
5.48552
4.45839
4.62454
5.88488
5.33106
4.68109
4.73972
4.63195
4.55094
4.81939
4.66729
5.03283
4.01759
4.64956
4.73109
4.27243
4.49929
4.59868
4.54231
4.39806
4.66243
4.34886
4.61315
4.9028
5.0267
4.20887
4.52543
4.63567
5.3539
4.64279
4.52039
4.52073
4.35127
4.44627
4.6212
4.45022
4.54208
4.4334
4.23184
4.47905
4.72132
4.55597
4.44645
4.11104
4.91095
4.8577
4.54644
4.80893
4.50621
5.16958
4.75432
5.09973
4.16217
4.31551
4.75267
5.00558
4.56454
3.99042
5.1224
5.40845
4.80322
5.40987
4.44093
4.30977
4.71278
4.42145
5.36506
4.01493
3.97208
4.55611
4.42685
4.39406
4.73931
4.42867
4.55668
4.61854
4.88864
4.41603
5.2457
4.60745
4.30465
4.39834
4.82365
5.2304
5.50294
4.69442
4.01458
4.08608
4.39542
4.08492
4.52588
4.8444
4.70355
4.49375
4.96772
4.34349
4.8084
4.25571
4.72731
5.58184
4.34452
4.25864
4.18491
4.85851
4.05638
5.37234
4.22066
6.68087
5.11503
4.47872
4.67864
4.9937
5.0726
4.99393
4.74202
4.62384
4.63409
4.40706
4.77234
4.26662
5.27616
4.55038
4.50992
4.73127
4.8817
4.62197
4.47481
4.52248
4.65709
4.83664
4.49707
4.31258
4.12898
4.61192
4.90766
5.16331
4.37607
4.00062
4.61936
4.32363
4.15205
4.50798
4.48849
4.37176
4.49799
4.55972
4.68252
4.56886
4.77156
5.04425
4.35935
4.57262
4.71709
4.63339
4.75443
5.00533
4.13195
8.19807
5.42494
4.81067
4.60342
4.70556
5.09616
4.54046
4.74015
4.75387
4.55576
4.83384
4.94803
4.76248
4.56967
5.30616
4.79926
4.91203
5.06148
4.3318
4.1611
4.94692
4.29191
4.9228
5.23871
5.59242
4.00027
4.46693
4.38085
4.43318
4.57754
4.68298
4.766
4.47265
5.35069
4.98066
5.18694
4.34609
4.99817
4.91554
4.72449
4.60465
4.4992
4.24204
4.34426
4.85084
4.46562
4.21556
5.31231
4.12186
4.78175
4.51505
4.75672
5.18772
4.67851
4.79102
4.53729
4.75937
4.14204
4.35175
4.39286
4.37862
4.23537
4.68366
4.57137
4.42504
4.29563
7.04568
4.01662
4.5418
4.44168
4.82295
5.09681
4.93812
4.35151
4.0377
4.67756
4.62762
4.40793
4.54705
4.76084
4.30301
4.33572
4.93756
4.81606
4.34156
4.83105
4.62447
4.3088
4.58295
4.41147
4.45124
4.73605
4.62132
4.5132
4.42166
4.35317
4.88778
4.16125
4.48184
4.41255
4.58121
4.17312
4.67439
4.72922
4.87793
4.39216
4.06122
4.88258
4.53616
7.89929
4.74087
5.42847
4.33938
4.46095
4.27891
4.42765
5.07602
4.85816
4.83635
4.99988
4.68439
4.32666
4.79022
4.52931
5.31376
4.88619
4.43471
4.5511
4.87347
4.58345
4.86502
4.92697
5.05038
4.7015
5.41363
3.89595
4.74638
4.56119
4.21358
5.13884
5.61432
4.89032
4.47843
4.8818
5.07286
4.80519
4.08696
4.34081
4.47523
4.26463
5.27758
5.30534
4.68758
4.35994
4.73887
4.45357
5.4509
4.79291
5.29039
4.8668
4.89941
5.04581
4.56555
4.46499
4.62911
4.691
4.93489
4.53494
4.68041
5.58831
4.92884
4.8446
4.71834
4.64952
4.98479
4.51104
4.57654
