3.62534
3.43306
4.25478
3.75635
3.51218
3.12065
3.73441
3.83536
3.87832
3.82008
3.41162
3.64595
3.52405
3.74718
3.79394
3.54776
3.07714
3.35703
3.88037
3.62782
4.21014
3.41038
4.36664
3.98361
3.56529
3.87645
4.19645
3.39643
3.60465
3.53382
3.6682
3.75606
3.53425
3.968
3.56168
3.54369
3.60735
3.68704
3.77622
3.4813
4.53204
3.31804
3.33111
3.56178
3.67506
3.60931
4.00774
3.73466
3.3993
3.28931
3.41413
3.88191
3.74972
3.58288
3.60502
3.40826
3.69638
3.72979
3.77732
3.25224
4.095
3.53014
3.93818
3.55396
4.48483
3.4256
3.79129
3.55554
4.1339
3.33226
3.43805
4.09785
3.16807
3.70729
3.72705
3.57246
3.81708
3.68473
3.42194
4.32742
3.52762
4.00049
3.18408
3.5675
4.14189
3.35667
3.61131
4.34407
3.6757
3.91082
3.37786
3.60713
3.29354
3.21974
3.48075
4.64272
3.56487
4.76976
3.29948
3.65949
4.30165
3.65127
3.94893
3.65113
3.18272
4.90552
3.77681
3.16571
4.57159
3.74769
3.46527
3.99531
3.33332
3.63949
3.39955
3.11181
3.63155
3.17992
3.62695
3.47997
3.3151
3.57055
3.38576
3.84635
3.75341
5.12327
3.57756
3.24031
3.09748
3.24685
4.03343
4.13554
3.28892
3.5597
3.76681
3.58281
4.20262
3.84013
4.14672
3.91705
3.67637
3.84711
4.58003
3.62132
4.19944
3.30255
4.09522
3.26079
3.08428
4.34959
3.59527
3.32066
3.85223
3.46354
3.0001
3.49528
3.61135
3.50281
3.58694
3.98193
3.56606
3.29412
4.0474
4.34711
3.88765
3.86256
3.35836
4.4556
3.52074
3.75539
3.4067
3.09108
3.77325
3.45414
3.40626
3.71175
3.22959
3.29363
3.86076
3.90836
3.8928
3.69112
4.21901
3.62846
3.46338
3.9603
3.75459
3.22045
3.17333
3.66151
3.23358
3.84002
3.50658
3.56188
3.37293
3.91527
3.73799
3.82954
3.83204
3.48009
4.04312
3.70427
3.95273
4.15913
4.33279
3.49144
3.27298
3.00006
4.17927
3.87266
4.03179
3.16073
3.12427
3.68945
3.39229
3.54025
3.33478
3.51713
3.19701
3.47406
4.40055
3.68983
4.0716
3.62241
3.39149
3.37531
3.96319
3.44338
3.17768
3.95785
4.29207
3.33821
2.9885
3.7745
3.52076
3.85792
3.87206
3.78302
3.67202
3.83324
3.47421
3.63528
3.26822
3.32657
3.3649
3.60687
3.8722
4.47547
4.5916
3.63441
3.26798
4.37202
3.24611
3.88276
4.01159
3.67228
4.21292
3.87405
3.59532
4.25491
3.62715
3.75252
4.12389
3.65344
3.71655
4.10075
3.92935
3.48092
3.62003
3.60457
3.52985
3.73088
3.61496
3.8
3.53908
3.49969
5.5016
3.57391
3.46729
3.854
3.87543
3.46427
3.22505
3.65796
3.9739
3.8252
3.56255
3.90845
3.48806
3.56696
3.98312
3.99975
3.66655
3.42284
3.39744
3.6865
3.08956
3.58357
3.60033
3.66455
3.72074
4.29643
3.31926
3.67631
4.09102
3.83114
3.63188
3.41544
3.73509
3.89105
3.63982
3.57358
3.97872
3.38574
3.52178
3.44038
3.85895
4.19306
2.946
3.2332
4.01424
3.25493
3.89551
3.68496
3.43472
4.0639
3.86042
3.29985
3.18261
3.47905
3.26342
3.71208
3.7399
4.14883
4.3193
3.32608
3.81753
3.56748
3.65065
3.45967
3.61748
3.7931
3.92077
3.82488
4.28265
3.79278
3.48092
3.66178
3.46347
3.82943
3.48377
3.36676
3.72727
3.86873
4.8414
3.85533
3.58675
3.8841
4.238
4.14737
3.54443
3.96105
4.0488
3.72948
3.5218
3.53567
3.30029
3.89769
3.46392
3.13945
3.55681
3.78945
3.84629
3.18369
3.83841
3.82964
3.29974
3.44431
3.21143
3.75299
3.54781
3.67488
3.71088
3.47124
3.55812
3.79412
3.681
3.62965
3.51277
3.73955
3.32807
3.20831
3.86114
3.50964
3.61726
3.27222
3.53599
3.69172
3.0096
3.96576
3.25121
3.52991
3.65716
4.03317
3.41811
3.44128
3.46347
3.60009
3.5821
3.9259
4.1299
4.10813
3.35407
3.32915
3.16608
3.3549
3.59365
3.22951
3.18608
3.85418
4.03398
3.62008
3.79922
3.61207
3.56212
4.19197
3.64345
4.79973
3.69235
3.65744
3.72415
3.86748
3.58818
3.51242
4.37903
3.55157
3.76846
3.90283
4.01959
3.62655
3.60047
3.86363
4.3956
3.68495
3.34442
3.7218
3.44359
4.66148
3.59748
4.04364
3.37782
4.28515
3.88659
3.86578
3.66936
3.81977
3.44292
4.52029
4.05685
4.08585
3.57322
3.46064
3.97051
3.67621
3.49337
3.53731
3.24596
3.99389
3.10331
3.58177
3.05527
3.80639
4.52438
3.23674
3.64715
3.50711
4.41054
3.5423
3.25696
3.42623
5.32361
3.97275
3.77449
3.77361
4.10485
3.48032
3.20553
3.26801
3.83849
3.92545
3.64642
3.86263
3.78951
3.29787
3.65139
3.57485
3.96703
3.37697
3.71758
3.66002
