6.98647
6.40632
6.96317
6.53201
6.22245
6.40324
6.94295
7.40549
8.30298
7.22248
7.34969
5.43844
6.19026
6.14354
7.28721
7.62258
5.93706
6.11869
8.42238
7.74662
5.85842
7.14581
6.62885
7.06348
5.55233
8.77796
7.09589
6.07371
6.79251
6.40878
7.19434
6.4051
7.26198
7.18384
7.09115
6.3061
6.44851
6.65259
7.67139
6.96145
7.72652
7.09973
7.01291
6.51922
6.25002
8.31843
6.2547
7.04888
7.26769
6.90835
8.33319
7.04611
6.96183
7.30947
6.4664
6.94607
6.46514
6.49107
6.22818
6.19769
7.3214
8.37451
7.35024
5.47824
8.85532
7.22743
7.65089
7.36489
8.76585
6.38148
9.82428
7.01413
5.59036
7.48663
5.97125
6.74545
7.37642
7.5445
6.11706
7.04552
7.66378
5.77043
7.78558
6.31185
7.193
6.8382
6.09857
9.86869
7.1823
7.33445
7.59681
7.21822
6.87108
10.0176
7.97063
6.42857
7.00138
6.89126
6.27919
5.89168
6.88446
8.13854
6.14057
6.89113
6.34657
7.42462
6.99819
7.25095
7.43111
6.30624
6.73271
8.03354
6.41218
7.89417
5.86459
6.03549
6.88229
6.50278
6.9317
7.48835
7.21863
6.69354
6.0774
7.84517
6.95612
7.4338
5.81567
6.97452
6.74382
6.62776
6.57669
8.30681
6.83304
6.0669
8.2319
6.60165
6.86921
7.0525
6.71451
6.9511
6.64548
6.18204
6.71813
7.00185
6.96814
7.72899
7.20211
6.38614
8.26356
7.24517
6.34352
6.66349
8.12468
8.56904
6.77419
7.52944
6.46338
6.73974
6.52048
6.91119
6.20954
6.09711
7.51497
7.18345
6.5272
7.22605
7.10373
6.86729
7.84714
6.69116
7.44183
7.14872
6.06585
7.93003
7.58106
6.82445
6.18849
9.59741
6.32248
7.78568
6.54928
6.53508
8.27112
6.87691
6.9433
6.62518
7.10937
6.55955
8.09233
6.96491
7.52931
6.57185
6.42281
6.9002
6.23337
7.39872
6.62697
7.22472
7.00372
7.12518
7.53023
6.22449
6.81609
7.74888
6.48872
6.00691
7.06098
7.09818
9.14713
7.79886
7.02818
7.41571
7.00238
6.24185
6.95448
7.22463
6.78559
8.39386
6.51714
7.8219
6.00695
6.81594
6.62677
7.54244
6.69009
7.25459
7.2924
6.2959
7.31967
6.97217
7.06928
6.60284
6.90175
5.79274
6.53058
7.41129
6.50508
6.15754
6.10295
6.73174
6.37007
7.20347
6.59087
6.09628
8.0149
7.9619
8.22533
7.8683
6.38682
7.83408
7.89127
6.50604
7.13035
7.32415
7.303
7.52945
6.0693
6.79837
7.29508
7.23206
5.57585
6.50489
8.05898
7.20167
6.1895
6.7522
6.92059
7.20287
7.46916
7.31073
7.29365
7.60335
6.50554
5.56601
7.2926
6.5519
7.38203
6.4484
7.1656
6.31222
5.71637
7.37006
6.57155
6.3227
7.83032
7.25306
7.67942
8.25796
6.71706
6.70166
6.6179
6.15281
6.67981
6.21589
6.45875
6.15203
7.15582
7.0934
10.765
7.66317
7.13212
7.18169
6.82613
6.17765
6.55101
6.45518
6.88718
7.04632
5.69869
7.57294
7.16447
6.22889
6.47967
6.30867
6.90763
7.95653
6.66807
7.52376
7.44302
6.98129
6.12159
8.32348
6.71773
7.32118
9.86703
7.44264
7.39945
6.9029
6.39374
7.10283
6.01304
8.81399
6.51633
6.18457
6.45051
7.44433
6.0234
7.56307
6.73927
6.34194
8.45521
6.8336
6.54662
6.34778
9.26274
7.37796
6.89765
7.149
6.75771
7.00074
6.31013
6.89128
6.24651
6.90406
7.15489
6.0869
7.92571
6.93622
6.19004
6.88899
6.04286
7.75142
6.92981
6.43723
7.63634
6.48952
6.31291
6.54762
6.75358
6.49306
6.80141
7.25513
6.19607
8.18183
6.06752
6.29237
8.04185
6.15712
7.32069
7.17328
6.57637
7.0245
6.38063
6.40082
7.86993
7.4417
7.05615
8.08064
6.50652
7.16142
6.35469
6.22122
8.42385
7.15915
7.90731
6.40916
7.72137
8.33701
5.96165
6.73842
7.78594
6.91907
6.52322
6.83324
6.25841
6.21212
7.26774
7.20176
6.82384
6.4018
7.60187
6.54762
7.14951
6.64162
7.82577
6.34183
6.61759
6.68001
7.66366
7.60649
6.77888
6.5177
7.24203
6.78586
6.24151
6.47896
8.56704
7.17689
8.823
5.96469
9.18511
7.11077
7.39359
6.96111
6.52607
7.07475
6.386
6.64282
7.74778
6.92259
8.84291
6.53815
7.50115
6.51622
7.1447
7.10909
6.74364
7.01665
6.6582
7.86379
7.06554
6.95211
7.58385
6.62936
6.48929
6.50689
7.82352
5.96239
6.17325
6.59743
8.41193
6.72196
7.21744
6.3542
7.74839
6.30833
6.52107
7.50312
6.40441
7.50107
6.34132
7.10948
10.6006
6.84991
7.47999
7.4244
9.85238
6.58838
6.7764
8.93634
7.50541
6.18992
7.32145
6.8948
6.79844
7.6291
7.44137
6.43201
7.1476
8.82236
6.66473
6.04713
7.37943
8.05188
7.77628
8.21536
6.03947
6.60317
6.73995
6.65324
