2.71278
3.12133
2.56641
2.42923
2.51067
2.25651
2.76637
2.69686
3.23079
3.19566
2.79838
2.31144
2.37674
3.18811
2.78671
2.7112
2.59167
2.69299
3.30881
2.91771
3.40463
2.26703
2.9327
2.54248
2.58757
3.83955
3.23401
3.32615
2.19697
1.97734
3.13589
2.59107
2.68266
3.0913
2.92252
3.15869
3.24329
2.99546
3.11945
2.67155
2.99158
3.08975
2.43845
2.84185
2.35878
2.88822
2.72859
2.36112
2.46456
2.97413
3.29915
3.18339
2.08004
2.67136
3.5569
2.3405
2.67491
2.14819
2.79338
2.84704
3.11953
2.44868
1.92674
2.5522
3.49928
1.58427
3.90914
3.23279
2.99162
2.31239
2.64876
2.16361
2.52856
3.068
2.5909
2.64621
3.03727
3.10407
2.3313
2.72081
2.33931
2.42793
2.41407
2.78837
2.44055
2.59717
2.91708
2.75373
2.41285
3.16221
2.82836
3.37135
3.17984
2.7332
2.74658
2.63415
2.95756
3.04766
2.58814
2.25727
2.6883
2.70821
2.99362
3.00583
2.80259
2.91156
3.44404
2.86099
2.78733
3.18603
2.7657
2.7019
2.78119
2.51119
2.97275
2.26537
2.46531
2.60297
2.57548
3.15127
2.88255
3.07866
2.50699
2.36974
2.55944
2.53157
2.52521
2.04052
2.57116
2.38017
3.10141
2.96479
2.50979
3.30328
2.38789
2.78767
3.28934
3.11259
3.14256
3.06082
2.08808
2.1432
3.08164
2.49507
2.22403
3.21797
2.43106
2.3292
2.63889
3.39683
2.04603
2.05039
2.70874
3.16317
2.91886
2.47444
2.93838
2.92262
2.24447
2.43842
2.15425
2.56416
2.523
2.48921
2.5204
3.31088
3.77722
2.73542
2.22074
3.67947
3.71277
3.01808
3.30024
2.47702
2.85433
2.80388
2.16761
2.91311
2.66159
3.07935
2.18019
3.04627
2.12948
3.01018
2.55134
3.12531
2.73923
2.34234
2.35823
2.59585
2.87217
1.72084
3.00343
3.13528
3.09096
2.41548
2.41236
3.52642
2.59206
3.60935
2.39759
2.27547
2.58898
2.9101
2.73902
2.92472
2.41484
2.83299
2.73464
2.96355
3.01417
3.10177
2.45437
2.47486
3.22224
2.66841
2.39171
2.5893
2.40315
2.18571
2.39193
2.25091
3.31698
2.62972
2.07735
3.90506
3.02505
2.3065
2.70859
3.51896
3.24276
2.68385
2.5925
2.28839
2.50542
2.56082
2.90034
2.98693
2.53114
2.36009
2.91649
3.08927
2.74162
2.67023
3.29177
2.37134
3.16121
2.86549
2.36993
2.78184
2.62852
2.75703
2.78254
2.60617
3.10137
3.06627
2.6563
3.14283
2.98393
3.2143
3.03739
2.54057
3.29107
2.83676
3.82451
2.4626
2.27099
2.91433
2.10983
2.59618
2.42014
3.20844
2.9066
2.41851
3.43709
2.6626
3.75737
2.7813
1.84167
2.27162
3.25784
3.2701
2.95618
2.76009
2.32979
2.54898
3.07728
2.62468
3.48193
3.29002
2.38975
2.25262
3.06405
2.88732
2.51564
3.02542
2.48258
3.03024
2.65685
3.14549
2.45669
3.41901
2.85688
2.83931
2.29796
2.5088
2.57589
3.04776
2.87545
2.60103
2.34914
2.76664
2.99978
3.23535
2.28892
2.57261
2.3952
2.96904
3.29088
2.55777
2.58977
2.36192
2.24155
2.78362
3.02725
2.38691
3.07269
2.46628
2.83107
2.66568
2.89659
3.3612
2.36127
2.90175
2.68919
3.46825
2.60976
2.87383
3.332
3.28422
2.94683
2.8692
2.62667
3.62856
2.51991
2.91008
3.0393
2.7043
2.56605
2.81162
2.40305
2.23731
2.39137
3.10481
2.04283
2.23702
2.8608
2.59196
3.08846
2.72551
2.36427
2.50426
2.45177
2.09572
2.90775
2.30204
3.58068
2.65359
2.44905
2.69946
2.34961
2.67017
2.1928
2.47195
3.30351
2.69702
3.17632
2.4191
2.54049
2.61867
2.33498
3.14519
2.58811
3.05937
2.45399
2.89017
2.995
2.78587
2.6217
2.70554
2.57364
2.80803
2.87628
2.48361
2.69085
2.78845
2.80568
2.8224
2.31094
2.37926
2.59913
2.15849
2.61343
2.92645
2.31015
3.74637
3.08641
2.44531
3.00758
2.28092
2.74494
2.58153
2.51316
3.08069
2.80664
2.7668
2.82166
2.58948
3.29943
3.07468
2.9246
2.27781
3.17555
2.65928
2.99339
2.17767
2.59884
2.88459
3.15694
2.78546
2.85109
2.48246
2.34297
2.8947
3.02757
2.43473
2.65044
2.20633
3.11115
2.35356
3.21083
3.2178
2.65206
2.63405
2.64942
2.77547
2.72439
3.65183
2.75838
2.39826
2.99202
2.64313
2.44912
3.14763
2.95611
2.92888
2.87449
2.99959
2.76363
3.0358
3.01599
3.05086
3.5785
2.80947
3.57221
3.28977
2.74733
2.50553
2.61169
2.59228
2.91267
2.62319
3.06042
2.52368
2.88435
2.3762
2.43428
2.1166
3.27102
3.23017
2.81585
3.03408
2.45642
2.71177
2.27636
2.50212
2.42321
2.92328
3.02181
2.78579
2.24674
3.42168
2.46482
3.14188
2.64592
2.38576
3.06694
3.15417
2.41662
3.0097
