3.80623
3.72811
3.27037
3.86724
3.72524
3.45596
4.12596
3.45857
3.70697
4.43316
4.0049
4.05802
3.68031
3.2932
3.95701
3.6611
3.67701
3.16734
3.46804
3.40016
3.33082
3.66452
3.57896
3.64341
3.8939
3.55764
3.98136
3.53353
4.14908
4.11604
3.30245
4.29051
4.17006
3.69254
4.08275
3.66614
3.59012
3.59082
3.56916
3.70105
3.78978
3.46929
3.13086
3.81109
3.37628
3.90731
3.62826
4.15051
3.65096
4.18688
3.84775
3.90865
3.25481
3.85938
4.42801
3.62756
3.59533
3.27035
3.84264
3.74043
3.67326
3.59553
3.6808
4.4289
3.74575
4.10536
3.95226
3.76742
4.07896
3.91401
3.6011
3.87293
3.31768
4.0476
3.5187
3.62503
3.8725
3.82812
4.92488
3.46139
3.51691
3.74336
4.28927
3.86961
3.49796
3.77405
3.82174
3.88543
4.04708
3.5545
3.47187
3.94682
3.73174
4.21137
3.63854
3.58717
3.89137
3.82859
3.65751
3.72905
3.35978
4.30536
4.01172
3.95703
3.36802
3.79386
4.109
3.46949
4.22237
3.7829
3.76703
3.48154
3.79876
3.77689
3.55101
3.78794
3.5356
3.33521
4.84874
3.65905
4.41461
3.45797
3.88631
3.42346
4.41188
3.99885
4.2774
4.06395
4.09198
3.41944
3.59135
4.26131
3.72016
4.0134
3.73101
3.67146
4.18008
3.60235
3.96502
3.40027
3.3672
3.5559
3.6956
3.83875
3.92317
3.66206
3.8084
3.83271
3.4679
3.74014
3.57751
3.72284
3.60473
3.93684
4.0871
3.39344
3.47399
3.39785
3.53463
4.06201
3.25773
4.18328
3.87438
3.47608
3.32777
3.18564
3.71262
3.87846
3.50128
3.77465
4.24337
3.32415
3.32281
3.96773
3.85817
3.8071
3.94091
3.68329
3.70339
3.7516
3.8425
4.55517
3.65402
3.50127
3.77776
4.78768
4.18341
4.36445
3.4663
3.84612
3.91552
3.64133
3.67053
3.75456
4.67965
3.55604
3.64264
3.45041
3.82547
3.62132
3.38456
4.12207
3.63237
3.57434
3.87051
3.83294
3.57866
3.56937
3.79399
3.59751
3.69574
3.593
3.6474
3.48145
4.17023
4.64816
3.6295
3.60237
2.91369
3.76103
3.46609
3.84642
3.38721
3.71146
3.82509
4.22456
3.83409
3.59725
3.77925
4.14675
3.84414
3.32715
3.69459
3.31456
4.07511
3.79911
3.80576
3.71288
3.52098
3.34299
4.19676
4.66998
3.4049
3.45801
4.0871
3.63339
3.85305
3.85364
3.92212
3.65341
3.75186
3.35798
3.54417
4.05892
3.52758
4.11667
3.85681
3.86933
3.75553
3.60816
3.94952
3.66925
3.65044
4.60864
3.87766
3.96879
3.34923
3.83881
3.6823
3.48845
4.01856
3.73494
3.93498
3.63932
3.56031
4.5372
3.54181
3.827
3.18496
3.46591
3.49476
4.16858
3.17673
3.62174
4.40956
3.78493
3.81255
3.45894
3.51747
3.4155
3.85
3.48797
3.97227
3.87719
3.70589
3.39903
3.61668
3.99647
4.22925
3.13662
3.67493
4.48528
3.51067
3.45516
3.76485
3.84657
4.30187
4.10075
3.64531
4.19608
3.85043
4.2105
4.16287
4.05336
3.95953
3.69861
4.06891
3.64892
3.47428
3.69855
3.79395
3.46561
3.74611
3.61167
3.49413
3.24629
3.86911
3.55099
3.82331
3.88785
3.73517
3.9318
4.01448
3.23364
3.76372
3.70565
3.69114
3.63525
3.20397
3.20256
3.91656
4.48727
3.52162
3.75685
3.62377
3.98059
3.60956
3.78187
3.37128
3.61547
3.5955
4.20453
3.9371
3.60516
3.73682
3.78331
3.59406
3.66772
4.62397
3.53051
3.89374
4.3637
3.92148
3.51086
4.05487
4.09266
3.56206
3.57752
3.70867
4.4686
3.40008
3.69983
3.76376
4.1106
4.03421
3.3728
3.39115
3.9544
4.03185
3.41838
3.61054
3.97279
3.4202
3.95308
3.46181
3.5377
3.78042
3.61794
3.89502
4.25447
3.37822
3.48459
4.5331
3.15563
3.6482
3.53813
3.82653
3.45561
3.56498
3.98229
3.51068
3.67965
4.02512
3.77678
3.67387
3.33437
3.77531
3.30565
3.88378
3.23508
4.0533
3.87791
3.77763
3.85113
3.74567
3.73915
3.62461
3.51883
3.8862
3.82526
4.42432
3.80878
4.24189
3.75942
3.84925
3.94762
3.76185
4.14691
3.81212
3.42256
3.23525
3.827
3.78893
3.53484
3.65323
3.76277
3.55399
3.67302
3.71656
4.45047
3.66945
3.58995
4.04202
3.65883
3.44387
3.81707
3.97562
4.017
3.86118
3.49733
3.89607
3.80699
3.59081
3.55217
4.12065
3.9993
3.75908
3.40806
4.22685
3.77714
3.38755
3.58602
4.14105
4.00987
3.47499
3.87404
4.08082
3.76985
4.40376
3.41309
3.68655
3.28101
3.83494
3.95836
3.34111
3.93846
3.81028
3.64744
3.69432
3.79356
3.31126
3.85942
3.81605
3.62745
4.22799
4.12842
4.41095
3.79848
3.6447
4.18807
3.36237
3.37293
4.40377
3.89012
3.75413
3.44449
3.7244
3.7241
3.62465
3.90412
