5.79532
4.02339
5.30011
6.31181
4.40851
5.54845
6.17638
6.06713
6.55988
5.18184
6.66704
5.22292
5.32001
5.78349
6.29135
6.22165
5.59807
5.42065
4.75499
5.91035
6.20796
5.39385
5.42989
7.14946
7.63574
6.97708
7.27515
5.74802
6.7365
5.50071
5.26998
8.35632
4.94075
4.45344
7.37467
6.69561
7.93911
4.96657
4.42373
5.42151
6.09802
4.99498
6.61717
5.53256
4.41837
6.00933
6.9884
5.36178
9.60199
6.22982
6.98597
5.64304
6.46674
4.88694
8.91086
6.08436
6.50633
4.12383
7.99359
7.47858
7.03985
7.60142
7.57269
5.90378
5.62372
7.77099
8.41403
6.90347
6.77707
5.80082
7.35354
6.53381
5.45024
8.68064
4.12012
4.997
4.30713
3.90894
5.00005
9.34097
8.64959
5.53619
4.3759
8.71629
4.71291
9.38365
8.05288
4.75647
7.61429
4.40402
7.26876
4.99899
4.49814
5.546
7.16851
8.67096
6.47932
8.48844
6.42586
8.74356
5.67684
5.49646
9.45795
4.64635
6.14331
6.95177
6.94412
4.91198
8.22875
5.31001
5.37778
8.4405
8.19159
4.75788
4.75287
10.6673
4.96451
5.558
8.46388
5.42647
5.88757
8.03164
6.87525
5.5735
6.00362
2.82579
5.22973
5.82463
5.39639
4.74561
8.35214
6.34927
5.37653
6.75251
6.95804
7.05211
6.21816
7.8913
4.95121
6.66003
6.85091
4.20381
7.27452
4.94561
6.54057
5.26559
6.75773
6.2674
6.76337
6.01488
4.90149
6.32443
6.26184
6.71692
5.8489
4.42576
5.36269
7.66888
5.37827
6.08166
5.19639
7.94259
6.87547
6.62564
5.65138
4.8047
6.03803
8.48968
4.99261
5.47905
10.1137
4.16928
4.92141
6.10982
8.49783
4.72975
5.56293
6.95222
7.29262
6.01817
5.81897
8.58692
4.39095
6.20617
6.87061
4.77011
4.79165
3.71546
5.51624
4.85379
7.64113
7.01516
7.0791
4.7844
4.61561
5.39317
8.02241
5.92827
6.48038
5.43731
5.70647
7.35272
6.79072
4.28454
5.91335
6.1723
5.16772
4.35102
5.45427
5.00376
8.37397
5.53742
7.28938
6.45377
7.26834
8.83552
4.58778
8.63167
7.07791
4.9587
7.13275
4.2191
6.18379
6.28806
6.13157
4.27301
8.11437
6.09988
5.03321
5.91702
5.25776
6.56508
6.16729
3.80372
5.39734
5.96758
7.21517
4.80406
5.90571
6.25511
6.2493
6.62933
6.4796
6.93359
5.78742
8.43012
5.38565
5.29332
7.30597
7.68808
8.36231
6.64823
5.12476
5.22629
5.57038
4.35255
8.38376
8.12147
4.47686
3.76822
7.68992
8.30194
4.97114
7.39694
7.67042
6.88733
5.55721
8.49373
7.38457
6.28752
5.45255
7.8873
4.26728
5.00489
4.69397
7.37686
3.98931
5.2376
6.05932
5.05275
5.40829
7.86423
6.66869
7.19879
7.70168
5.21051
4.88198
5.85569
6.96172
6.81947
8.88043
4.06017
3.72778
7.17401
8.26872
4.17021
3.83175
8.52613
7.3267
4.14288
6.07565
6.44334
6.44008
7.01035
7.46291
6.30302
5.59631
7.72277
3.74077
7.58112
7.07544
7.55837
5.14204
5.26911
5.18973
8.27145
7.85348
7.58237
6.31739
6.20695
7.16526
5.95514
3.43501
5.36367
5.24387
7.33575
5.70084
7.74629
6.85538
5.88612
3.6974
5.82876
7.56956
5.55922
10.2058
5.93216
5.82894
6.03954
6.21058
8.96044
5.14089
6.44326
9.46169
5.90428
6.81012
6.43359
6.20267
5.23159
10.05
8.80178
6.16954
7.10244
6.88419
11.5996
5.38377
5.86603
9.37856
5.60284
6.52693
8.44622
5.67753
6.66855
4.72732
6.00991
7.62331
6.15754
5.76915
5.79674
6.60237
7.72412
5.65606
4.8415
5.92974
6.27404
6.25866
4.89821
8.3223
5.82501
4.91453
7.47928
5.83228
7.12943
7.29943
8.01298
6.75639
7.33878
5.20618
3.81684
5.80068
5.44646
7.05497
5.87226
7.40503
5.13798
4.35543
3.77112
4.24478
5.43604
7.33812
5.4871
7.30473
6.82398
5.38111
5.54123
3.58244
6.82597
3.99767
7.1387
5.57244
4.10004
8.48689
8.39436
7.63051
7.84939
8.21143
9.43122
5.83452
5.02487
8.29363
6.94688
5.95614
4.2204
8.17058
6.45373
6.3117
7.28601
8.91315
5.68164
5.2338
5.32746
5.46739
6.43244
5.21561
5.33777
8.44274
5.34658
5.65273
6.13265
5.73496
6.53696
6.11281
5.69846
5.08944
5.097
8.21408
5.24665
5.49424
6.37019
4.06675
4.77313
5.52597
8.12765
5.13665
7.11654
12.7609
4.79302
4.74985
5.93853
4.66139
4.85441
11.4452
5.82196
4.22668
6.95991
6.44977
5.73664
10.287
5.04277
6.32583
5.6986
8.7287
3.76215
4.51701
6.74331
5.5792
3.89232
6.16325
5.79804
7.51245
6.4039
3.57437
5.29639
4.8106
6.71116
5.29725
5.42287
7.58782
9.59929
8.62054
6.22165
6.29714
4.65756
5.56275
4.98191
5.89577
9.05813
5.01653
4.7976
5.51816
4.81422
