3.4432
3.24244
4.02785
3.55826
3.31317
2.98009
3.53875
3.62806
3.6712
3.58716
3.23956
3.43802
3.34086
3.54672
3.54292
3.34469
2.91022
3.18435
3.66529
3.41014
3.9867
3.24792
4.11178
3.72896
3.3965
3.6749
3.97314
3.23706
3.41156
3.36655
3.50647
3.57332
3.34618
3.75069
3.35606
3.30613
3.40544
3.47135
3.57739
3.29816
4.26025
3.03362
3.15626
3.36197
3.46273
3.43004
3.77711
3.55475
3.20666
3.10098
3.22658
3.66612
3.56493
3.38014
3.40124
3.24274
3.51672
3.53885
3.5529
3.10163
3.81581
3.35307
3.73765
3.35657
4.1961
3.27837
3.57638
3.3841
3.91824
3.15164
3.24269
3.82501
3.00185
3.49786
3.53147
3.36638
3.61509
3.49621
3.25372
4.09134
3.32024
3.81789
3.01328
3.37238
3.89659
3.188
3.44557
3.98086
3.49329
3.71314
3.20047
3.41325
3.13346
3.02784
3.31073
4.3115
3.37003
4.25218
3.13707
3.47547
4.00779
3.43541
3.76029
3.41784
3.0196
4.38509
3.5545
3.01758
4.1398
3.53465
3.27424
3.79777
3.14635
3.45558
3.20091
2.96228
3.40462
3.00959
3.45657
3.31571
3.14527
3.40285
3.20101
3.64294
3.49072
4.42842
3.39922
3.07597
2.9244
3.07898
3.79426
3.88949
3.11572
3.35858
3.57257
3.40004
3.93548
3.62247
3.94967
3.64087
3.48041
3.59122
4.34915
3.41993
3.92854
3.12057
3.8685
3.09276
2.93702
4.1217
3.37795
3.1558
3.6188
3.28037
2.84444
3.30294
3.41912
3.29681
3.38298
3.79136
3.40603
3.10212
3.84552
4.10964
3.6831
3.65236
3.18201
3.99056
3.30833
3.54107
3.23772
2.93951
3.58309
3.25457
3.23866
3.52161
3.04105
3.12833
3.65556
3.68366
3.69488
3.50206
3.93005
3.43706
3.29205
3.76343
3.5495
3.05004
3.00695
3.46877
3.07892
3.57059
3.30773
3.39219
3.19474
3.70895
3.48483
3.63142
3.62
3.28297
3.77129
3.51123
3.75744
3.89509
4.097
3.30311
3.09152
2.82231
3.95
3.65118
3.83405
2.98636
2.9552
3.51628
3.21827
3.34913
3.16919
3.30591
3.04029
3.28764
4.19223
3.50223
3.86603
3.44401
3.23598
3.19581
3.55332
3.23207
3.02074
3.73162
4.00717
3.18053
2.84537
3.61389
3.34636
3.6542
3.67015
3.5391
3.44905
3.65168
3.29896
3.41806
3.09373
3.12388
3.16672
3.44847
3.65958
4.22514
4.30591
3.4606
3.08655
4.11444
3.06812
3.6726
3.83157
3.46445
3.9896
3.6898
3.39111
3.98536
3.44082
3.55653
3.85471
3.44486
3.52898
3.877
3.71293
3.30644
3.32232
3.42019
3.35889
3.54669
3.41749
3.61499
3.33121
3.33762
4.98866
3.35715
3.28171
3.57975
3.67645
3.26563
3.05512
3.45738
3.74787
3.64702
3.38363
3.66069
3.32663
3.37679
3.76157
3.78246
3.48125
3.24173
3.19011
3.52295
2.93369
3.40469
3.41489
3.46554
3.44849
4.0568
3.14354
3.45741
3.87873
3.60616
3.42091
3.23457
3.54814
3.63494
3.45634
3.36425
3.78926
3.16266
3.36145
3.25504
3.68383
3.95288
2.78783
3.08372
3.76358
3.10389
3.67851
3.51348
3.24845
3.80816
3.65821
3.10825
3.03029
3.28848
3.07512
3.53099
3.51809
3.9063
4.07478
3.14838
3.61177
3.37028
3.41062
3.26197
3.42597
3.58243
3.72511
3.63081
4.04398
3.55623
3.30127
3.45334
3.24385
3.65214
3.31174
3.17654
3.53734
3.69161
4.4686
3.58837
3.41743
3.68085
3.96574
3.93966
3.35136
3.71559
3.79432
3.55205
3.33607
3.34269
3.11307
3.72529
3.29825
2.95805
3.35281
3.57233
3.66297
3.00422
3.65164
3.63919
3.14863
3.27963
3.04207
3.54321
3.36728
3.50027
3.51862
3.27436
3.35009
3.54327
3.47042
3.43011
3.30848
3.50543
3.1479
3.05713
3.61007
3.3435
3.43977
3.07507
3.35704
3.46797
2.85005
3.7637
3.095
3.33532
3.47869
3.80227
3.23228
3.26638
3.29486
3.42274
3.37662
3.72265
3.88932
3.86174
3.1563
3.08912
2.98457
3.16953
3.40329
3.05426
3.02538
3.61421
3.8287
3.43137
3.54927
3.41621
3.36646
3.96873
3.47061
4.19424
3.51986
3.43961
3.51279
3.63601
3.42034
3.3545
4.13956
3.34668
3.53365
3.69621
3.77923
3.42261
3.39727
3.65138
4.00324
3.50582
3.16703
3.53719
3.24717
4.34466
3.38781
3.80479
3.15546
4.07198
3.68728
3.6652
3.46113
3.6236
3.2263
4.24259
3.79913
3.8423
3.37912
3.28903
3.74872
3.46861
3.31853
3.36376
3.05291
3.76712
2.92272
3.36923
2.90621
3.59906
4.31035
3.0574
3.44576
3.31352
4.159
3.38162
3.09668
3.2617
5.04936
3.71807
3.57085
3.56158
3.84264
3.27481
3.0529
3.09859
3.62357
3.72533
3.48197
3.66541
3.59819
3.08579
3.42864
3.39213
3.72354
3.19528
3.50155
3.46036
