2.42951
2.34194
2.34925
2.49525
2.26316
2.37306
2.24583
2.6172
2.53199
2.65929
2.35928
2.39752
2.32141
2.38784
2.43932
2.23488
2.56639
2.3735
2.47667
2.47077
2.48588
2.3724
2.35966
2.4818
2.65399
2.0761
2.38427
2.1759
2.67911
2.41296
2.22315
2.51709
2.37723
2.55044
2.41733
2.23737
2.18804
2.50234
2.64629
2.60722
2.158
2.35303
2.3425
2.26541
2.17939
2.4486
2.23604
2.34312
2.58269
2.57867
2.28789
2.51
2.70641
2.35189
2.36429
2.90131
2.70327
2.47956
2.26533
2.72344
2.18424
2.36627
2.43113
2.66364
2.4863
2.52879
2.6339
2.47839
2.31741
2.46283
2.29185
2.54012
2.35208
2.79804
2.41905
2.2854
2.63711
2.52934
2.21158
2.1099
2.42853
2.83437
2.39661
2.51237
2.2966
2.36194
2.53238
2.53804
2.54024
2.46804
2.28401
2.5309
2.41654
2.6408
2.49364
2.5118
2.25764
2.58413
2.45211
2.43525
2.28265
2.72089
2.37383
2.49593
2.37739
2.27041
2.50087
2.25541
2.47044
2.49628
2.48487
2.34759
2.55406
2.38992
2.4294
2.4255
2.83096
2.40195
2.217
2.6617
2.39309
2.61959
2.31797
2.74303
2.47161
2.34882
2.90472
2.10327
2.77769
2.41988
2.45361
2.56403
2.56862
2.33417
2.57717
2.45347
2.6017
2.59313
2.52892
2.43843
2.50555
2.53695
2.54499
2.63055
2.53614
2.51585
2.52098
2.53495
2.35326
2.7262
2.43364
2.21854
2.66576
2.45963
2.61577
2.59941
2.40284
2.58513
2.51596
2.62004
2.52817
2.25253
2.36435
2.36235
2.58593
2.55405
3.22661
2.64813
2.44749
2.46577
2.51065
2.54597
2.35898
2.45739
2.22066
2.3059
2.38077
2.67137
2.42433
2.84346
2.38734
2.24169
2.54895
2.19876
2.44976
2.54991
2.43219
2.34721
2.34596
2.20903
2.55788
2.35663
2.86497
2.48409
2.48593
2.47701
2.38276
2.42512
2.63291
2.46135
2.23775
2.52989
2.32755
2.59621
2.55617
2.65955
2.44059
2.47491
2.5836
2.51714
2.43409
2.42859
2.38971
2.48331
2.43539
2.48
2.34153
2.65482
2.40993
2.65543
2.2956
2.59257
2.35923
2.57796
2.59712
2.11797
2.53202
2.8362
2.1383
2.85247
2.56659
2.63536
2.2181
2.22908
2.36979
2.39826
2.20733
2.13629
2.28124
2.38992
2.12381
2.57018
2.29609
2.43953
2.45144
2.47682
2.22689
2.60813
2.42459
2.17799
2.21231
2.6265
2.27905
2.47239
2.59118
2.58851
2.15195
2.47365
2.45487
2.41317
2.24688
2.25707
2.35528
2.51374
2.41985
2.59695
2.51927
2.57471
2.34213
2.37341
2.79679
2.20058
2.31081
2.26801
2.53846
2.32688
2.65753
2.46532
2.34727
2.45229
3.00229
2.24954
2.63382
2.59087
2.56356
2.35686
2.74769
2.62375
2.52903
2.84303
2.3887
2.28396
2.508
2.59738
2.2974
2.61038
2.28892
2.11073
2.37205
2.57713
2.70233
2.71173
2.46202
2.43735
2.60428
2.25841
2.44852
2.2962
2.73192
2.32255
2.52373
2.30392
2.33483
2.37782
2.47581
2.3621
2.51521
2.29949
2.78603
2.07857
2.3035
2.59696
2.44482
2.39875
2.51714
2.40347
2.49724
2.56225
2.42658
2.19726
2.52811
2.78097
2.07808
2.44219
2.43104
2.24289
2.3442
2.45371
2.61759
2.63874
2.41825
2.45323
2.32749
2.44307
2.40334
2.53258
2.17924
2.28007
2.54729
2.4294
2.34464
2.31852
2.42276
2.51164
2.51783
2.3847
2.49127
2.42937
2.4341
2.38463
2.27254
2.27211
2.38911
2.46312
2.40689
2.58704
2.5138
2.47657
2.44253
2.5328
2.33272
2.94053
2.37972
2.36612
2.23671
2.32492
2.44704
2.35178
2.17246
2.60016
2.739
2.77457
2.37336
2.67276
2.60731
2.49484
2.55375
2.35217
2.45537
2.27077
2.45651
2.51885
2.37873
2.53057
2.29944
2.51972
2.55101
2.60077
2.05786
2.04432
2.52219
2.34919
2.11713
2.26733
2.49494
2.55992
2.68502
2.53114
2.49936
2.49662
2.49873
2.36629
2.39021
2.57073
2.31936
2.35762
2.3991
2.50677
2.42804
2.38571
2.3824
2.53498
2.59645
2.22515
2.44285
2.4175
2.31681
2.34504
2.27189
2.39542
2.28914
2.58396
2.76619
2.49129
2.48276
2.70566
2.1984
2.60833
2.38124
2.36129
2.38167
2.32875
2.41116
2.35978
2.49909
2.30143
2.27653
2.36698
2.30842
2.56032
2.63834
2.67088
2.53675
2.2695
2.40356
2.58738
2.49366
2.63145
2.30783
2.8395
2.46379
2.55848
2.14163
2.55894
2.27598
2.59553
2.24598
2.31059
2.5617
2.48683
2.1856
2.83523
2.44877
2.37489
2.2874
2.23441
2.15823
2.47803
2.43655
2.56705
2.35667
2.32334
2.16645
2.32088
2.38595
2.46547
2.58601
2.28907
2.36217
2.61896
2.38657
2.48876
2.34819
2.32305
2.45846
2.38326
2.64606
2.45872
2.39174
2.40409
