3.84427
4.54407
3.77819
3.51204
3.62747
3.27328
4.29498
3.72506
5.00546
4.93964
3.87628
3.48096
3.43177
4.82194
4.19438
3.92784
3.82134
3.92107
4.64366
4.12963
4.70261
3.25997
4.14494
3.71584
3.91925
5.63975
4.61889
4.83187
3.64888
3.35297
4.51786
3.50514
4.34552
4.14273
3.87692
4.19738
4.82401
4.86506
4.752
3.86337
4.558
4.28423
3.68724
4.15968
3.42732
4.5381
4.1206
3.35918
3.49737
4.15875
4.78905
4.61736
2.99806
4.07953
4.94601
3.41073
3.78243
3.07158
4.08988
4.17076
4.89964
3.84448
2.81946
4.01015
5.05548
2.57385
5.45617
4.71456
4.14647
3.16557
3.99482
3.01789
3.48755
4.13122
3.81286
4.20658
4.70979
4.39195
3.76325
4.01876
3.83213
3.53267
3.33523
4.01792
3.4383
3.94914
4.15851
3.66067
3.64037
4.83669
5.18836
4.88159
5.23989
3.83204
3.86441
4.40562
4.52823
4.75866
3.86789
3.44885
3.86562
4.22799
4.55941
4.41156
4.08507
4.03985
4.89572
4.09507
3.9753
5.18761
3.86359
4.64696
4.15593
3.94214
4.24192
3.30137
3.69573
3.47518
3.61214
4.46061
4.33783
4.45596
3.75532
3.33246
3.86441
3.7207
3.62738
2.93807
3.57349
3.73608
4.135
4.13769
3.51882
4.73302
3.36223
4.14369
4.96381
4.56705
4.59825
4.50947
2.98587
3.08645
4.58569
3.7159
3.29303
4.48636
3.41265
3.55048
3.61267
6.32466
3.06402
3.07328
4.25924
4.59404
4.40331
3.68276
4.32713
4.45991
3.01544
3.3896
3.28967
3.82762
3.49252
3.61199
3.71148
5.10009
6.03533
4.14238
3.23495
5.4456
4.85538
4.57665
4.83494
3.60207
4.23356
3.88492
3.10529
4.14112
3.72125
5.0885
3.09176
4.12303
2.98268
5.11887
3.74666
4.29409
3.86013
3.36959
3.30682
3.94161
3.97825
2.87739
4.11702
4.72096
4.2403
3.28949
3.40516
5.92723
3.53954
5.71665
3.6627
3.10765
3.75174
4.00821
4.31628
4.17768
3.72387
5.16925
4.34379
4.44804
4.96767
4.654
5.3537
3.72631
4.57214
3.70523
3.74981
3.72521
3.63052
3.1672
4.00843
3.17396
4.69366
3.61539
2.89463
6.24196
4.26775
3.36201
3.83522
5.31174
5.33756
3.81972
3.70037
3.34128
3.62277
3.758
4.9474
4.157
3.61101
3.62255
4.02234
4.80963
4.13324
3.70691
5.13572
3.32753
4.64991
4.01175
3.60273
3.8408
3.69863
3.78185
3.70509
3.861
4.55592
4.31814
3.77226
4.69626
4.19369
5.11329
4.44722
3.52462
5.02197
4.12412
5.2703
3.73938
3.15562
4.58997
3.08601
4.26313
3.40596
4.72567
4.16922
3.39673
4.86538
3.71219
5.50883
4.68779
2.754
3.48445
4.62978
4.28411
4.45739
4.2297
3.79487
3.6309
5.38741
3.82241
4.72078
4.60585
3.43886
3.21021
4.11114
4.04994
3.55096
5.16346
3.4931
4.40907
3.67339
4.62772
3.48068
4.79779
4.1623
3.97119
3.36869
3.72072
3.62848
4.41453
4.11556
3.62926
3.49824
4.84445
4.56825
5.00051
3.30336
3.57413
3.93008
4.05254
4.91099
3.79517
3.84271
3.28542
3.28251
3.83989
4.17681
3.38609
5.68994
3.57784
4.17617
3.88373
4.03953
4.76043
3.42002
4.18503
3.6844
4.87447
3.77756
4.05265
4.77977
5.05822
4.69261
4.46167
3.74068
5.07406
3.58623
4.53875
5.05922
4.13909
4.03728
4.25292
3.65221
3.17352
3.32245
4.52589
3.17576
3.13379
4.29052
3.79984
4.47262
4.15049
3.58271
3.66223
3.56293
2.98525
4.19698
3.75652
4.90059
3.60194
3.49897
4.06459
3.37503
3.88803
3.08733
3.69943
5.53317
4.11493
4.43628
3.34289
3.83
3.83156
3.53143
4.69388
4.00887
4.49896
3.84023
4.56669
4.3486
3.81649
4.18003
3.85939
3.733
4.0193
4.20489
3.83403
3.92511
4.15361
3.87829
4.09346
3.29568
3.40147
3.94302
3.21501
3.68031
4.05244
3.219
5.38113
4.20529
3.61656
4.26979
4.17622
3.73279
3.63444
3.68925
4.36675
4.03507
4.08804
4.1924
4.08368
5.08674
4.81745
3.99603
3.28594
4.66248
4.12626
4.16573
2.96752
3.68278
3.89733
4.78596
4.07179
4.25051
3.66422
3.29629
4.08273
4.38369
3.56728
4.39616
3.18626
4.78026
3.39407
4.52693
4.55539
3.76833
3.84708
3.89849
4.98373
3.92514
5.60874
4.1144
3.49739
4.22369
4.29788
3.50535
4.61045
4.27066
4.10369
4.17551
4.06148
4.06783
4.91381
4.20947
4.47592
5.00372
3.78473
6.80862
4.69187
4.05223
3.51836
3.66115
4.05317
5.77721
3.91813
4.22878
3.71806
4.06163
3.52764
3.54909
3.08118
4.85044
4.64532
3.97921
4.50353
3.7072
4.43281
3.14854
3.59298
3.4592
4.11802
4.2319
3.97251
3.28693
5.7398
3.49133
4.5455
3.72628
3.44318
4.27145
4.44058
3.51277
4.35436
