2.80606
1.57619
2.47223
3.66839
1.82842
2.67116
3.27609
3.19365
3.06309
2.65465
3.15379
1.71418
2.74739
2.45559
2.19827
3.4913
2.44954
2.34112
1.94445
3.01299
2.80662
2.55402
3.30824
2.84303
3.37848
2.41478
2.37016
3.08588
3.57602
3.10093
2.41462
3.52623
1.75176
1.42558
3.09049
3.53424
2.73768
2.20299
1.73569
2.5866
2.7265
2.10759
3.26738
2.16993
1.99761
3.25963
2.6344
2.79274
2.85284
2.84472
2.63807
2.79833
2.80923
2.4754
2.66622
3.393
3.43693
1.89219
2.58193
3.10145
3.51963
2.19436
4.10065
3.0691
2.97677
3.23759
3.02322
3.08366
3.02527
2.86627
2.74686
3.03322
2.04819
2.89327
2.03922
2.12057
1.98656
1.69083
1.72603
2.68874
3.88893
2.88114
1.76326
3.71335
2.34822
3.61703
2.46336
2.35352
3.27831
1.65183
2.92737
2.42348
2.01385
2.75895
3.1839
4.16224
2.43614
3.85786
3.05908
3.44197
2.82461
2.54636
2.97755
2.0018
2.81866
2.65164
3.25194
2.23821
3.7779
2.21895
2.37337
2.12337
2.48028
1.86509
1.9983
3.10598
2.69872
2.5007
3.21637
2.84479
2.94391
3.12872
2.57175
2.66002
2.98868
1.42793
2.57561
2.28494
2.75474
2.52193
3.20598
3.059
2.27126
2.15667
3.41618
3.63878
2.84969
2.79449
2.13126
2.72619
2.58659
1.79362
2.61014
2.15794
3.22792
2.62325
3.38646
3.27039
2.95361
2.58931
1.69164
3.19654
2.86416
2.80941
3.00511
1.82024
1.95389
3.43756
2.78079
2.67441
2.37741
3.78109
4.18014
2.92011
2.1352
2.58877
2.89369
3.31407
2.25575
2.32143
4.33866
1.86768
2.08223
2.69265
2.75789
2.00019
2.43348
3.40556
3.61692
2.36982
2.57419
2.62826
1.8556
3.14039
3.21706
1.78441
1.81293
2.01144
2.20073
2.61092
2.84486
3.03883
2.65045
2.26431
2.1346
2.40731
3.68601
1.98624
3.23498
2.41594
2.82735
3.53568
3.8514
1.90354
1.35886
3.54013
2.67521
1.83662
2.31713
2.04421
3.15803
2.46039
3.34575
2.43423
2.28788
3.90616
1.81921
2.90433
3.26247
2.14177
3.13582
2.03599
1.88499
2.58746
2.89541
1.98857
4.10036
2.93068
2.3925
2.84891
2.30107
2.95896
1.95177
1.51363
1.96749
3.17467
2.29847
2.0688
3.05081
2.73301
3.59354
2.84495
3.15404
2.90539
2.58297
3.61975
2.71079
2.41908
3.01512
4.73905
3.70704
3.4217
2.36777
2.42313
2.71945
2.28462
2.58168
3.06345
2.16262
1.76944
2.03556
3.11516
2.00527
2.57157
2.80774
2.37702
2.60452
3.2689
2.10746
3.03047
2.32898
2.71735
2.06426
2.25711
2.20273
2.99329
1.8078
2.55912
3.28184
2.08345
2.86592
2.21943
2.75339
2.87987
2.28461
1.70294
2.01396
2.74334
2.41555
2.97031
2.731
1.74796
1.36148
3.4057
4.81121
1.97507
1.59157
3.35314
3.52512
1.97514
2.94328
2.69726
2.41099
2.00953
3.79393
3.57848
2.68427
3.44396
1.59099
2.92975
3.52831
3.71836
2.31085
2.25958
2.79851
2.74354
4.24065
2.07685
2.33547
2.57567
3.58784
2.78069
1.6335
3.07655
1.94348
2.72269
2.51036
3.04517
3.34954
3.35704
1.48891
2.01839
2.73535
2.62712
4.25634
3.15167
2.1055
2.82971
3.04053
3.22591
2.07267
2.65617
2.07141
3.11573
3.4756
3.07199
2.42246
2.73957
3.01507
3.42934
2.81153
2.82908
2.90856
3.43924
2.69956
3.03254
3.38275
2.75596
2.66657
3.65924
2.98886
2.83542
2.24557
2.85851
4.00651
2.68917
3.0636
2.46889
3.06802
3.82333
2.17511
2.05892
2.38552
3.09858
3.01914
1.94807
2.83285
3.26111
1.78659
2.66503
2.80385
2.71332
3.17171
2.49069
3.17511
2.78474
1.81582
1.84054
2.6352
2.6944
2.51255
3.08218
2.07112
2.54492
1.81913
1.77617
1.95933
2.37699
2.92688
2.29986
2.79665
2.89792
2.597
2.98958
1.69227
3.1315
1.70641
3.02581
2.44455
1.73422
3.14297
3.08101
3.51898
3.26439
3.24513
3.62877
3.18116
2.25355
4.14303
3.47785
2.77348
2.06579
4.16101
3.30935
3.03228
3.67694
3.53008
2.58293
2.23617
2.72788
2.57499
2.95515
2.64339
2.286
3.22283
2.38047
2.91802
2.44501
2.37927
2.95855
3.21325
2.82225
2.75366
2.42098
3.21583
2.33854
2.25042
3.01392
2.01569
2.36413
1.89769
3.16581
2.17878
2.58613
3.66276
2.45275
1.49856
2.80638
1.89975
2.27088
4.22936
2.72335
1.61525
2.97343
3.1032
2.74993
4.08905
2.19288
2.6374
2.56958
2.82261
1.15271
2.30894
2.74963
2.85165
1.64134
3.00998
2.77632
2.45683
3.37148
1.7517
2.57385
2.32034
3.05623
2.39617
2.31006
4.65617
3.85278
2.68567
2.78198
3.11207
1.7298
2.6408
2.15388
2.70787
3.63562
2.6728
1.77475
2.33111
2.15872
