3.29438
3.28479
3.40851
3.66392
3.32965
3.54395
3.44325
3.46725
3.37746
3.64705
3.2984
3.45775
3.85831
4.1394
4.51811
3.553
3.36385
3.6723
4.20544
3.21676
3.31157
3.24904
3.64394
3.82683
3.24962
3.65719
3.60058
3.70153
3.755
3.63997
3.55937
4.10769
3.51915
4.08459
3.6549
3.87491
3.70335
3.37314
3.95361
4.04322
3.29064
3.37304
3.35671
3.41046
3.31942
3.56694
3.48533
3.55083
3.47392
3.67128
3.44074
3.57171
3.34197
3.62096
3.65195
3.45481
3.40597
3.20165
3.38361
3.26059
3.30858
3.39887
3.50426
3.37925
3.89009
3.52724
3.66595
4.24571
4.08158
3.19137
3.52046
3.53209
3.32499
3.35807
3.37548
3.54797
4.02994
4.4484
3.19413
3.5547
3.48159
3.2496
3.4698
3.47301
3.59397
3.80769
3.38674
3.47237
3.56859
3.41055
3.71867
3.50205
3.70142
3.71817
3.73383
3.39145
3.40321
3.47878
3.14635
3.59286
3.5804
3.80835
3.30392
3.74787
3.59455
3.90297
3.56625
3.48736
3.70932
3.68777
3.68455
3.49854
3.67233
3.74437
3.5471
3.64433
3.35799
3.48372
3.64801
4.04686
4.31246
3.83901
3.83123
3.52035
3.73801
3.48179
3.28629
3.64512
3.58204
3.41235
3.80444
3.51915
3.53618
3.2332
3.39269
3.41969
3.61009
3.26421
3.69228
3.53437
3.86935
3.63661
3.33887
3.49168
3.49662
3.21587
3.13259
3.27489
3.46335
3.39601
4.04894
3.56578
3.51212
3.41024
3.48483
3.45075
3.42474
3.56133
3.62347
3.65984
3.59744
3.43944
3.92921
3.35307
3.89364
3.33738
3.81636
3.39684
3.50595
3.58484
3.87168
3.64764
3.71188
3.49546
3.46224
3.57182
3.60011
3.40267
3.17138
3.63196
3.60215
3.28781
3.55054
3.44824
3.48473
3.49991
3.59253
3.43044
3.66099
3.56263
3.85951
3.2469
3.29812
3.56866
3.66821
3.61291
3.47619
3.50827
3.40693
3.4956
3.63425
3.44086
3.53768
3.29269
3.35747
3.55023
3.47334
3.6246
3.42984
3.1309
3.79649
3.765
3.50895
3.63102
3.53075
3.7087
3.67658
3.7468
3.10347
3.35733
3.66985
3.76331
3.5917
3.11218
3.78972
3.99931
3.76394
3.98764
3.43037
3.3224
3.49867
3.21647
4.19296
3.15816
3.07086
3.51745
3.42602
3.37302
3.54837
3.42012
3.41759
3.6133
3.64302
3.35801
3.81093
3.59561
3.3371
3.39345
3.75546
3.72363
4.14151
3.42411
3.21997
3.06865
3.39119
3.1269
3.50325
3.49201
3.48226
3.47732
3.78612
3.33853
3.51592
3.21847
3.58676
4.08041
3.35495
3.32637
3.31453
3.59395
3.25781
3.546
3.30934
4.23754
3.61427
3.55224
3.55227
3.71946
3.5425
3.76668
3.59368
3.47247
3.41561
3.29172
3.74093
3.23087
3.77238
3.5963
3.4648
3.67371
3.58695
3.47217
3.57265
3.43542
3.51882
3.72183
3.47967
3.24426
3.24566
3.52129
3.83003
4.06798
3.45312
3.04321
3.67261
3.25301
3.20531
3.55133
3.35808
3.36735
3.48568
3.47818
3.59734
3.52575
3.67111
3.50087
3.27432
3.4762
3.5756
3.58587
3.46186
3.48827
3.1015
4.22681
3.83934
3.59535
3.63955
3.54045
3.64311
3.36899
3.58266
3.6532
3.63072
3.5803
3.69961
3.56182
3.58098
4.1077
3.59333
3.77795
3.74286
3.30609
3.12623
3.47994
3.30409
3.65274
3.67304
3.76458
3.10751
3.3051
3.34301
3.50629
3.58027
3.53246
3.70888
3.39148
3.99767
3.64737
3.90688
3.45846
3.85175
3.82157
3.47454
3.41551
3.62844
3.25673
3.40746
3.75228
3.55382
3.30272
3.45122
3.20192
3.65837
3.54608
3.57942
3.67852
3.54258
3.68319
3.45648
3.57646
3.22268
3.3514
3.38293
3.39894
3.22249
3.56096
3.51223
3.44505
3.37718
4.23333
3.15977
3.47041
3.52194
3.71344
3.64486
3.89099
3.23831
3.11845
3.46677
3.61718
3.45685
3.46348
3.37158
3.2458
3.36079
3.58185
3.58712
3.34064
3.71404
3.52333
3.26763
3.57727
3.48817
3.47465
3.55327
3.64081
3.46823
3.35146
3.42258
3.67238
3.10963
3.50077
3.38487
3.52778
3.23591
3.65267
3.593
3.65826
3.3759
3.15155
3.65184
3.45354
4.9733
3.64876
3.87133
3.32031
3.50688
3.3797
3.40191
3.98382
3.83113
3.72807
3.75126
3.6338
3.33391
3.56593
3.61374
4.15209
3.67812
3.52086
3.44066
3.65059
3.57363
3.74229
3.58614
3.78642
3.50154
3.86093
3.04121
3.65839
3.53016
3.21896
3.90124
4.04242
3.59289
3.34953
3.56614
4.0188
3.69536
3.24969
3.35671
3.584
3.24335
3.8594
4.18414
3.73225
3.28138
3.67561
3.54793
3.75604
3.74646
3.56526
3.52599
3.80097
3.53539
3.47574
3.4601
3.71546
3.74945
3.6359
3.55698
3.27192
4.23373
3.91776
3.61944
3.62433
3.61282
3.56787
3.46726
3.57051
