6.03033
6.15366
5.27453
6.39924
5.93026
5.81915
6.50248
6.26091
5.93008
7.01757
6.83118
6.57978
6.06272
5.59525
6.32273
5.97642
5.93832
5.71144
6.01068
5.74115
5.63224
6.31743
6.37511
6.9296
6.37008
6.32943
6.1844
5.86319
6.54201
6.59546
5.7498
6.90167
6.58306
6.34026
6.95262
5.83192
5.58031
6.35493
5.52302
5.99622
6.57843
5.68723
5.63936
6.51707
5.70971
6.74959
5.74071
8.34314
5.98238
6.59328
7.06368
6.1892
5.41719
6.97641
7.15774
6.05663
6.09984
5.34136
6.24574
6.23878
6.02236
6.32302
6.00377
7.14968
6.20428
6.75489
6.74792
6.36307
7.0531
6.68535
5.81969
6.73472
5.578
6.85325
6.64128
6.09068
6.27019
7.91507
8.84399
6.09523
5.90364
6.26707
7.63737
6.2765
5.89879
6.16167
6.43049
6.26435
6.36791
6.29685
5.99407
6.48613
6.21582
6.65971
6.20206
6.27469
6.95224
6.78639
6.44525
6.23496
6.0499
6.83737
6.71182
6.93004
5.78544
6.5133
6.76222
6.15678
6.73508
6.57574
6.26299
5.68631
6.32272
6.1376
5.93019
6.95085
5.90904
5.80955
7.54398
6.11121
7.94462
5.59487
6.21763
5.74918
6.73693
6.37131
6.56365
7.08083
6.49995
5.70104
5.69894
7.3541
6.7058
6.09931
6.31217
6.42159
8.32472
5.81918
7.71113
5.54482
5.58343
5.93943
6.40296
6.12667
6.10872
6.47797
6.19393
6.63152
5.74807
6.24477
6.17341
6.55511
6.17517
6.3628
6.8236
5.8615
5.60058
5.89473
6.0121
6.81532
5.47086
6.72756
7.8032
5.63201
5.58322
5.47989
6.18206
6.13595
5.80872
6.92075
6.55079
5.55305
5.97544
6.61753
6.6038
6.28013
6.45482
6.14105
6.44122
7.14654
6.15499
7.10993
5.93604
6.8761
6.20202
8.15292
6.70966
7.68349
5.7898
6.21395
6.50242
5.94253
6.23657
6.22425
9.45235
5.65964
7.12854
7.38348
6.13623
6.47566
5.97276
6.87883
6.47972
6.09307
6.30841
6.92006
6.02978
6.05403
6.1168
6.42977
6.4357
5.69931
6.28569
6.16094
6.82782
7.55683
6.23581
5.80097
5.08195
6.12162
5.88912
6.2852
6.3995
6.36107
6.87563
7.07161
6.15657
6.65571
6.53564
7.65744
5.86976
5.58725
6.01328
5.37578
7.71012
6.5933
6.79332
6.35108
6.15603
5.59329
7.30988
7.51623
5.77435
6.24041
6.53977
6.60196
6.26646
6.49573
6.57505
6.35324
7.21122
5.49123
7.04523
7.05319
5.77651
6.40714
6.25566
6.46139
6.8182
5.79414
6.25365
5.94729
5.90689
7.3936
6.45229
7.26195
5.60817
6.1191
6.17163
5.84905
7.0275
6.23093
6.46447
6.06612
5.70726
7.29458
5.77553
6.08886
5.5602
5.84237
5.92431
6.32143
5.59344
6.58631
7.00821
6.84423
5.96255
5.84976
5.72286
5.79413
6.39043
5.75453
5.94745
6.09112
5.98249
5.87986
6.0048
7.11032
7.01726
5.27891
6.16107
7.86458
6.02899
6.20776
6.06981
6.40256
7.33659
6.69101
6.24985
7.07157
6.27322
6.79921
6.48844
6.7323
6.26979
6.44884
7.65915
6.00855
6.15095
6.10308
6.00658
5.53471
6.11236
6.0713
5.9042
5.56585
6.06028
5.70923
6.48455
6.38158
5.98923
6.38039
6.69281
5.53041
6.07738
6.20033
6.56492
5.89195
6.63338
5.56731
6.53446
8.5971
5.70342
6.26611
5.80744
6.3373
5.9517
6.39794
5.39825
5.91705
6.01243
6.78552
6.27349
6.05393
5.89242
6.16804
6.28741
6.02285
8.26342
6.40163
6.27537
6.96541
6.46242
5.61684
6.67347
6.48771
5.75276
6.30496
6.21022
7.86326
5.77091
6.06455
6.58928
6.50281
8.14319
5.68263
6.35114
6.61209
6.95429
5.86876
6.03369
6.47035
7.48614
6.57292
5.78585
5.68935
6.35182
6.69944
8.18465
6.57228
6.20621
5.72654
7.78129
5.33548
6.32223
5.82098
6.25724
5.56492
6.17559
6.4923
5.62885
6.09617
6.71225
6.26133
6.17206
6.15108
6.14574
5.87637
6.85806
5.63975
6.8637
6.22746
6.80802
6.27698
6.22062
6.24256
6.15709
6.28699
6.74599
6.25215
7.14834
6.32924
6.40713
6.09864
6.07312
6.36117
6.45049
6.95452
7.03152
5.9353
5.40763
6.44172
6.58099
5.67707
6.40893
5.97317
5.74468
6.20477
6.60289
7.0388
5.99286
5.87556
6.7217
5.95296
5.9405
6.71296
6.12966
6.95955
6.21029
5.94085
7.35374
6.56307
5.66453
5.85912
8.47068
6.68495
6.2665
5.86982
6.96543
6.10716
5.68225
6.18807
6.79981
7.06459
5.84368
6.3317
6.63477
6.10346
8.2885
5.82947
5.94654
5.94816
6.34707
6.17839
5.65855
7.46629
6.84
6.19542
6.42212
5.88329
5.60879
6.52532
6.23169
5.89956
7.62865
7.14493
6.69481
7.54465
6.04671
6.60632
5.5338
5.49877
7.25973
7.25275
6.36885
5.54387
6.47739
6.19327
5.82511
6.75072
