6.90838
6.31828
6.87439
6.43935
6.12841
6.31091
6.85405
7.31806
8.22684
7.14021
7.26142
5.3489
6.0963
6.05632
7.19964
7.53526
5.85342
6.02489
8.33972
7.66208
5.7662
7.05915
6.53838
6.97806
5.46577
8.69801
7.01141
5.98913
6.70825
6.32252
7.11546
6.31377
7.17676
7.10176
7.00186
6.22295
6.35656
6.56237
7.58608
6.8709
7.64095
7.01004
6.92326
6.42819
6.1647
8.23639
6.16915
6.97022
7.17859
6.81729
8.25251
6.95813
6.87447
7.22082
6.38012
6.8631
6.37429
6.40041
6.13604
6.11158
7.23885
8.29276
7.26441
5.37971
8.78175
7.14753
7.56482
7.28278
8.68653
6.29363
9.75896
6.9248
5.49361
7.40544
5.88668
6.66138
7.29785
7.4582
6.03213
6.95724
7.5778
5.67715
7.70649
6.22476
7.10488
6.75029
6.00672
9.80192
7.09325
7.2463
7.51213
7.13178
6.78569
9.94519
7.88734
6.34186
6.9177
6.80456
6.18812
5.80843
6.80314
8.05452
6.04836
6.80218
6.25916
7.34311
6.91086
7.16387
7.34907
6.22112
6.65029
7.94907
6.32433
7.80951
5.77917
5.95015
6.79443
6.40998
6.84264
7.40206
7.13031
6.60878
5.99349
7.76644
6.86822
7.35611
5.72314
6.88671
6.65768
6.53747
6.48631
8.22798
6.74501
5.98382
8.14815
6.51028
6.78021
6.96286
6.626
6.86199
6.55666
6.09315
6.63043
6.91131
6.88366
7.64467
7.11521
6.29276
8.18083
7.15911
6.25474
6.58158
8.04558
8.48825
6.68272
7.44345
6.37462
6.65111
6.43141
6.8219
6.117
6.0014
7.42896
7.09492
6.44422
7.1433
7.01873
6.77731
7.76942
6.60006
7.35767
7.06065
5.97517
7.84466
7.49973
6.73519
6.10515
9.52846
6.23637
7.69999
6.45846
6.44404
8.1934
6.78684
6.85635
6.53266
7.01987
6.4674
8.00877
6.88099
7.44352
6.4788
6.34044
6.8104
6.14564
7.31171
6.53536
7.13515
6.91937
7.03902
7.44371
6.14464
6.73109
7.66551
6.39549
5.9168
6.9722
7.00771
9.06981
7.71539
6.94553
7.33013
6.91932
6.14885
6.86559
7.13502
6.70124
8.3126
6.42394
7.7371
5.92481
6.73027
6.54153
7.45509
6.60088
7.16732
7.20331
6.20463
7.23399
6.882
6.98686
6.51714
6.8149
5.70303
6.43719
7.32352
6.41507
6.06599
6.01416
6.64438
6.27719
7.11904
6.50526
6.00012
7.93099
7.87943
8.14276
7.80134
6.29659
7.74972
7.80787
6.41463
7.04219
7.23485
7.22346
7.4431
5.98543
6.71756
7.21305
7.15058
5.48617
6.41355
7.97508
7.12042
6.09518
6.66304
6.83052
7.11952
7.38673
7.22273
7.2071
7.52471
6.41358
5.4758
7.20362
6.46311
7.29429
6.35978
7.07701
6.22539
5.61988
7.28425
6.47879
6.22876
7.74404
7.16603
7.59183
8.17452
6.62674
6.60964
6.52817
6.05793
6.58929
6.13025
6.37457
6.05774
7.07139
7.01022
10.6959
7.57687
7.04485
7.09228
6.73917
6.08624
6.46288
6.36661
6.8049
6.96591
5.60854
7.49587
7.0753
6.1397
6.389
6.21801
6.8163
7.87394
6.57905
7.43843
7.35576
6.89781
6.0305
8.24401
6.6321
7.23444
9.79942
7.37052
7.31298
6.81447
6.30686
7.01815
5.92709
8.73388
6.42275
6.10711
6.35957
7.35771
5.9288
7.4758
6.65529
6.25156
8.38173
6.75061
6.45601
6.26405
9.18602
7.29761
6.80679
7.06391
6.67595
6.91732
6.2206
6.8029
6.15531
6.82028
7.06538
5.99691
7.84077
6.84917
6.09676
6.79895
5.94841
7.66872
6.839
6.3494
7.55109
6.39792
6.22739
6.45601
6.66353
6.40394
6.71999
7.16812
6.10555
8.10131
5.98035
6.20033
7.95687
6.06421
7.234
7.08408
6.48822
6.93881
6.296
6.30718
7.78972
7.35387
6.96835
7.99799
6.41594
7.07718
6.27015
6.12557
8.34193
7.07183
7.82598
6.32259
7.63628
8.26207
5.86601
6.64672
7.70038
6.83685
6.43388
6.74546
6.16888
6.121
7.17971
7.11578
6.7354
6.30883
7.51927
6.45594
7.06456
6.55318
7.74099
6.24953
6.52926
6.59586
7.57762
7.52368
6.68976
6.43228
7.15269
6.70325
6.1486
6.38781
8.4922
7.09229
8.74455
5.87086
9.11338
7.02494
7.31276
6.87039
6.44037
6.99091
6.29305
6.55305
7.66703
6.83628
8.76303
6.45723
7.41528
6.42422
7.05586
7.02025
6.65454
6.93874
6.57015
7.77754
6.98707
6.86511
7.50992
6.54056
6.39636
6.41708
7.73953
5.86749
6.08287
6.50391
8.3297
6.63874
7.12852
6.26089
7.66796
6.21582
6.42992
7.41712
6.31263
7.41394
6.24865
7.02007
10.5333
6.76951
7.393
7.3432
9.77803
6.5039
6.68797
8.8568
7.42771
6.09719
7.23742
6.80981
6.70751
7.54245
7.35324
6.33928
7.05905
8.74359
6.5805
5.95474
7.29523
7.97009
7.69178
8.13422
5.9432
6.51561
6.65144
6.56311
