8.56283e-07
1.02764e-06
8.78947e-07
1.08087e-06
8.96571e-07
1.01901e-06
9.25999e-07
9.22718e-07
9.57537e-07
1.27307e-06
8.82123e-07
9.15903e-07
1.20321e-06
1.33156e-06
1.75612e-06
1.35477e-06
9.17425e-07
1.02686e-06
1.46135e-06
8.04206e-07
9.37864e-07
7.71984e-07
1.0174e-06
1.15409e-06
9.1101e-07
1.16977e-06
9.90294e-07
1.18579e-06
1.07408e-06
1.18182e-06
1.00475e-06
1.49076e-06
9.81183e-07
1.41065e-06
9.83776e-07
1.20884e-06
1.14151e-06
8.8427e-07
1.28365e-06
1.39333e-06
8.79169e-07
9.66541e-07
9.13479e-07
9.30631e-07
8.50616e-07
9.48067e-07
9.7066e-07
1.00994e-06
9.23435e-07
1.07609e-06
1.05198e-06
1.08737e-06
9.24074e-07
1.0532e-06
1.1445e-06
9.06016e-07
9.34299e-07
8.16557e-07
9.16452e-07
8.2073e-07
8.50477e-07
9.75116e-07
9.01308e-07
8.91132e-07
1.17653e-06
1.56548e-06
1.0159e-06
1.46358e-06
1.49002e-06
7.69735e-07
9.5791e-07
9.97679e-07
9.28848e-07
9.00995e-07
9.00936e-07
1.0185e-06
1.5673e-06
1.81896e-06
8.64178e-07
9.11343e-07
9.2042e-07
7.87804e-07
1.19837e-06
9.44398e-07
9.72878e-07
1.1308e-06
8.6785e-07
9.33036e-07
9.57948e-07
8.24604e-07
1.14964e-06
9.88953e-07
1.09903e-06
1.18523e-06
1.11994e-06
9.49384e-07
8.91266e-07
9.98473e-07
7.08007e-07
9.90098e-07
1.01265e-06
1.17206e-06
9.06079e-07
1.13889e-06
1.05172e-06
1.29662e-06
1.04576e-06
1.09745e-06
1.13446e-06
1.04325e-06
1.05959e-06
9.7674e-07
1.19153e-06
1.16277e-06
9.82095e-07
1.1576e-06
8.52772e-07
9.2119e-07
1.18374e-06
1.42971e-06
1.60351e-06
1.22251e-06
1.18564e-06
1.03046e-06
1.05964e-06
1.01439e-06
9.65198e-07
1.0186e-06
9.79327e-07
8.83269e-07
1.16357e-06
9.83367e-07
9.6641e-07
7.89109e-07
9.81331e-07
8.86121e-07
1.05093e-06
8.77804e-07
1.29984e-06
1.00695e-06
1.19919e-06
1.10383e-06
9.42117e-07
9.42874e-07
1.23015e-06
8.21874e-07
7.39101e-07
1.0416e-06
1.14318e-06
8.62245e-07
1.25254e-06
1.1057e-06
1.01729e-06
9.0688e-07
9.5998e-07
9.41601e-07
1.0014e-06
1.02815e-06
1.16339e-06
1.18562e-06
1.07625e-06
8.65866e-07
1.23001e-06
9.19721e-07
1.25624e-06
8.29493e-07
1.17801e-06
9.00958e-07
9.60703e-07
9.21621e-07
1.22714e-06
1.2063e-06
1.11459e-06
9.38985e-07
9.10669e-07
1.13161e-06
1.06311e-06
1.00975e-06
7.61535e-07
1.15866e-06
1.22022e-06
8.46724e-07
1.02811e-06
9.289e-07
1.13517e-06
1.00779e-06
1.05618e-06
9.38136e-07
1.15075e-06
9.38729e-07
1.24459e-06
8.32504e-07
9.10728e-07
9.9588e-07
1.00052e-06
1.0822e-06
9.3563e-07
9.47816e-07
9.90114e-07
9.68954e-07
1.10693e-06
1.19187e-06
1.02361e-06
8.34157e-07
8.36016e-07
1.03237e-06
8.91279e-07
1.2218e-06
9.51433e-07
7.85724e-07
1.21063e-06
1.19732e-06
8.9205e-07
1.03418e-06
1.04343e-06
1.03964e-06
1.12745e-06
1.18014e-06
8.18742e-07
8.88794e-07
1.2379e-06
1.07113e-06
1.0508e-06
9.47895e-07
1.26035e-06
1.50068e-06
1.29007e-06
1.24889e-06
9.33477e-07
8.88175e-07
9.4956e-07
8.06108e-07
1.51825e-06
7.62459e-07
7.11207e-07
1.02705e-06
9.3847e-07
9.81494e-07
1.10549e-06
9.50584e-07
9.64221e-07
1.06332e-06
1.07134e-06
8.74718e-07
1.25465e-06
1.02263e-06
8.72676e-07
8.97118e-07
1.11928e-06
1.1254e-06
1.55068e-06
8.78612e-07
8.24938e-07
6.83724e-07
9.95387e-07
7.04373e-07
1.19731e-06
9.84645e-07
8.79406e-07
1.00213e-06
1.16646e-06
9.17507e-07
1.0585e-06
8.29751e-07
9.984e-07
1.30805e-06
8.59555e-07
8.13316e-07
8.53669e-07
1.06003e-06
8.03171e-07
9.74633e-07
7.94472e-07
1.48224e-06
9.97623e-07
1.00559e-06
1.08941e-06
1.11652e-06
1.23417e-06
1.15214e-06
1.12994e-06
9.87898e-07
1.19313e-06
8.43512e-07
1.15602e-06
1.06971e-06
1.11884e-06
1.08167e-06
9.52005e-07
1.04876e-06
1.28599e-06
8.7319e-07
1.03341e-06
8.94979e-07
1.02513e-06
1.10989e-06
1.0424e-06
8.40446e-07
8.16146e-07
9.94596e-07
1.21301e-06
1.40071e-06
9.83377e-07
7.49682e-07
1.13436e-06
8.4666e-07
9.55264e-07
9.80018e-07
8.77697e-07
8.63572e-07
9.7362e-07
9.0532e-07
1.08379e-06
9.21717e-07
1.08731e-06
9.2178e-07
8.18433e-07
9.48921e-07
9.56983e-07
9.50018e-07
1.03663e-06
9.78136e-07
7.31163e-07
1.05657e-06
1.17425e-06
1.04176e-06
1.31897e-06
1.00847e-06
1.12073e-06
9.0597e-07
1.15233e-06
1.14204e-06
1.028e-06
9.70292e-07
1.0726e-06
1.17575e-06
9.9747e-07
1.46381e-06
9.65088e-07
1.2107e-06
1.12029e-06
8.73333e-07
8.62613e-07
1.1556e-06
9.17281e-07
9.91047e-07
1.06723e-06
1.17528e-06
9.01408e-07
8.2768e-07
1.36511e-06
9.91231e-07
1.30912e-06
1.01369e-06
1.13573e-06
9.11464e-07
1.35721e-06
1.07585e-06
1.35707e-06
8.98621e-07
1.3848e-06
1.28125e-06
9.37457e-07
9.5177e-07
1.18134e-06
8.53362e-07
9.97939e-07
1.22715e-06
1.00972e-06
8.49972e-07
1.21382e-06
8.36854e-07
1.30659e-06
9.7905e-07
1.11912e-06
1.12519e-06
9.90034e-07
1.13791e-06
9.26625e-07
9.44369e-07
7.38346e-07
8.2519e-07
1.20546e-06
9.60159e-07
8.40995e-07
1.05357e-06
9.58396e-07
9.3915e-07
1.11883e-06
1.47687e-06
9.00668e-07
9.10223e-07
9.77972e-07
1.13488e-06
1.02121e-06
1.28955e-06
7.74117e-07
7.91754e-07
9.14268e-07
1.09822e-06
9.21715e-07
1.08899e-06
9.02853e-07
8.59884e-07
8.56246e-07
9.79533e-07
1.1195e-06
9.61291e-07
1.09407e-06
1.02196e-06
8.6375e-07
9.93621e-07
1.00319e-06
1.09242e-06
9.85258e-07
1.05551e-06
8.92774e-07
8.54579e-07
9.48517e-07
1.05145e-06
7.75037e-07
9.77498e-07
9.09138e-07
9.40932e-07
7.71815e-07
1.07418e-06
9.96686e-07
1.00843e-06
1.14389e-06
7.84946e-07
1.11212e-06
8.95138e-07
1.94163e-06
9.83915e-07
1.23681e-06
8.86441e-07
9.53676e-07
1.08529e-06
9.20812e-07
1.27622e-06
1.25921e-06
1.21849e-06
1.19117e-06
1.03615e-06
9.21734e-07
1.0174e-06
9.82163e-07
1.52017e-06
1.13371e-06
1.03646e-06
8.6445e-07
1.01784e-06
1.05519e-06
1.16009e-06
1.05888e-06
1.18582e-06
8.77648e-07
1.21043e-06
7.24212e-07
1.11361e-06
1.00476e-06
8.38611e-07
1.33448e-06
1.34894e-06
1.00054e-06
8.68942e-07
1.02358e-06
1.7122e-06
1.02771e-06
8.35655e-07
8.37295e-07
1.04035e-06
9.97888e-07
1.1574e-06
1.4769e-06
1.11374e-06
7.61938e-07
1.11819e-06
1.08166e-06
1.17776e-06
1.09611e-06
1.02038e-06
8.75133e-07
1.13044e-06
1.15807e-06
9.31201e-07
9.63684e-07
1.10581e-06
1.17584e-06
1.01393e-06
1.25822e-06
8.12426e-07
1.54042e-06
1.32589e-06
9.74787e-07
9.92813e-07
1.04389e-06
1.05398e-06
9.51329e-07
1.00184e-06
