3.47946
3.42462
3.04397
3.56202
3.42332
3.21023
3.79566
3.15393
3.39363
4.0529
3.63124
3.72341
3.4036
3.02349
3.64844
3.35699
3.40644
2.93408
3.16641
3.13329
3.07859
3.38253
3.23655
3.31975
3.56945
3.24916
3.70783
3.24134
3.87026
3.79832
3.03677
3.92507
3.81781
3.40232
3.75171
3.37515
3.32208
3.28942
3.33112
3.4172
3.45295
3.22845
2.86901
3.4726
3.07139
3.58173
3.37934
3.62981
3.38296
3.87577
3.52199
3.59841
3.02229
3.52664
4.02131
3.3442
3.29634
3.04415
3.5568
3.46541
3.38119
3.3173
3.37317
4.08037
3.44653
3.7357
3.5755
3.46762
3.67979
3.57203
3.32116
3.51719
3.07233
3.68903
3.20462
3.30917
3.56048
3.32306
4.27332
3.16057
3.25286
3.40817
3.82401
3.5736
3.2439
3.47851
3.48191
3.55297
3.72222
3.27252
3.17084
3.60657
3.44652
3.87388
3.34192
3.28004
3.5393
3.47277
3.38159
3.43322
3.09378
3.93094
3.67298
3.58883
3.08602
3.49706
3.76858
3.13686
3.85874
3.46466
3.43653
3.20952
3.50324
3.49553
3.2655
3.46268
3.26497
3.07947
4.48779
3.37522
3.94543
3.20501
3.5978
3.1586
4.05754
3.69861
3.99328
3.7665
3.7693
3.13049
3.30229
3.86033
3.44837
3.72846
3.38812
3.35727
3.61985
3.32667
3.65468
3.15755
3.09758
3.28882
3.37813
3.51395
3.64315
3.28555
3.51747
3.52425
3.20364
3.44506
3.27712
3.39869
3.32785
3.64221
3.74701
3.10431
3.22674
3.12182
3.28789
3.65564
3.00469
3.83239
3.46221
3.21127
3.07916
2.95643
3.42169
3.57911
3.22034
3.43876
3.90807
3.06984
3.06458
3.60608
3.51717
3.52522
3.60754
3.39513
3.36723
3.42065
3.55377
4.17483
3.35868
3.1926
3.45271
4.30823
3.80952
3.91772
3.18834
3.5474
3.59685
3.36725
3.37376
3.44564
3.7548
3.2993
3.24032
3.10006
3.53683
3.27489
3.13166
3.74086
3.34359
3.30084
3.59208
3.40257
3.33384
3.28062
3.51132
3.27973
3.42199
3.34572
3.37181
3.18756
3.86368
4.17074
3.29644
3.36321
2.67687
3.47646
3.21879
3.53185
3.09468
3.38118
3.48283
3.81228
3.51661
3.29694
3.45417
3.80625
3.58025
3.0702
3.41093
3.07871
3.63496
3.43164
3.53493
3.38075
3.24185
3.08899
3.72156
4.27918
3.1258
3.16623
3.74583
3.30499
3.54395
3.54287
3.53828
3.3484
3.44366
3.11724
3.19864
3.68576
3.24941
3.79629
3.56814
3.5592
3.36898
3.35077
3.66409
3.39888
3.38331
4.16381
3.53244
3.58035
3.09767
3.54234
3.37253
3.20642
3.64703
3.41498
3.60781
3.34893
3.27805
4.13384
3.28187
3.52617
2.92196
3.17762
3.21865
3.88122
2.93896
3.30242
4.08134
3.474
3.5203
3.18567
3.25548
3.16131
3.5538
3.21031
3.71801
3.58641
3.42919
3.14564
3.35031
3.60126
3.87932
2.8991
3.38005
3.92002
3.23659
3.14442
3.47682
3.51972
3.84143
3.73088
3.3587
3.83497
3.53113
3.81782
3.85003
3.72653
3.69365
3.36713
3.63668
3.32754
3.18762
3.37571
3.52363
3.20653
3.46179
3.33003
3.243
2.98873
3.59301
3.3223
3.51142
3.54541
3.44381
3.61981
3.70648
2.98077
3.50875
3.4132
3.39083
3.34322
2.91316
2.94083
3.59789
3.66962
3.26026
3.46413
3.35456
3.66144
3.33164
3.44786
3.11973
3.3257
3.30701
3.82303
3.61806
3.32041
3.48366
3.46646
3.30989
3.39571
4.00887
3.21928
3.55983
4.03503
3.56837
3.24147
3.73004
3.7873
3.29288
3.24892
3.37703
4.008
3.1424
3.40802
3.48451
3.80676
3.58704
3.12214
3.09976
3.58955
3.67984
3.15791
3.34527
3.67509
3.08593
3.62022
3.21173
3.29254
3.44288
3.27504
3.42455
3.94403
3.09352
3.21251
4.06295
2.9283
3.35988
3.29439
3.53985
3.18103
3.28489
3.66942
3.24711
3.39121
3.68841
3.49263
3.36358
3.06002
3.50158
3.0443
3.50926
2.97994
3.7344
3.59874
3.41781
3.54661
3.46093
3.46277
3.33237
3.22303
3.57211
3.52725
3.9391
3.47873
3.96847
3.4862
3.56137
3.65039
3.47726
3.75734
3.39391
3.11204
2.975
3.54083
3.4896
3.28377
3.33525
3.48969
3.28312
3.37132
3.42141
4.10665
3.38832
3.32558
3.70852
3.36459
3.19139
3.48584
3.64301
3.66865
3.56964
3.2144
3.51565
3.47193
3.33775
3.27291
3.66201
3.64623
3.45724
3.13829
3.87669
3.51613
3.13023
3.27739
3.82728
3.62966
3.2008
3.56159
3.73813
3.46257
3.82579
3.15572
3.40816
3.01685
3.5594
3.66991
3.11177
3.55919
3.48577
3.32889
3.43053
3.50556
3.05484
3.55368
3.54055
3.35668
3.87466
3.78958
4.08745
3.39511
3.34746
3.8479
3.0933
3.14358
3.96422
3.55699
3.41626
3.19533
3.36967
3.44365
3.35725
3.56736
