2.22545
2.24119
2.3819
2.60195
2.25448
2.38295
2.38429
2.37051
2.30805
2.44837
2.29133
2.30931
2.68319
2.64855
2.75222
2.42815
2.27996
2.51195
2.78735
2.23246
2.24311
2.23638
2.52592
2.5005
2.28066
2.47486
2.43195
2.61621
2.63158
2.51083
2.31845
2.83075
2.30621
2.5706
2.44377
2.50785
2.51447
2.32723
2.63092
2.68116
2.28593
2.25653
2.37576
2.31337
2.30006
2.38165
2.42782
2.43767
2.31602
2.48963
2.41287
2.40584
2.30825
2.47835
2.51309
2.37805
2.21565
2.18164
2.24358
2.20479
2.31448
2.38789
2.30367
2.31124
2.55121
2.35461
2.52225
2.60374
2.74608
2.22032
2.43846
2.3733
2.1481
2.33416
2.29947
2.37874
2.71276
2.90223
2.1677
2.34679
2.42077
2.30088
2.41722
2.34582
2.51648
2.66222
2.26326
2.35225
2.39349
2.3597
2.64733
2.52718
2.60993
2.56543
2.48819
2.3239
2.35908
2.29557
2.13262
2.34636
2.43281
2.62165
2.22918
2.58055
2.47309
2.66562
2.35491
2.41643
2.45757
2.45901
2.53661
2.46703
2.38012
2.52905
2.30888
2.46682
2.18193
2.40164
2.44821
2.60994
2.83849
2.60812
2.70501
2.39121
2.58104
2.26816
2.27579
2.38367
2.49758
2.36358
2.52469
2.33489
2.40218
2.14369
2.31027
2.3154
2.45881
2.27072
2.40896
2.45328
2.65506
2.49936
2.32478
2.43151
2.34245
2.11825
2.1905
2.15861
2.3649
2.29416
2.51141
2.47455
2.32162
2.30289
2.39676
2.31982
2.31596
2.31817
2.60362
2.45234
2.5029
2.36353
2.64494
2.30321
2.55712
2.25786
2.56935
2.2772
2.34625
2.37696
2.60921
2.51762
2.539
2.35523
2.35256
2.32418
2.42886
2.26463
2.16512
2.45677
2.43753
2.24975
2.44884
2.36663
2.33778
2.46095
2.40073
2.3607
2.58656
2.41967
2.64461
2.16327
2.20014
2.4591
2.42627
2.44471
2.36848
2.48322
2.36227
2.40132
2.56325
2.27885
2.3563
2.22691
2.36736
2.46944
2.37456
2.57862
2.27335
2.14039
2.55669
2.59302
2.3975
2.42417
2.41867
2.50071
2.49085
2.50579
2.04668
2.36081
2.52803
2.48942
2.52081
2.12842
2.63451
2.62811
2.57014
2.59982
2.35369
2.3166
2.39388
2.11394
2.74305
2.21362
2.09534
2.46568
2.31026
2.33486
2.45053
2.36136
2.33142
2.5283
2.33105
2.24514
2.56334
2.52091
2.24472
2.29615
2.60345
2.4488
2.62899
2.24718
2.30618
2.07927
2.28624
2.09843
2.37801
2.31972
2.35639
2.39928
2.53307
2.24455
2.31532
2.19399
2.44714
2.51034
2.27564
2.29989
2.28023
2.45127
2.30679
2.23993
2.28168
2.63326
2.39223
2.53193
2.35887
2.56414
2.37404
2.51414
2.42754
2.31292
2.34228
2.17466
2.59584
2.16681
2.44049
2.45235
2.36797
2.57235
2.48169
2.38599
2.51762
2.3808
2.41578
2.5411
2.33215
2.22513
2.22501
2.41223
2.68208
2.77345
2.4077
2.04503
2.56869
2.18445
2.17466
2.48766
2.24511
2.25098
2.38406
2.39221
2.40325
2.41708
2.53221
2.28007
2.27578
2.40266
2.46977
2.45472
2.3255
2.32076
2.10381
2.17346
2.60696
2.43576
2.54858
2.43873
2.28526
2.21262
2.34874
2.47015
2.56826
2.40755
2.46003
2.4024
2.47842
2.73106
2.45466
2.65422
2.49353
2.22174
2.08816
2.42724
2.26323
2.41723
2.42005
2.32953
2.17367
2.1698
2.23724
2.46209
2.46283
2.37106
2.46753
2.31068
2.78268
2.44834
2.537
2.4068
2.54203
2.58001
2.27217
2.3395
2.57846
2.24184
2.31746
2.58273
2.49282
2.32898
2.25347
2.17698
2.55427
2.44042
2.40629
2.45764
2.35487
2.44426
2.40751
2.43469
2.24812
2.29812
2.34932
2.35638
2.15146
2.36752
2.36275
2.36506
2.35697
2.55002
2.22333
2.31639
2.44858
2.46268
2.34416
2.66683
2.17878
2.11085
2.35929
2.48407
2.40273
2.35008
2.19457
2.18911
2.28167
2.41544
2.41489
2.2496
2.53498
2.45583
2.18301
2.48902
2.36959
2.44888
2.4593
2.50774
2.35517
2.24804
2.35587
2.51013
2.06391
2.39731
2.31743
2.42751
2.29607
2.55436
2.44403
2.43531
2.26886
2.12894
2.49469
2.32695
2.79145
2.4708
2.49721
2.24058
2.52615
2.35789
2.30573
2.73039
2.6526
2.55328
2.48793
2.52131
2.28303
2.4024
2.53937
2.80394
2.54406
2.44379
2.32375
2.45409
2.45229
2.53639
2.41188
2.56018
2.28772
2.39426
2.10255
2.42711
2.38519
2.14581
2.59075
2.5985
2.38115
2.24365
2.42429
2.84722
2.52682
2.28466
2.33852
2.58121
2.2038
2.63503
2.91153
2.57211
2.26456
2.46411
2.4968
2.4836
2.6248
2.45034
2.33145
2.66463
2.38007
2.43921
2.3519
2.61846
2.63221
2.4648
2.43978
2.2216
2.70956
2.67479
2.45021
2.39941
2.50068
2.36592
2.37337
2.43962
