4.77885
2.98823
4.19015
5.26423
3.49543
4.55461
5.22149
5.01437
5.34636
4.30607
5.49624
3.9436
4.33464
4.51501
4.8263
5.22261
4.35526
4.45971
3.59061
4.76223
5.06146
4.32133
4.73241
5.73715
6.41658
5.384
5.30404
4.88966
5.6645
4.68413
4.13859
6.56981
3.77365
3.1747
5.76633
5.62959
5.8975
4.00897
3.14151
4.3494
5.08298
3.7919
5.54117
4.06
3.43909
5.02867
5.45087
4.40144
8.0163
5.15499
5.50545
4.65051
5.20307
3.97754
6.81496
5.14376
5.45374
3.21649
6.14392
5.7031
5.66255
5.68814
6.46345
4.92399
4.79988
6.22891
6.47241
5.73858
5.35506
4.69918
5.80995
5.28879
3.89249
6.78119
3.33626
3.87999
3.42517
3.03338
3.69085
7.51816
7.08077
4.72387
3.39164
7.0956
3.74849
7.59298
6.26255
3.69251
6.20981
3.31946
5.98905
4.01489
3.50019
4.49803
5.49977
7.41654
4.88624
6.99304
5.26011
6.89093
4.71856
4.4192
7.43322
3.62246
4.87008
5.50292
5.40493
3.99176
6.56347
4.1404
4.23538
6.37039
6.27216
3.72898
3.67084
9.02338
4.02151
4.41521
6.60874
4.52557
4.87911
6.1645
5.27109
4.587
4.89064
2.25406
4.12623
4.59639
4.42537
3.93584
7.14102
5.32188
4.28872
4.87629
5.67787
5.7547
4.90335
5.77103
3.89592
5.28546
5.36393
3.32648
5.33595
3.89609
5.45326
4.3458
5.76349
5.25896
5.55662
4.7805
3.46459
5.22451
5.10433
5.28705
4.84953
3.3117
4.0797
5.93037
4.40722
4.77249
4.14997
6.73767
5.9819
5.38082
4.20722
4.03513
5.16344
6.49849
3.80153
4.17969
9.12562
3.2773
3.91661
4.90704
6.61634
3.71265
4.46906
5.81948
6.25516
4.80528
4.49939
6.59563
3.29735
5.12917
5.56136
3.71493
3.4668
3.06685
4.30413
4.02178
5.81658
5.63406
5.22054
3.68671
3.64344
4.25571
6.69815
4.36978
5.39854
4.37699
4.76163
5.95164
5.92955
3.33042
4.01067
5.38928
4.25097
3.38858
4.43946
3.95484
6.62087
4.34006
5.9666
4.86254
5.3228
7.25023
3.55266
6.94299
5.84359
3.75497
5.72663
3.30257
4.03064
4.9844
4.99022
3.35448
6.93158
4.9849
4.13796
4.67828
4.1155
5.38447
4.62368
2.94373
3.70281
5.1001
5.40361
3.67683
4.85591
4.9136
5.35272
5.55571
5.4027
5.64855
4.59746
6.81755
4.53317
4.27871
5.66844
6.61068
7.11727
5.52284
4.09225
4.22917
4.49849
3.50973
6.3802
6.48406
3.61297
2.96641
5.98532
6.44505
3.59268
5.56287
6.15885
5.441
4.64416
7.22503
5.54682
5.03956
4.35051
5.99984
3.40117
4.05384
3.82088
5.76538
3.11097
4.35897
5.05476
3.89178
4.45384
5.99075
5.06166
5.42825
5.63482
3.39386
3.67316
4.55513
5.12658
5.35506
7.14216
3.04346
2.57603
5.987
7.30977
3.30004
2.99003
6.75677
6.20712
3.25336
4.91573
5.1536
4.49153
5.04465
6.28566
5.41414
4.62056
6.56259
2.84489
5.99111
5.77207
6.23998
4.0749
4.14325
4.26365
6.08382
6.95264
5.50053
4.8069
4.93268
6.01522
4.83126
2.71292
4.5604
3.97194
5.48561
4.37132
6.51403
5.6593
4.93759
2.72379
4.364
5.83956
4.54403
8.55891
4.99838
4.06981
4.91469
5.24568
6.91961
3.76507
5.13029
7.3841
4.99715
5.68979
5.2103
4.8504
4.39418
8.06455
7.50416
5.10576
5.41325
5.58379
10.1304
4.45066
4.9015
7.82476
4.63664
5.23
6.84293
4.76622
5.29384
3.67957
4.7987
6.50518
4.46857
4.74509
4.61793
5.11229
6.36166
4.30122
3.71918
4.2811
5.39445
5.12524
3.63775
6.27151
4.82024
3.61527
5.69525
4.76238
5.58189
5.99158
6.01566
5.60212
6.33691
3.66669
3.00926
4.63135
4.38217
5.54705
4.90551
5.49295
4.22091
3.28565
3.02144
3.32666
4.30896
6.06413
4.39898
5.8632
5.53555
4.34598
4.62163
2.79316
5.65317
3.13943
5.5634
4.2412
3.02842
6.6601
6.62567
6.11053
6.16601
6.9512
7.57923
4.84266
4.1088
7.19543
5.93432
4.88874
3.35153
7.1508
5.43377
5.07899
6.2428
7.11013
4.62806
4.07422
4.34355
4.47428
5.32001
4.27755
4.16056
6.80583
4.28294
4.64432
4.93706
4.5369
5.2508
5.09886
4.69202
4.21274
4.07107
6.33683
4.2373
4.18601
5.08366
3.30301
3.87169
3.88097
6.22427
3.96738
5.53771
11.1704
3.88099
3.32641
4.86241
3.62149
3.71761
9.74824
4.76121
3.05735
5.87906
5.34256
4.62746
8.54098
4.02653
4.80025
4.77988
6.72251
2.59212
3.70402
5.22734
4.6471
3.04137
5.05568
4.76762
5.53289
5.34001
2.89519
4.31334
3.72399
5.34578
4.0185
4.05301
6.50222
7.85969
6.57306
5.25295
5.26824
3.51261
4.56026
3.98345
4.62342
7.06846
4.08395
3.6803
4.27624
3.63074
