2.89338
2.68607
3.36522
2.9661
2.75977
2.54612
2.95172
3.00109
3.05922
2.93235
2.72138
2.82788
2.79413
2.93714
2.86229
2.74887
2.40563
2.65516
3.01258
2.80161
3.30175
2.73712
3.39612
3.02204
2.88175
3.0716
3.32685
2.74774
2.85464
2.8483
2.99656
2.97599
2.77982
3.13441
2.78242
2.70152
2.81913
2.85928
2.9817
2.73947
3.47481
2.42206
2.63566
2.73293
2.84736
2.88712
3.1022
3.01056
2.62889
2.53601
2.70619
3.0336
2.99
2.78123
2.80228
2.75389
2.98335
2.95068
2.9082
2.62605
3.03356
2.81943
3.12118
2.75901
3.39341
2.81115
2.95636
2.86027
3.26592
2.63309
2.68018
3.05051
2.50851
2.89077
2.94699
2.79692
2.99351
2.93211
2.74147
3.37467
2.71882
3.24338
2.50037
2.77277
3.16265
2.68271
2.93652
3.15665
2.9115
3.12541
2.68733
2.83491
2.64458
2.46976
2.79086
3.39701
2.76742
3.34345
2.63529
2.93549
3.20405
2.80763
3.17968
2.79039
2.53531
3.31418
2.90597
2.55499
3.2574
2.90771
2.70781
3.20556
2.60229
2.91082
2.63403
2.49539
2.76392
2.48837
2.93694
2.8017
2.64085
2.88858
2.6631
3.01321
2.79979
3.42541
2.87069
2.58638
2.4034
2.58891
3.103
3.1766
2.59486
2.76149
2.98213
2.84649
3.16165
3.00507
3.32474
2.87517
2.88443
2.85427
3.63506
2.85536
3.22001
2.56707
3.18969
2.59276
2.48155
3.37558
2.75644
2.65779
2.92233
2.72517
2.37189
2.74119
2.86477
2.69287
2.73362
3.2118
2.92055
2.53713
3.23874
3.38733
3.05637
3.02873
2.65464
3.05633
2.67767
2.90913
2.74266
2.47704
3.00585
2.67405
2.72789
2.95336
2.49665
2.63425
3.01762
3.01385
3.09949
2.94704
3.1197
2.86526
2.79338
3.1635
2.95552
2.5387
2.496
2.89126
2.58858
2.88298
2.74758
2.85786
2.6653
3.09779
2.82173
3.02702
2.97405
2.714
3.02501
2.94466
3.14632
3.14439
3.40282
2.7229
2.58796
2.3085
3.28812
3.01952
3.22917
2.47105
2.44112
2.98138
2.69769
2.78578
2.67109
2.72574
2.55392
2.74953
3.52815
2.93364
3.24033
2.90102
2.76053
2.66839
2.80155
2.66123
2.53594
3.07
3.18157
2.70084
2.40707
3.11325
2.82297
3.04343
3.05121
2.91144
2.8064
3.08459
2.75648
2.78909
2.58106
2.52226
2.58934
2.95394
3.02952
3.46461
3.50913
2.92804
2.54677
3.43566
2.5645
3.04503
3.26138
2.87976
3.32879
3.11068
2.81435
3.21428
2.90572
2.96853
3.09292
2.81218
2.95792
3.21501
3.06119
2.77885
2.59831
2.86366
2.83029
3.00702
2.84091
3.05883
2.71424
2.83752
3.87205
2.79791
2.71562
2.94056
3.06591
2.70719
2.54184
2.89854
3.08644
3.09548
2.85545
2.95041
2.83763
2.82471
3.12045
3.13035
2.93163
2.6962
2.60048
3.01222
2.47041
2.86247
2.8579
2.89708
2.73878
3.35784
2.62474
2.81583
3.21066
2.98573
2.81575
2.70883
2.97835
2.95916
2.91081
2.75466
3.18868
2.51504
2.86561
2.70773
3.12905
3.23921
2.32078
2.62508
3.05413
2.65366
3.02487
2.98777
2.69361
3.07076
3.06547
2.55135
2.56472
2.71178
2.53087
2.97035
2.86799
3.19679
3.30922
2.63113
2.9867
2.7771
2.72966
2.66591
2.86913
2.96015
3.12364
3.03119
3.3694
2.88533
2.78468
2.83553
2.63561
3.09865
2.79607
2.59735
2.95844
3.146
3.5058
2.88253
2.90452
3.06972
3.22334
3.30291
2.78268
3.02234
3.08623
3.00907
2.7819
2.76932
2.57786
3.16787
2.79115
2.44111
2.76535
2.9446
3.06377
2.48588
3.07658
3.05218
2.69184
2.76965
2.53071
2.95556
2.81115
2.96593
2.94488
2.67732
2.74822
2.84869
2.86721
2.83636
2.69967
2.83626
2.61458
2.60178
2.99355
2.83436
2.88908
2.5138
2.81152
2.81508
2.36423
3.137
2.61748
2.76637
2.95129
3.1329
2.67469
2.735
2.78009
2.89365
2.76652
3.12483
3.17703
3.13809
2.57015
2.42887
2.45618
2.62769
2.84088
2.5168
2.53942
2.94206
3.206
2.86185
2.83688
2.83999
2.77786
3.30283
2.94074
3.10516
3.00185
2.80215
2.90718
2.99344
2.89775
2.86463
3.39994
2.75078
2.92829
3.07599
3.07961
2.83366
2.82014
3.04763
3.04871
2.96583
2.63987
2.97755
2.70417
3.45627
2.76394
3.12609
2.55943
3.39111
3.08695
3.0569
2.8648
3.03367
2.62439
3.41382
3.07828
3.15353
2.80976
2.77647
3.10227
2.8667
2.77739
2.84441
2.51089
3.08144
2.40393
2.75335
2.46181
2.97974
3.66729
2.54814
2.85523
2.72586
3.39767
2.88376
2.60758
2.77233
4.1567
2.9976
2.96116
2.93958
3.12517
2.68536
2.58367
2.59495
3.00901
3.10988
2.9739
3.06727
3.0191
2.51185
2.81707
2.83388
3.02803
2.66049
2.87106
2.85279
