6.69633
7.78784
6.72528
6.15945
6.44631
6.01265
8.05269
6.43802
9.04995
8.70647
6.54151
6.32035
6.16731
7.78985
7.2769
6.96714
6.71675
6.6399
7.33963
6.81083
7.4612
6.53817
6.88882
7.00059
7.1975
8.82021
7.51759
7.673
6.76769
6.65919
7.24819
5.92852
8.09626
6.51809
6.24933
6.71659
7.8377
8.90138
8.33744
6.43683
7.93854
6.76284
7.10832
7.46703
6.06784
7.72622
6.97229
5.68047
6.62798
6.85327
8.59268
8.04345
5.4995
8.01426
8.30343
6.50334
6.53837
5.93601
7.13717
7.46709
8.78163
7.12994
6.21939
7.63572
8.34562
5.38146
8.69448
8.30172
6.70757
5.74065
7.7311
5.47521
6.10181
6.9639
7.2856
7.56097
7.70574
7.80925
7.79277
6.87027
7.95453
6.69569
5.70485
7.37067
6.14326
6.72035
7.38295
6.10118
6.75259
7.50519
9.59089
7.72518
9.29979
6.59899
6.76088
8.7554
7.98888
9.5164
6.56686
6.79093
6.56363
7.89906
7.45433
7.36073
7.47257
6.93071
8.26829
6.95175
7.6539
9.11023
6.82639
8.99111
7.23591
7.32915
6.60376
5.78346
6.55364
5.92441
6.35868
7.42345
8.066
7.47511
7.04642
6.34153
7.12651
6.89031
7.23581
5.78754
6.30999
6.75584
6.56371
6.77535
6.48967
7.87502
6.08105
7.29243
8.23085
7.77789
7.53153
7.73724
5.67949
5.6785
8.02584
7.1399
6.23854
8.00528
5.99507
7.32631
6.5859
10.5122
5.76919
6.76606
7.76442
7.84518
7.97633
6.68319
7.83881
7.85482
5.20108
6.20537
7.76056
7.19077
5.9086
6.35127
6.72294
8.77818
9.70741
7.71113
5.8924
8.84876
7.78953
8.76378
8.11587
6.54918
7.30795
6.64047
5.95224
6.68566
6.9805
8.9544
5.49492
6.68734
5.38243
8.56997
6.75968
7.13148
6.31071
6.36992
5.91615
6.93679
6.56252
6.63586
6.98657
7.97342
6.96091
5.6314
5.90485
10.1075
6.36909
8.6074
6.35941
5.33811
7.80845
6.86998
8.02106
7.08068
6.76961
9.58976
7.57369
7.78915
8.57885
7.70709
9.5253
6.59119
7.27391
6.53223
7.00971
6.55797
6.60723
5.57369
8.21224
5.98693
7.84771
6.14693
5.42999
10.0388
7.48878
6.49127
7.16307
8.28414
9.45996
6.64514
6.4392
6.09083
6.84306
6.73939
8.51212
6.79289
6.35668
7.46525
6.83914
8.67674
7.12989
6.61683
8.27498
6.14542
8.2161
6.822
7.16366
6.65321
7.04075
6.42622
6.1539
7.78707
7.94834
7.28857
6.76903
8.93888
6.77091
9.02645
7.44842
6.69496
8.49274
7.07574
8.12508
6.48618
5.55088
8.57949
6.31153
7.34271
5.8825
8.00644
6.7681
6.05563
8.23255
6.26644
9.16977
8.61937
5.35929
6.44113
7.03032
7.02666
8.33869
7.60852
7.19887
6.56691
8.77666
7.27242
7.50886
7.58027
6.63101
6.34944
6.75875
6.90633
6.71005
9.30695
6.76413
7.41285
6.60033
8.54816
6.31409
7.54595
7.67721
6.59351
5.98396
6.79058
6.49223
7.38342
7.20602
6.3012
6.60891
9.48033
8.25135
8.63191
6.13652
5.80438
8.35383
6.48238
8.22908
6.74907
6.67395
5.91079
7.04644
6.61915
7.40171
6.02113
9.82495
6.73094
7.47648
6.85177
6.65196
7.98205
6.30328
7.4843
6.24481
7.68933
7.33588
6.5521
7.94925
9.78005
8.93748
8.1147
6.8255
8.30254
6.39099
8.29544
8.40209
7.36726
7.17505
7.24249
6.78196
6.40187
6.23295
7.49466
6.53572
5.84863
7.39116
6.71395
6.97389
7.26798
6.90023
6.31511
6.96596
5.85054
7.41841
7.49414
7.92264
6.0627
6.60428
6.93214
6.69682
6.91582
5.70865
6.9945
10.216
7.03029
7.54163
5.95609
6.7444
7.02051
6.59936
7.5732
8.77054
7.43034
6.90183
7.83466
7.15972
6.54031
7.79937
6.89951
6.45949
6.94913
7.23675
7.98619
7.8374
7.30697
6.86733
6.88078
6.14742
6.35306
7.19704
6.22055
6.66526
6.96047
5.58482
8.44094
6.80944
6.82068
7.27253
8.50781
6.24222
6.6241
7.75181
7.49962
7.35914
7.53882
7.76505
8.52892
8.75943
7.79443
6.72143
6.45529
8.03526
7.80261
6.75097
5.64143
6.24727
6.4571
8.50971
6.8952
7.65719
6.5449
6.13616
6.83645
7.62342
6.78867
9.08794
6.38326
8.19747
6.15275
7.21087
7.60082
6.44518
7.24122
7.98783
9.19573
6.89896
8.94133
7.16254
6.36087
6.73353
8.12929
6.41698
7.48918
7.31953
7.37685
7.32821
6.71286
8.0464
8.44089
6.75092
7.533
7.77055
7.74428
10.8788
7.41896
6.81486
6.05269
7.03093
7.60972
10.143
7.5623
7.09139
6.92929
6.47769
6.98288
7.01828
5.9926
7.9427
7.36665
6.6866
7.77097
6.7657
8.76834
5.81682
6.66948
6.08988
7.28027
7.25242
7.17289
6.09016
9.85438
6.52725
7.77713
6.47268
6.14794
6.96931
7.1643
7.21608
7.62494
