4.03084
3.94188
3.42558
4.07774
3.92845
3.62876
4.35567
3.68465
3.92437
4.70002
4.28133
4.29519
3.87484
3.48558
4.16647
3.87242
3.8672
3.3323
3.68137
3.59106
3.50697
3.86492
3.82803
3.89742
4.12297
3.78508
4.17107
3.7401
4.34476
4.33678
3.48889
4.54826
4.41649
3.90025
4.31811
3.86848
3.77139
3.8074
3.73337
3.90032
4.03857
3.63851
3.32017
4.05463
3.58418
4.13979
3.79883
4.6765
3.83929
4.39879
4.09323
4.12375
3.41883
4.10682
4.71109
3.82982
3.80359
3.42665
4.04272
3.93575
3.87755
3.81482
3.89543
4.67546
3.95439
4.36995
4.2239
3.98039
4.37348
4.16018
3.79742
4.12481
3.48881
4.30453
3.75534
3.84725
4.09098
4.30662
5.44784
3.68483
3.70375
3.98276
4.65973
4.07198
3.68014
3.98035
4.06138
4.1178
4.26812
3.76053
3.69105
4.19152
3.93148
4.44265
3.84996
3.80941
4.1617
4.08942
3.85872
3.9389
3.55189
4.56386
4.2438
4.22905
3.57001
4.00416
4.3539
3.71897
4.47397
4.01365
4.00244
3.67113
4.00923
3.97579
3.75275
4.02915
3.72779
3.51517
5.09881
3.85683
4.7868
3.63336
4.08764
3.60731
4.6458
4.21191
4.47463
4.2776
4.31911
3.62162
3.79206
4.55674
3.92132
4.20571
3.97511
3.90171
4.69789
3.79443
4.22956
3.5679
3.55749
3.74405
3.92809
4.06144
4.11552
3.94657
4.00999
4.05962
3.65034
3.94553
3.79147
3.96685
3.80245
4.14112
4.32824
3.60325
3.64532
3.59603
3.70804
4.34605
3.43758
4.42599
4.24474
3.65967
3.50363
3.34797
3.92137
4.08606
3.69632
4.03169
4.47147
3.50096
3.50298
4.22484
4.09937
4.00343
4.17451
3.88525
3.94695
4.00707
4.04539
4.81169
3.86097
3.73298
4.00539
5.13738
4.44479
4.70161
3.66054
4.05213
4.14112
3.83403
3.88046
3.97149
5.52982
3.73124
3.97459
3.76792
4.02187
3.86654
3.56932
4.39631
3.84012
3.76669
4.0649
4.16764
3.75158
3.7759
3.98982
3.82876
3.88991
3.76428
3.84097
3.703
4.38817
4.9789
3.86953
3.76678
3.08221
3.96055
3.64006
4.06344
3.60283
3.94781
4.07984
4.5139
4.05471
3.82906
4.01273
4.43316
4.0192
3.50614
3.88945
3.47802
4.43973
4.06506
4.00188
3.96343
3.72688
3.52289
4.54519
4.94456
3.60014
3.67063
4.32513
3.8726
4.06794
4.07781
4.19449
3.87748
4.00443
3.52682
3.85383
4.32912
3.72056
4.33642
4.06311
4.08762
4.03985
3.79248
4.14522
3.85615
3.83515
4.92353
4.12216
4.27265
3.5266
4.04469
3.90375
3.68898
4.29074
3.96174
4.1688
3.84524
3.75343
4.82158
3.72227
4.03542
3.37185
3.66687
3.6902
4.36288
3.34085
3.86388
4.63995
4.01043
4.01173
3.65357
3.70062
3.59138
4.05771
3.68481
4.14457
4.0749
3.89782
3.57595
3.80208
4.29155
4.47829
3.30318
3.88193
4.91302
3.70453
3.68761
3.96329
4.07787
4.64065
4.36171
3.84888
4.46446
4.07337
4.47902
4.37982
4.28544
4.14395
3.93576
4.41608
3.87475
3.68178
3.92206
3.98194
3.64255
3.9425
3.81243
3.6765
3.4291
4.05556
3.70857
4.04035
4.12697
3.93515
4.14964
4.23078
3.41345
3.93711
3.91139
3.90597
3.84058
3.43981
3.38746
4.14283
5.19417
3.70047
3.96329
3.81111
4.20138
3.80478
4.01577
3.5474
3.81569
3.79728
4.46989
4.1596
3.80568
3.90874
4.00737
3.80083
3.85982
5.08857
3.75687
4.12577
4.58996
4.17109
3.69686
4.28846
4.30763
3.74764
3.8084
3.94738
4.8084
3.5792
3.90145
3.96256
4.31981
4.4285
3.55084
3.61105
4.22044
4.29585
3.60761
3.79672
4.18818
3.75636
4.18513
3.63522
3.7064
4.02176
3.86977
4.3903
4.46547
3.5872
3.67792
4.87767
3.31615
3.85598
3.70745
4.03069
3.64797
3.76853
4.20041
3.69155
3.88286
4.26723
3.97664
3.89455
3.5294
3.96574
3.49383
4.15017
3.41929
4.28975
4.07096
4.04365
4.0682
3.94756
3.93599
3.8314
3.7386
4.10929
4.03442
4.75488
4.04135
4.42906
3.95087
4.04678
4.15465
3.96448
4.4216
4.138
3.64576
3.41429
4.03423
4.00501
3.70875
3.88113
3.95172
3.74397
3.88865
3.92601
4.69142
3.86714
3.77068
4.28282
3.86234
3.62235
4.0573
4.19775
4.2756
4.06883
3.69996
4.19008
4.04403
3.76434
3.75007
4.56323
4.25195
3.97181
3.59551
4.48222
3.95597
3.56896
3.80053
4.36222
4.29689
3.66801
4.09449
4.31778
3.98097
4.92169
3.59835
3.88132
3.47068
4.02852
4.15759
3.50231
4.24459
4.0446
3.87236
3.8823
3.99119
3.48737
4.07456
4.00282
3.81805
4.48448
4.38237
4.62543
4.19611
3.8486
4.42525
3.54658
3.53259
4.7113
4.14549
3.99437
3.61527
3.98803
3.92419
3.80945
4.13734
