3.30895
3.34646
3.23162
3.4755
3.15533
3.30186
3.16842
3.59761
3.58532
3.86745
3.39167
3.33453
3.38142
3.25725
3.54672
3.21444
3.70251
3.30419
3.45379
3.46494
3.41757
3.38711
3.32864
3.5442
3.69978
2.92468
3.24519
3.13303
3.87212
3.37517
3.05583
3.57706
3.30718
3.5549
3.38081
3.15748
3.08066
3.42839
3.78396
3.46213
3.01698
3.33156
3.30559
3.11312
3.18638
3.40425
3.14032
3.42048
3.63273
3.76162
3.29701
3.39628
3.74117
3.28499
3.26455
4.09018
3.72568
3.45136
3.18155
3.76615
3.11075
3.37494
3.49966
4.08303
3.42827
3.56881
3.67859
3.37864
3.17546
3.44196
3.28766
3.48416
3.35253
3.90915
3.35617
3.1747
3.65662
3.61649
3.09274
2.98088
3.36855
3.90991
3.35172
3.58892
3.34326
3.32364
3.54971
3.59062
3.54516
3.49748
3.29662
3.45454
3.41995
3.66378
3.49357
3.55144
3.16877
3.60546
3.47548
3.42144
3.16913
3.73129
3.41384
3.47714
3.50024
3.16514
3.43203
3.19321
3.39874
3.4438
3.49004
3.31822
3.60815
3.41569
3.40296
3.45442
3.78075
3.51468
3.12355
3.68711
3.36044
3.67682
3.42052
3.82794
3.574
3.28045
4.09451
2.94611
3.9418
3.4612
3.50293
3.60945
3.52915
3.25713
3.5649
3.36902
3.57932
3.5947
3.57609
3.41393
3.54129
3.58123
3.52055
3.71939
3.58744
3.564
3.34704
3.54819
3.39408
3.99312
3.3864
3.07557
3.69808
3.58669
3.78249
3.51924
3.58712
3.63111
3.48814
3.73702
3.56434
3.22856
3.3252
3.27494
3.58174
3.67374
4.67659
3.76213
3.4939
3.44433
3.51735
3.7326
3.23555
3.36238
3.33162
3.25843
3.30292
3.62557
3.38839
4.04426
3.34504
3.22652
3.58603
3.07141
3.43704
3.5435
3.40595
3.25689
3.36317
3.20653
3.7434
3.38754
4.16632
3.39017
3.47304
3.4414
3.36965
3.3993
3.81555
3.55256
3.14891
3.36566
3.28917
3.63444
3.48873
3.75194
3.35632
3.62856
3.66801
3.4497
3.48713
3.39318
3.30654
3.48477
3.50291
3.50865
3.44348
3.57731
3.34877
3.80198
3.53836
3.61249
3.34402
3.42919
3.57246
3.04866
3.47993
3.9331
3.05744
4.20747
3.73907
3.62046
3.06641
3.17196
3.47678
3.45862
3.04904
3.0988
3.19708
3.35638
3.02627
3.57018
3.4404
3.46858
3.35107
4.22906
3.2597
3.58164
3.41864
3.01182
3.12824
3.80064
3.23123
3.4267
3.63043
3.54389
3.02058
3.52414
3.4376
3.42471
3.11441
3.18537
3.29231
3.59119
3.47267
3.77119
3.47855
3.53674
3.33212
3.30201
4.11985
3.12031
3.32804
3.43624
3.58674
3.26324
3.79418
3.41814
3.32698
3.42572
4.1981
3.2882
3.53622
3.58224
3.64815
3.4287
3.76993
3.75375
3.53459
4.32353
3.31953
3.28621
3.42723
3.72445
3.16729
3.62213
3.19048
2.98388
3.34325
3.56176
3.84328
4.08961
3.49722
3.36435
3.64771
3.06994
3.51683
3.34369
3.96939
3.3708
3.74109
3.42826
3.42903
3.29557
3.60586
3.29367
3.50608
3.35613
4.00756
3.03624
3.41989
3.71882
3.57709
3.38849
3.54154
3.36768
3.548
3.65988
3.50368
3.10177
3.50561
4.02108
2.99817
3.4641
3.42375
3.02271
3.327
3.33101
3.63243
3.77948
3.3368
3.34716
3.30194
3.37206
3.31122
3.5508
3.16885
3.14542
3.59995
3.31284
3.35766
3.37283
3.59814
3.39879
3.50903
3.4592
3.50752
3.41906
3.35203
3.3338
3.15267
3.20775
3.20714
3.69506
3.4412
3.69969
3.66623
3.48535
3.44163
3.59275
3.35743
4.13123
3.33962
3.30032
3.13132
3.29927
3.4354
3.32114
3.09433
3.52691
3.68466
3.88191
3.27067
3.97377
3.59781
3.38938
3.69535
3.34434
3.3993
3.1391
3.44683
3.69981
3.35142
3.51722
3.27039
3.49653
3.59667
3.61255
2.8675
2.86029
3.48222
3.29743
2.91343
3.18051
3.58329
3.68421
3.78499
3.68795
3.41316
3.45617
3.42169
3.42665
3.35058
3.72591
3.14727
3.36856
3.3198
3.59229
3.32564
3.3603
3.32308
3.5328
3.62448
3.09403
3.57373
3.34814
3.24901
3.23449
3.21689
3.42977
3.16389
3.69805
3.90875
3.53018
3.39796
4.02787
3.21949
3.67068
3.31705
3.24962
3.35938
3.28842
3.30526
3.53851
3.52971
3.14997
3.12925
3.26739
3.26972
3.469
3.70724
3.66238
3.50462
3.45063
3.2819
3.67506
3.52066
3.6811
3.22229
4.06593
3.51998
3.63283
3.00206
3.5923
3.19572
3.5928
3.26776
3.25798
3.71674
3.51135
3.05357
3.93634
3.53154
3.35755
3.16154
3.16559
3.0305
3.36368
3.32183
3.67931
3.26015
3.27307
3.03347
3.31513
3.39122
3.39642
3.67243
3.22232
3.28478
3.69412
3.28472
3.38768
3.26052
3.32775
3.59829
3.35257
3.8542
3.47103
3.22622
3.40095
