4.48996
4.69539
4.41114
4.5946
4.33042
4.39199
4.42594
4.78706
5.18833
5.65265
5.66022
4.52318
4.9904
4.34759
4.89452
4.60492
5.06216
4.46914
4.57557
4.58094
4.64299
4.52144
4.44039
4.82437
4.89865
3.92883
4.21515
4.25188
5.4201
4.43814
4.04827
4.76499
4.38018
4.68143
4.49239
4.27344
4.26509
4.65467
5.54491
4.42284
4.12123
4.87102
4.58542
4.14056
5.01969
4.54393
4.14709
4.90149
4.80253
5.35067
4.45417
4.45464
4.89603
4.41842
4.61124
5.66713
4.93751
4.52251
4.31102
4.99182
4.58194
4.49429
4.88389
6.05816
4.556
4.93969
4.98026
4.56225
4.22306
4.68898
4.62853
4.63057
4.66124
5.31235
4.55541
4.40836
4.85027
4.92909
4.19422
4.0754
4.54927
5.16855
4.61474
5.13463
4.5807
4.45056
4.90424
5.1008
4.80176
4.89791
4.6077
4.58843
4.77844
4.94164
4.64065
5.64945
4.59606
5.16308
4.63688
4.74858
4.20213
5.09586
4.62888
4.88175
4.91124
4.16139
4.52569
4.37545
4.50368
4.61955
4.64194
4.49993
5.05803
4.6839
4.93644
4.7788
5.01248
5.35978
4.19016
4.93426
4.49869
4.95111
5.00919
5.12515
5.48587
4.59981
5.50024
3.89344
5.34888
4.66532
4.77542
4.74185
4.66498
4.39732
4.69665
4.43005
4.79594
4.77515
4.80054
4.53491
4.99689
4.82257
4.62358
5.00246
5.161
4.98372
4.29281
4.96727
4.91174
5.57795
4.52691
4.03453
4.8912
4.99368
5.6023
4.54734
5.17482
4.86901
4.71435
5.24271
4.93731
4.36443
4.55958
4.38842
4.82353
4.94582
6.35635
5.2303
4.89622
4.76172
4.97833
5.07529
4.3616
4.54754
4.72794
4.58598
4.47119
4.85624
4.50507
5.35621
4.52053
4.58582
4.87368
4.08907
4.58365
4.7092
4.52208
4.35329
5.02821
4.63806
5.19064
4.96619
5.65484
4.50039
4.5641
4.72864
4.37801
4.55225
5.45136
4.97909
4.18126
4.23518
4.37725
4.87867
4.65072
4.94711
4.43657
6.90151
5.12813
4.61147
4.84201
4.6111
4.45993
4.65793
4.74954
4.73226
4.84047
4.66339
4.53452
5.19471
5.33716
4.9491
4.72138
4.45422
4.72871
4.40287
4.61543
5.17952
4.23876
6.22263
5.09077
4.96732
4.79896
4.39586
4.9225
4.7668
4.2068
4.29851
4.38233
4.62639
4.25906
4.67408
5.76357
4.82779
4.42419
8.21239
4.50439
4.68945
4.51279
4.04512
4.22622
5.17354
4.80553
4.50231
4.9945
4.66329
3.95692
4.79514
4.74027
4.52433
4.14838
4.36621
4.31818
4.87455
4.80042
5.31685
4.89751
4.58891
5.397
4.42641
5.63616
4.2545
5.79313
5.16106
4.99122
4.3506
5.43076
4.98127
4.57699
4.6363
5.49158
4.6124
4.58171
4.7719
5.3611
5.60292
5.07489
5.291
4.79271
6.0605
4.60702
4.6131
4.55588
5.01719
4.16279
4.81136
4.56161
4.13058
4.46559
4.64429
5.51943
5.91174
4.96584
4.56874
4.9046
4.02331
4.82116
4.59392
5.20907
4.74024
5.14747
5.23496
4.76838
4.38129
4.88939
4.39279
4.74864
4.79913
5.33566
5.37947
4.94518
5.02345
5.21086
4.55913
4.74953
4.48055
4.86091
4.88386
4.95294
4.13794
4.69027
5.45287
4.29309
4.81094
5.18755
3.92569
4.50799
4.35506
5.22426
5.07804
4.40177
4.38735
4.50724
4.60763
4.44833
4.69233
4.55086
4.32599
4.87874
4.41315
4.73754
4.77662
5.32001
4.38227
4.65552
5.11123
4.64981
4.98777
4.61545
4.50324
4.24428
4.23678
4.12872
5.19472
4.73566
5.34883
5.07474
4.78871
4.74614
4.78693
4.64608
5.59932
4.72368
4.42058
4.25325
4.52923
4.63456
4.57422
4.31803
4.67857
4.75391
5.34852
4.30594
5.93281
4.75834
4.44605
4.9912
4.53038
4.4802
4.18411
4.69647
5.19583
4.60139
4.83817
4.36803
4.68936
4.84684
4.81994
3.86268
3.86347
4.69414
4.43503
3.82434
4.23967
4.90728
5.02397
5.09577
5.25845
4.49756
4.52279
4.53603
4.77122
4.54639
5.28695
4.18834
4.60997
4.38652
4.87374
4.38685
4.6129
4.55727
4.78297
4.87576
4.15342
5.03641
4.42547
4.38327
4.29192
4.2501
5.32138
4.13107
5.27235
5.08148
4.77194
4.65478
5.65548
4.80718
4.92296
4.75432
4.31236
4.56319
4.50245
4.448
5.40428
4.78739
4.25028
4.20445
4.44823
4.42895
4.52658
5.06502
4.85443
4.81574
5.02502
4.30293
5.18905
4.83383
4.88889
4.26825
5.56236
4.7764
4.99315
4.14632
4.8642
4.48262
4.72497
4.49787
5.05378
5.19773
5.09861
4.20226
5.48517
5.00005
4.51709
4.2897
4.20076
4.11209
4.45275
4.47995
5.07602
4.44806
4.41143
4.07029
4.60627
4.61292
4.54104
4.99984
4.42834
4.33602
4.98945
4.32109
4.54952
4.37661
4.60265
4.96214
4.57729
5.4178
4.69343
4.20552
4.54446
