3.85639
3.68004
4.54895
4.00758
3.7896
3.29998
3.98577
4.107
4.15682
4.13568
3.63228
3.91676
3.76011
4.00175
4.13207
3.81356
3.28974
3.57656
4.15163
3.92396
4.48944
3.61603
4.71495
4.31693
3.78028
4.13685
4.49422
3.59927
3.85738
3.74462
3.87082
3.98086
3.77192
4.26246
3.84181
3.89378
3.87166
3.97353
4.02815
3.71336
4.88484
3.83362
3.55925
3.81231
3.96139
3.83754
4.30423
3.96347
3.64863
3.5327
3.67078
4.16078
3.98296
3.84628
3.8713
3.62442
3.93049
3.97069
4.07316
3.44062
4.46071
3.75573
4.19122
3.80483
4.86074
3.61011
4.07438
3.77585
4.40512
3.57359
3.69676
4.45085
3.38352
3.98253
3.97954
3.86512
4.07231
3.92992
3.63744
4.6222
3.79909
4.22998
3.40273
3.814
4.45248
3.5743
3.82295
4.95259
3.90254
4.16655
3.61466
3.85504
3.49764
3.47126
3.69589
5.07659
3.81058
5.68711
3.50456
3.90537
4.68806
3.93708
4.19083
3.98303
3.39495
5.65751
4.0663
3.35207
5.28318
4.01936
3.70964
4.24723
3.57683
3.88084
3.66639
3.29971
3.94141
3.39506
3.84433
3.68565
3.53564
3.78352
3.62772
4.10539
4.14684
6.27307
3.809
3.45257
3.31749
3.46722
4.34273
4.45116
3.51099
3.81792
4.01334
3.81467
4.54661
4.12825
4.39322
4.28129
3.92505
4.17964
4.8675
3.89001
4.59575
3.53157
4.38768
3.47764
3.26945
4.62821
3.88514
3.53366
4.14848
3.69576
3.19976
3.74435
3.86435
3.77358
3.83734
4.22621
3.77173
3.54266
4.30776
4.64957
4.14726
4.13607
3.5864
5.20323
3.79277
4.03312
3.62837
3.28358
4.01381
3.71643
3.61915
3.95844
3.47524
3.50588
4.11806
4.193
4.14782
3.93775
4.59791
3.8739
3.69032
4.20821
4.02296
3.4409
3.38388
3.90869
3.42725
4.23919
3.77557
3.77607
3.60281
4.18197
4.09504
4.08315
4.09982
3.75462
4.39376
3.95295
4.19887
4.50465
4.63527
3.72794
3.51925
3.23835
4.50084
4.16622
4.28496
3.38572
3.3398
3.90756
3.61519
3.78841
3.54772
3.81613
3.39593
3.71927
4.65602
3.93037
4.33381
3.85005
3.58974
3.60911
4.68353
3.76234
3.37578
4.25841
4.65353
3.54061
3.17127
3.97646
3.74486
4.11719
4.12886
4.15043
3.95977
4.06183
3.69595
3.92598
3.49623
3.58999
3.62533
3.80759
4.14916
4.7907
4.98099
3.85802
3.50144
4.73457
3.48956
4.15509
4.23676
3.9494
4.50282
4.10301
3.86531
4.60288
3.87458
4.00773
4.47435
3.91541
3.95575
4.39093
4.20362
3.70251
4.04901
3.84108
3.74635
3.9703
3.88009
4.04191
3.80877
3.7046
6.24468
3.91575
3.69935
4.3205
4.12565
3.73514
3.44254
3.92905
4.26092
4.0504
3.79363
4.23525
3.6943
3.81818
4.27316
4.27719
3.90876
3.66216
3.67137
3.89263
3.29195
3.81336
3.83866
3.92973
4.10938
4.61314
3.5522
3.95901
4.35476
4.13486
3.9252
3.65225
3.97405
4.24574
3.87705
3.85041
4.2129
3.67498
3.724
3.67805
4.07793
4.50249
3.14952
3.42254
4.34427
3.45083
4.1726
3.9027
3.67666
4.39675
4.12557
3.55026
3.37748
3.7217
3.51342
3.94298
4.02936
4.45944
4.61891
3.55698
4.08038
3.81831
3.9638
3.7125
3.87292
4.06401
4.16613
4.06809
4.60113
4.10322
3.71784
3.92791
3.76048
4.05234
3.70582
3.61022
3.97078
4.09188
5.3337
4.23709
3.80418
4.14755
4.60394
4.40986
3.79255
4.28843
4.38599
3.95605
3.76136
3.7864
3.55223
4.11014
3.67753
3.38296
3.83171
4.07362
4.07075
3.42195
4.07361
4.07032
3.49358
3.65207
3.42773
4.04361
3.77624
3.89593
3.95533
3.72294
3.82973
4.12625
3.95756
3.88729
3.77428
4.04581
3.56343
3.40329
4.2948
3.72208
3.84115
3.53238
3.76288
3.9834
3.21121
4.2209
3.44993
3.78519
3.89124
4.33237
3.65674
3.66541
3.68112
3.83687
3.84523
4.19089
4.43701
4.42377
3.60703
3.6465
3.40107
3.5973
3.84483
3.45134
3.39172
4.17248
4.30383
3.86292
4.12553
3.86264
3.81144
4.4765
3.86396
5.70417
3.91332
3.94254
4.00432
4.1831
3.79946
3.71282
4.67855
3.81496
4.11744
4.16503
4.33197
3.8923
3.87593
4.14918
4.95157
3.91303
3.57688
3.95969
3.7142
5.08501
3.8632
4.3588
3.68965
4.54874
4.14422
4.12177
3.94269
4.07128
3.7365
4.86991
4.41653
4.40384
3.82795
3.6846
4.2594
3.94695
3.7146
3.75926
3.50945
4.27871
3.34141
3.86095
3.2481
4.06957
4.79656
3.47591
3.90863
3.75109
4.72814
3.74769
3.46182
3.64174
5.65275
4.30651
4.03424
4.04876
4.46578
3.75207
3.39956
3.48742
4.12013
4.1795
3.85592
4.11185
4.03414
3.59313
3.95151
3.80585
4.28744
3.61201
3.99599
3.91712
