6.8617
6.2656
6.82124
6.38324
6.07207
6.25517
6.80074
7.26513
8.18141
7.09131
7.20817
5.2949
6.03943
6.00573
7.14664
7.4825
5.8033
5.96863
8.28967
7.61089
5.71226
7.00812
6.48401
6.92716
5.41373
8.65008
6.96085
5.93942
6.65808
6.27132
7.06811
6.25866
7.12661
7.05217
6.94786
6.17331
6.30089
6.50936
7.53446
6.81613
7.58914
6.95574
6.86931
6.37443
6.11358
8.18672
6.11841
6.923
7.12465
6.7622
8.20367
6.90492
6.8233
7.16715
6.32887
6.81367
6.31935
6.34623
6.08028
6.06037
7.18894
8.24328
7.21347
5.32048
8.73721
7.09938
7.5127
7.23337
8.63851
6.24075
9.71941
6.87073
5.43558
7.35653
5.837
6.61241
7.25067
7.406
5.98128
6.90384
7.52574
5.62099
7.65893
6.17324
7.05152
6.69722
5.95214
9.7615
7.03951
7.19294
7.46257
7.08063
6.73433
9.90138
7.83692
6.28962
6.86724
6.75341
6.13369
5.75972
6.75391
8.00366
5.99257
6.74835
6.20654
7.29379
6.858
7.11238
7.29942
6.17032
6.60039
7.89793
6.27115
7.75829
5.7291
5.89965
6.74145
6.35441
6.7893
7.34998
7.07684
6.55882
5.94344
7.71878
6.81527
7.30945
5.66793
6.83419
6.60607
6.48381
6.43189
8.18071
6.69225
5.9353
8.09746
6.45495
6.72652
6.90862
6.57335
6.80888
6.50293
6.03982
6.57818
6.85651
6.8335
7.59362
7.06332
6.23631
8.13075
7.10817
6.2016
6.5328
7.99794
8.43936
6.62748
7.39193
6.32235
6.59863
6.37893
6.76836
6.06157
5.94352
7.37752
7.04133
6.39512
7.09336
6.96804
6.72297
7.72236
6.54496
7.30672
7.00733
5.92142
7.79313
7.4507
6.68115
6.05543
9.48672
6.18428
7.64811
6.4035
6.38903
8.14663
6.73292
6.80454
6.47687
6.9657
6.4121
7.95855
6.83138
7.3922
6.42252
6.29066
6.75605
6.0932
7.25904
6.48009
7.08093
6.8685
6.98686
7.3914
6.09764
6.6809
7.61508
6.33929
5.86272
6.91906
6.95296
9.02299
7.66545
6.89642
7.2788
6.86984
6.09358
6.81178
7.0808
6.65081
8.2638
6.36753
7.68578
5.87537
6.67916
6.48992
7.4022
6.54748
7.11454
7.14937
6.14964
7.18272
6.82766
6.93796
6.46624
6.76295
5.64938
6.38068
7.27095
6.36123
6.01148
5.96176
6.59248
6.22199
7.06873
6.45395
5.94193
7.88019
7.82954
8.09305
7.7608
6.24313
7.69864
7.75738
6.35968
6.98889
7.18085
7.17531
7.39129
5.9356
6.66914
7.16378
7.10131
5.43265
6.35922
7.92428
7.07178
6.03816
6.60999
6.77623
7.07073
7.33711
7.16946
7.15541
7.47855
6.35803
5.42293
7.14975
6.40993
7.24118
6.30698
7.02343
6.17493
5.56186
7.23255
6.42319
6.17225
7.69181
7.11391
7.53887
8.124
6.57221
6.55394
6.4739
6.00078
6.53465
6.0793
6.32461
6.00163
7.02036
6.96125
10.6541
7.52463
6.99204
7.03816
6.68781
6.03102
6.41048
6.313
6.7564
6.91799
5.55596
7.45005
7.02131
6.08625
6.33431
6.16477
6.76117
7.82394
6.52625
7.38754
7.30305
6.84754
5.97595
8.19589
6.58117
7.182
9.75849
7.32702
7.26086
6.76093
6.25471
6.96831
5.87606
8.68538
6.36616
6.06148
6.30451
7.30532
5.87154
7.42296
6.60509
6.19752
8.33729
6.70069
6.40179
6.21444
9.13957
7.24965
6.75208
7.01334
6.62672
6.86777
6.16728
6.74979
6.10046
6.77067
7.01119
5.94303
7.78935
6.79688
6.04116
6.74447
5.89147
7.6197
6.78417
6.29645
7.5001
6.3435
6.17678
6.40067
6.6091
6.35149
6.67091
7.11544
6.05115
8.05321
5.92879
6.14535
7.90572
6.00797
7.18185
7.03006
6.43593
6.88794
6.24541
6.2505
7.7413
7.30091
6.9152
7.94796
6.36163
7.02739
6.21978
6.06773
8.29233
7.01901
7.7773
6.27076
7.5848
8.21847
5.80811
6.59132
7.64858
6.78797
6.38048
6.69302
6.11604
6.0665
7.12699
7.06434
6.6826
6.25285
7.46984
6.40044
7.01496
6.50019
7.69071
6.19384
6.4769
6.54492
7.52556
7.47393
6.63585
6.38099
7.09871
6.65374
6.0929
6.33264
8.44691
7.04154
8.69706
5.81434
9.07008
6.97402
7.26417
6.81552
6.38909
6.94143
6.23758
6.49917
7.619
6.78456
8.71467
6.40893
7.36395
6.36932
7.00291
6.96697
6.6006
6.89162
6.51739
7.72532
6.94114
6.81404
7.4656
6.4874
6.3404
6.36336
7.68869
5.81055
6.02917
6.44732
8.27991
6.58946
7.0747
6.20493
7.61959
6.16069
6.37483
7.3652
6.25711
7.36119
6.19255
6.96601
10.4925
6.72265
7.34034
7.2944
9.73302
6.45302
6.63506
8.80865
7.38067
6.0422
7.18705
6.75937
6.65247
7.49045
7.29991
6.2834
7.00558
8.69589
6.52981
5.89881
7.24478
7.92199
7.64067
8.08518
5.88498
6.46398
6.59835
6.50942
