6.55826
7.66192
6.59942
6.03232
6.31761
5.87634
7.92657
6.31525
8.93059
8.59405
6.41766
6.18473
6.04141
7.67131
7.1563
6.84356
6.59205
6.50934
7.20878
6.68143
7.33869
6.40031
6.76316
6.87328
7.06938
8.728
7.40326
7.55034
6.64302
6.53983
7.11995
5.80239
7.98054
6.39425
6.11779
6.58
7.71571
8.78318
8.21612
6.31995
7.81231
6.64358
6.97849
7.3369
5.95322
7.60891
6.85459
5.55069
6.49115
6.72907
8.47972
7.92319
5.35747
7.89214
8.18697
6.37555
6.40294
5.8108
7.00641
7.34391
8.66062
7.00463
6.07972
7.5091
8.23628
5.25525
8.57484
8.17604
6.58535
5.60993
7.60488
5.33328
5.97402
6.833
7.15644
7.4337
7.58505
7.6832
7.68649
6.74523
7.85377
6.57203
5.57424
7.23847
6.01557
6.60084
7.25737
5.97643
6.62664
7.39628
9.47988
7.61147
9.19007
6.47292
6.63133
8.64707
7.86757
9.40185
6.44978
6.65557
6.44376
7.77374
7.33201
7.2404
7.34169
6.79311
8.14193
6.81502
7.52725
8.99591
6.69873
8.88702
7.10906
7.20234
6.4811
5.66033
6.4329
5.8048
6.22149
7.2973
7.94177
7.3556
6.91445
6.21365
7.00918
6.76313
7.10458
5.66163
6.16944
6.62183
6.42806
6.65416
6.35437
7.75841
5.95054
7.16355
8.11679
7.65493
7.40394
7.6204
5.54212
5.55528
7.90009
7.01188
6.11042
7.88085
5.86282
7.19366
6.44802
10.4096
5.63556
6.63671
7.63879
7.72347
7.85259
6.5599
7.71133
7.73689
5.07689
6.06685
7.63776
7.05724
5.78494
6.21712
6.59841
8.66306
9.596
7.58658
5.76309
8.72972
7.67013
8.64554
7.99441
6.41697
7.18156
6.5044
5.81398
6.55401
6.84536
8.83705
5.36357
6.55287
5.25701
8.45922
6.62699
6.99807
6.19316
6.22968
5.78914
6.81236
6.46435
6.50315
6.85255
7.84989
6.83542
5.5015
5.77402
9.99747
6.22833
8.49847
6.2401
5.2157
7.6819
6.74345
7.90395
6.96462
6.65179
9.47832
7.45389
7.67089
8.46486
7.58809
9.43094
6.46421
7.15381
6.39267
6.88054
6.42989
6.47986
5.44827
8.08986
5.84426
7.72978
6.03113
5.29311
9.931
7.3592
6.35789
7.02814
8.16017
9.35009
6.51096
6.31441
5.96032
6.71775
6.60609
8.40698
6.66748
6.2317
7.33419
6.70105
8.56491
7.00764
6.48475
8.1603
6.00464
8.09187
6.68765
7.0336
6.52315
6.90658
6.28562
6.01882
7.67787
7.8336
7.16898
6.64576
8.82168
6.64828
8.90703
7.33425
6.55862
8.37223
6.94053
7.99935
6.3543
5.42816
8.46299
6.17171
7.23129
5.75648
7.88383
6.64611
5.9277
8.10901
6.13515
9.05344
8.5002
5.21998
6.31224
6.91447
6.89402
8.21514
7.48072
7.07987
6.43189
8.66626
7.14366
7.38505
7.45606
6.49573
6.21586
6.63103
6.77125
6.57316
9.19587
6.62603
7.29227
6.46416
8.42522
6.17808
7.42457
7.55174
6.46698
5.86955
6.66184
6.36697
7.26511
7.0763
6.16883
6.47854
9.36489
8.12802
8.51534
6.00659
5.685
8.23531
6.36385
8.11074
6.61563
6.55879
5.77806
6.91772
6.48901
7.27459
5.89284
9.73518
6.59296
7.35142
6.72013
6.52268
7.8555
6.1693
7.36395
6.11677
7.57088
7.20436
6.42882
7.82801
9.66725
8.81828
7.99473
6.69264
8.18323
6.26159
8.17444
8.28188
7.24435
7.05238
7.1298
6.64808
6.26313
6.09323
7.37055
6.40308
5.7048
7.2619
6.57916
6.86035
7.13708
6.77682
6.1899
6.83118
5.70948
7.29233
7.36767
7.79954
5.93434
6.47417
6.81423
6.56254
6.80031
5.58557
6.87331
10.1061
6.90699
7.41579
5.8233
6.61742
6.88585
6.47244
7.44716
8.65432
7.30263
6.77994
7.70798
7.02843
6.40475
7.69649
6.77845
6.32249
6.83193
7.10667
7.86427
7.71464
7.19339
6.73301
6.75473
6.00612
6.22626
7.06688
6.086
6.54228
6.83717
5.45162
8.33304
6.67235
6.69565
7.15309
8.39805
6.11759
6.49705
7.62453
7.37425
7.22823
7.4094
7.64322
8.41164
8.64782
7.66926
6.59089
6.33352
7.90955
7.69669
6.63248
5.50846
6.12716
6.32249
8.38746
6.77084
7.52927
6.41055
5.99606
6.70726
7.49679
6.66555
8.96794
6.2423
8.07171
6.03171
7.09529
7.47248
6.31236
7.10871
7.86425
9.08834
6.76545
8.82446
7.03633
6.22604
6.61166
8.00681
6.28175
7.37178
7.19494
7.24738
7.19661
6.58911
7.91919
8.3267
6.62795
7.40953
7.6506
7.61314
10.7821
7.30318
6.68808
5.93458
6.90519
7.48251
10.0386
7.43008
6.95609
6.79571
6.3657
6.84696
6.89119
5.8524
7.81767
7.24974
6.5543
7.64402
6.63446
8.64954
5.68443
6.54376
5.96208
7.14754
7.12146
7.03867
5.96903
9.74306
6.39027
7.65414
6.35008
6.01607
6.84384
7.03353
7.08292
7.49594
