5.10538
5.06631
4.25684
5.17871
4.92364
4.61412
5.4994
5.02987
4.98135
5.98998
5.73176
5.49267
4.97732
4.56541
5.21931
4.96374
4.89486
4.3539
4.87772
4.65571
4.49334
5.02321
5.18507
5.6099
5.28738
5.08229
5.17458
4.82838
5.47774
5.51334
4.57007
5.82948
5.60152
5.12931
5.66034
4.88001
4.66907
5.05325
4.58805
4.9609
5.37922
4.60032
4.44232
5.36936
4.63473
5.50567
4.70443
7.09185
4.89396
5.47107
5.79934
5.20442
4.35835
5.64854
6.06378
4.9783
4.92068
4.31257
5.15083
5.06079
4.98597
5.19096
5.00167
6.02604
5.05612
5.69268
5.60399
5.18975
5.89974
5.49738
4.83686
5.48346
4.44884
5.64076
5.38278
4.99289
5.23325
6.69063
7.66882
4.97817
4.78617
5.21907
6.52702
5.13021
4.76425
5.11192
5.28984
5.26188
5.32517
5.0961
4.90288
5.42304
5.02421
5.5894
5.01553
5.07348
5.76763
5.58215
5.13414
5.09156
4.75564
5.82932
5.50692
5.69524
4.68763
5.21837
5.66197
5.08175
5.6969
5.36494
5.17088
4.6522
5.21584
5.07107
4.84135
5.62047
4.80513
4.58388
6.40938
4.94528
6.70085
4.55903
5.16584
4.60846
5.70276
5.34722
5.52704
5.74194
5.46702
4.66202
4.77745
6.18116
5.37816
5.14414
5.23963
5.22158
7.08159
4.786
6.37315
4.46653
4.58252
4.7915
5.25868
5.14015
5.10224
5.4095
5.11548
5.42606
4.6232
5.0589
4.97349
5.3798
4.98568
5.21389
5.61691
4.80502
4.5592
4.78182
4.73851
5.69111
4.43343
5.63094
6.49054
4.63902
4.49711
4.31517
5.08353
5.1385
4.74145
5.59981
5.5638
4.4791
4.61373
5.53726
5.37382
5.09986
5.37949
4.96909
5.26296
5.82938
5.1235
6.00255
4.95105
5.48993
5.15481
6.93356
5.69153
6.48082
4.69572
5.11617
5.35756
4.87008
5.04477
5.11925
8.26457
4.63655
5.86196
6.06484
5.01277
5.19955
4.75485
5.7682
5.18183
4.84636
5.17762
5.77344
4.80568
4.94218
5.02242
5.1433
5.0863
4.68423
5.00706
5.03177
5.5949
6.43798
5.11763
4.65986
4.04265
5.0236
4.66392
5.1775
5.05353
5.22611
5.63243
5.91106
5.14958
5.39957
5.32512
6.43635
4.89857
4.48709
4.89775
4.36659
6.46686
5.43219
5.43879
5.32251
4.98452
4.56068
6.18087
6.37239
4.67097
4.97057
5.50031
5.26478
5.17832
5.32877
5.50966
5.1708
5.93988
4.45378
5.80672
5.77197
4.73985
5.39906
5.20062
5.30764
5.5922
4.79188
5.15629
4.86032
4.83916
6.34729
5.34742
6.0594
4.53323
5.1015
5.10886
4.76975
5.78233
5.14454
5.39624
4.9695
4.72348
6.18042
4.69206
5.07933
4.42514
4.74816
4.75196
5.32005
4.26738
5.35142
5.9082
5.48061
4.99526
4.73803
4.70791
4.60025
5.20295
4.76803
5.01378
5.05468
4.91145
4.62752
4.85457
5.89962
5.83162
4.26005
5.00547
6.782
4.82771
5.04127
4.99482
5.28853
6.24546
5.59809
5.03453
5.94706
5.21814
5.74538
5.48442
5.57544
5.188
5.23539
6.40217
5.02732
4.92807
5.0265
4.96762
4.54612
4.9991
4.94439
4.79516
4.48035
4.99524
4.59597
5.24752
5.34248
4.96005
5.30163
5.50792
4.43677
4.8705
5.03106
5.24259
4.91676
5.28018
4.43563
5.38539
7.54404
4.63962
5.07817
4.79697
5.30376
4.87452
5.26809
4.47867
4.85798
4.9082
5.73672
5.28728
4.91107
4.81913
5.17466
5.08232
4.93122
7.07298
5.13336
5.25301
5.76271
5.40079
4.65131
5.57788
5.43627
4.73249
5.02645
5.17872
6.64742
4.58052
4.98703
5.26928
5.40522
6.85008
4.58173
5.01929
5.53286
5.77088
4.72811
4.89318
5.39861
6.15823
5.39742
4.61552
4.61246
5.24143
5.37514
6.92194
5.55258
4.9067
4.7326
6.59315
4.24603
5.13879
4.64784
5.17
4.64914
5.00283
5.33288
4.62591
4.98527
5.54639
5.12576
5.06967
4.76959
5.02671
4.6735
5.59438
4.53781
5.67246
5.12033
5.55518
5.22033
5.06764
5.07308
5.00219
5.05411
5.42083
5.16296
6.12871
5.24556
5.3961
4.99607
5.05159
5.26852
5.17093
5.814
5.82534
4.8368
4.35738
5.27549
5.28844
4.63946
5.24357
4.93364
4.72956
5.06706
5.24972
5.96589
4.94459
4.72894
5.5628
4.90679
4.67869
5.44623
5.21322
5.7664
5.16979
4.82522
6.03635
5.32071
4.65796
4.8268
7.20335
5.56141
5.13339
4.65016
5.82968
4.92403
4.57107
4.97283
5.63275
5.86298
4.75604
5.27808
5.52305
5.04202
7.14765
4.70702
4.92935
4.68855
5.16851
5.17801
4.5057
6.19425
5.51209
5.09356
5.13007
4.96014
4.46565
5.27754
5.03392
4.84811
6.28891
5.91408
5.64327
6.39057
4.90452
5.58821
4.51509
4.4394
6.145
5.98025
5.25026
4.51372
5.41282
5.07068
4.77145
5.43464
