4.49862
3.90377
4.16229
3.48918
3.72076
3.81292
4.33409
4.37018
5.00848
4.51699
4.44101
3.1906
3.6845
3.8897
4.52261
4.72458
3.71907
3.79168
4.87972
4.56381
3.72593
4.46498
4.20314
4.51311
2.87703
5.35033
4.71244
3.58023
4.14262
4.05818
4.59404
3.86321
4.59325
4.35241
4.19107
4.07568
3.92819
4.22475
5.15842
4.39534
4.34284
4.55096
3.90339
3.98463
3.82306
4.98965
3.93093
4.44664
4.44602
4.20454
4.6675
4.45692
4.31444
4.12699
3.91779
4.43574
3.97963
3.89012
3.55979
3.97906
4.66506
4.82976
4.62206
3.1214
4.97321
4.47932
4.03714
4.48389
5.26364
3.90327
6.21525
4.40164
3.21735
4.84544
3.68718
4.45438
4.89025
4.78402
3.64514
4.28268
4.50886
3.56364
4.76978
3.87288
4.36734
3.98078
3.70901
6.50193
4.31891
4.13677
5.21689
4.59542
4.19153
5.91853
4.76142
3.73922
4.3185
4.18014
3.8664
3.65937
3.94782
5.10434
3.67156
4.16374
3.73596
4.459
3.95672
4.55899
4.76509
3.48536
4.17823
4.61392
3.58932
5.0044
3.53721
3.71164
4.39445
3.89013
4.27442
4.69275
3.93588
4.45751
3.77162
3.88742
4.23812
4.55848
3.5416
4.1792
4.21698
4.15917
3.99245
5.14127
4.24235
3.87197
4.92196
3.79214
4.39009
4.52362
3.87086
3.96849
3.91414
3.55934
3.93591
4.27249
4.56707
4.38322
4.5924
3.84258
5.436
4.64853
4.05281
4.05889
4.97352
4.97251
4.31212
4.56395
4.08106
4.13237
4.05363
4.52901
3.84055
3.55732
4.75141
4.31121
3.97598
4.54635
4.36279
4.10839
4.46995
3.76614
3.81486
4.16463
3.78085
5.05501
4.65537
3.68363
3.78726
5.95294
3.80877
4.03919
4.02135
4.10085
5.3605
3.98716
4.28255
4.06731
4.50942
4.08929
5.2496
4.29701
4.7736
3.65133
3.72157
3.94726
3.71791
4.61071
4.0362
4.43224
4.42407
4.02248
4.68064
3.95209
3.98706
4.90819
3.96684
3.52307
4.27381
4.63057
5.24616
4.34187
4.30353
4.65532
4.19622
3.83834
3.71385
4.15395
4.13681
5.17601
3.7333
5.20593
3.70392
3.66065
3.92539
4.50133
4.26423
4.48768
4.19393
3.72545
4.57064
4.44113
4.6383
4.18537
4.11204
3.40134
3.92027
4.71485
3.84127
3.62874
3.87216
4.14307
3.97236
4.79397
4.23664
3.55252
4.53664
4.80557
5.43273
4.8835
3.95754
3.91731
4.60515
4.00991
4.33418
4.50159
4.48858
4.68313
3.96524
4.45528
4.3309
4.4178
3.1129
3.99814
4.77036
4.51616
3.73151
4.18887
4.32119
4.7375
4.54332
4.51582
4.4469
5.13447
4.00584
3.54168
4.45235
3.72051
4.70552
3.8223
4.59882
3.87376
3.46074
4.09252
4.1053
3.91811
4.46466
4.62263
4.44897
4.98041
4.42641
3.99105
3.81787
3.54318
4.35842
3.90853
4.07487
3.78119
4.29429
4.42512
6.96274
4.54591
4.35266
4.0367
4.31814
3.59488
3.99395
3.97976
4.6909
4.39153
3.52832
4.8645
3.52287
3.79531
3.86892
3.60425
4.05628
4.16569
4.27972
4.71415
4.36373
4.31225
3.46363
4.88207
4.16392
4.27427
6.48622
4.89417
4.70878
3.86112
3.93814
4.4552
3.67957
5.28128
3.79971
4.00632
3.75099
4.69817
3.61962
3.98202
4.44018
3.58517
5.33317
4.27696
3.83851
4.03432
5.58584
4.36054
4.18929
4.73072
4.27771
4.55853
3.84412
4.03493
3.73045
4.43462
4.14669
3.4402
4.77361
4.18979
3.7093
4.03264
3.77473
4.98948
4.50144
3.8218
4.57755
3.74238
3.82525
3.91771
4.03087
3.88997
4.01821
3.96845
3.44096
5.52259
3.41738
3.50417
5.3984
3.55195
4.3451
4.17547
4.0415
4.32076
3.83245
3.41461
5.10373
4.83583
4.15829
4.46108
3.70333
4.42645
3.98098
3.60534
4.47301
4.40342
4.57006
3.9028
4.61956
4.87371
3.39072
4.14358
4.38582
4.40788
4.03897
4.11177
3.85969
3.55432
4.58939
4.26337
4.32405
3.89074
4.54771
3.75873
4.7045
4.15484
5.38903
3.56406
3.90411
3.88391
4.54461
4.99396
4.28659
3.88836
4.56779
4.31338
3.56319
4.05756
5.80076
4.38219
5.60752
3.42263
5.88284
4.47061
4.57171
4.35669
4.16686
4.58342
3.90634
3.64419
4.6409
4.33909
5.31906
3.9492
4.20839
3.94706
4.48022
4.52074
3.6663
4.05028
4.13362
4.68779
4.66446
4.39818
4.871
3.83538
3.71472
3.60022
4.51231
3.53896
3.83458
3.99996
4.90042
4.24504
4.44841
3.83954
4.56793
3.60616
3.59571
4.78066
3.7921
4.41949
3.56349
4.27351
6.93304
4.41363
4.72532
4.68839
6.2084
3.91725
4.16573
5.546
4.69149
3.69766
4.60031
3.99558
3.89021
4.38905
4.54017
3.87039
4.11029
5.22951
3.83892
3.41334
3.84441
5.09522
4.36383
5.13401
3.48709
3.97604
4.14484
3.77823
