2.76883
3.18447
2.62263
2.47944
2.56326
2.30351
2.83014
2.745
3.30048
3.26736
2.84996
2.36786
2.42572
3.26452
2.84798
2.76896
2.64777
2.74984
3.37576
2.97629
3.47062
2.31074
2.99447
2.59426
2.64739
3.92174
3.30114
3.39782
2.25645
2.03134
3.20173
2.63484
2.74304
3.14612
2.97156
3.21189
3.31668
3.06973
3.19213
2.73002
3.05642
3.15056
2.49237
2.90155
2.40839
2.96311
2.7929
2.41258
2.51423
3.0327
3.36696
3.2427
2.12412
2.73136
3.62127
2.39079
2.72782
2.19086
2.85469
2.91025
3.19405
2.51076
1.96373
2.61501
3.57217
1.62365
3.98487
3.29533
3.04628
2.35383
2.70643
2.20397
2.57575
3.11902
2.64335
2.71174
3.11908
3.16244
2.38735
2.78178
2.39564
2.47408
2.45919
2.84559
2.48702
2.66023
2.97445
2.79988
2.46657
3.24206
2.91212
3.44663
3.25896
2.78866
2.80135
2.69063
3.02231
3.11379
2.64463
2.31229
2.74587
2.77216
3.06715
3.07114
2.8629
2.96625
3.51126
2.92039
2.84042
3.26567
2.81806
2.76797
2.84597
2.5715
3.03642
2.3149
2.52269
2.64644
2.62665
3.2125
2.94274
3.14418
2.5662
2.41479
2.61465
2.58355
2.57673
2.08101
2.61903
2.44229
3.15531
3.02256
2.55627
3.37277
2.43394
2.8472
3.36396
3.17997
3.21464
3.12629
2.13123
2.1875
3.14816
2.54952
2.27225
3.27766
2.47852
2.38212
2.68387
3.48995
2.09204
2.09447
2.77544
3.22764
2.98505
2.53031
3.00395
2.99512
2.28306
2.4844
2.19925
2.62117
2.57059
2.54085
2.57661
3.38845
3.87228
2.7951
2.26768
3.76814
3.76873
3.08541
3.37121
2.53118
2.92157
2.85773
2.21164
2.97422
2.70976
3.1646
2.22245
3.09989
2.1723
3.09346
2.60525
3.18147
2.79372
2.39232
2.40362
2.65458
2.92566
1.76833
3.05923
3.20607
3.14572
2.45897
2.46081
3.615
2.63677
3.70639
2.45534
2.31677
2.63632
2.96562
2.80406
2.98539
2.47018
2.90562
2.80351
3.03519
3.09142
3.17287
2.51922
2.53302
3.2885
2.71949
2.44804
2.64195
2.45671
2.23557
2.45219
2.29544
3.38128
2.67781
2.11583
4.01057
3.08437
2.35459
2.76167
3.61255
3.33065
2.73735
2.64576
2.33866
2.55684
2.61719
2.97824
3.04669
2.5811
2.41235
2.97093
3.16471
2.80567
2.72122
3.37462
2.41869
3.22673
2.92236
2.42094
2.83446
2.6779
2.80967
2.83107
2.65686
3.16782
3.12823
2.71306
3.21012
3.04474
3.29039
3.10352
2.58707
3.37448
2.89979
3.89685
2.52239
2.31413
2.97784
2.15383
2.66778
2.46644
3.27884
2.9707
2.46738
3.50272
2.7131
3.8314
2.85635
1.88303
2.3239
3.32629
3.32083
3.02109
2.82579
2.3884
2.59717
3.16452
2.67913
3.54627
3.35377
2.43854
2.29718
3.1154
2.94216
2.56346
3.10364
2.53016
3.09486
2.70616
3.21404
2.50327
3.48709
2.91536
2.89437
2.34782
2.56517
2.62674
3.10937
2.93507
2.652
2.40146
2.82894
3.06563
3.31148
2.33875
2.62113
2.45677
3.02109
3.36449
2.61548
2.64752
2.40659
2.28595
2.83133
3.08247
2.43532
3.15057
2.51937
2.89185
2.72334
2.95334
3.42983
2.41113
2.95814
2.74182
3.53962
2.66349
2.93298
3.3983
3.34554
3.01247
2.93772
2.67793
3.69778
2.56981
2.98245
3.11869
2.76631
2.63128
2.87783
2.45677
2.28204
2.4371
3.1714
2.09187
2.28009
2.93466
2.64899
3.1586
2.78973
2.41628
2.56145
2.50176
2.13721
2.9693
2.36011
3.64601
2.7002
2.49567
2.76158
2.39599
2.72701
2.23337
2.52555
3.37823
2.7638
3.23721
2.4649
2.59982
2.67551
2.38655
3.21675
2.64267
3.13142
2.5143
2.96332
3.06305
2.83822
2.68449
2.75635
2.62821
2.86343
2.93916
2.53963
2.74496
2.84978
2.85823
2.88559
2.35649
2.42703
2.65805
2.2055
2.66132
2.97855
2.35513
3.83069
3.14358
2.49414
3.06458
2.33954
2.79378
2.62912
2.56762
3.13771
2.86241
2.8254
2.88466
2.64312
3.37366
3.1536
2.97566
2.32096
3.24323
2.71971
3.05
2.21509
2.65024
2.93424
3.22772
2.84779
2.91166
2.53878
2.38732
2.95346
3.09259
2.48337
2.71667
2.24996
3.18852
2.40111
3.27854
3.27916
2.70777
2.68757
2.70502
2.84453
2.78195
3.74407
2.82183
2.44986
3.05516
2.70951
2.49903
3.21876
3.01424
2.9858
2.93351
3.05364
2.81502
3.10975
3.07492
3.11632
3.65044
2.85498
3.69693
3.35617
2.80802
2.55354
2.66199
2.65331
3.00325
2.68124
3.11757
2.57571
2.94156
2.42775
2.48452
2.16099
3.34578
3.30407
2.86977
3.1
2.5123
2.78225
2.31884
2.5505
2.47237
2.98076
3.08191
2.84306
2.29443
3.5132
2.51438
3.20875
2.69671
2.43514
3.1261
3.2163
2.46437
3.0741
