3.91971
4.64585
3.86247
3.58694
3.7032
3.34452
4.41225
3.79633
5.16703
5.07588
3.94977
3.55601
3.50548
4.93367
4.29627
4.01143
3.90921
4.00523
4.72715
4.21005
4.78595
3.338
4.2214
3.80563
4.0146
5.76548
4.7104
4.93044
3.7599
3.46212
4.60729
3.5678
4.49309
4.20819
3.93737
4.26432
4.92819
5.01907
4.86846
3.94076
4.67626
4.35953
3.78261
4.25425
3.50296
4.64962
4.21461
3.4209
3.56808
4.23695
4.90106
4.73572
3.06119
4.1941
5.04541
3.48532
3.85872
3.13697
4.17587
4.26102
5.03939
3.94405
2.89267
4.11667
5.17
2.65208
5.55982
4.83106
4.22454
3.22343
4.10081
3.07734
3.55232
4.20661
3.91119
4.3237
4.80982
4.48767
3.89919
4.10594
3.99197
3.62125
3.39498
4.10508
3.50878
4.0384
4.24744
3.71979
3.73253
4.93861
5.38428
4.97822
5.41009
3.904
3.94068
4.61707
4.65061
4.93966
3.95763
3.53174
3.94318
4.3489
4.66207
4.50491
4.17478
4.11711
5.0013
4.17636
4.06799
5.34395
3.9417
4.84542
4.24774
4.05382
4.31909
3.37038
3.78049
3.53539
3.68081
4.55097
4.45893
4.54904
3.84011
3.40234
3.96782
3.81341
3.71136
3.00419
3.64259
3.83111
4.19978
4.21399
3.59212
4.82918
3.42949
4.24278
5.08894
4.67452
4.69153
4.61532
3.04847
3.15207
4.69372
3.80805
3.36913
4.57626
3.47929
3.64601
3.68394
6.59034
3.13656
3.16037
4.37544
4.69959
4.51236
3.76715
4.42419
4.56452
3.06679
3.45521
3.41158
3.92117
3.55741
3.68987
3.79244
5.22823
6.19863
4.2516
3.30628
5.55706
4.93315
4.70497
4.94298
3.67814
4.3229
3.95645
3.17051
4.21784
3.80084
5.2377
3.15513
4.19331
3.03836
5.26509
3.83176
4.37241
3.93337
3.43828
3.37164
4.03839
4.05455
2.96985
4.18776
4.82922
4.31732
3.34698
3.47093
6.12571
3.60742
5.84037
3.74803
3.1627
3.86388
4.08196
4.43852
4.26427
3.82264
5.41034
4.45772
4.5521
5.11359
4.76133
5.63839
3.81099
4.65918
3.77516
3.85151
3.80424
3.72376
3.22951
4.16097
3.23739
4.79004
3.68157
2.95169
6.40048
4.35289
3.4386
3.91497
5.41544
5.50441
3.8975
3.77679
3.41199
3.70361
3.84004
5.10707
4.23256
3.68927
3.7304
4.0961
4.94332
4.22898
3.77961
5.26106
3.39097
4.76909
4.08808
3.70015
3.91085
3.77915
3.84514
3.76358
3.98217
4.65943
4.40031
3.84324
4.82436
4.27016
5.26728
4.543
3.5946
5.13638
4.20794
5.36142
3.82358
3.21501
4.7456
3.15745
4.37853
3.47392
4.8316
4.2468
3.46122
4.97121
3.78221
5.64194
4.83549
2.81824
3.57458
4.71424
4.3513
4.5883
4.33979
3.91348
3.70962
5.5474
3.91098
4.79975
4.69585
3.51301
3.2815
4.18173
4.12922
3.62438
5.3438
3.56678
4.50239
3.74476
4.73913
3.5561
4.88686
4.26159
4.04618
3.44327
3.80441
3.7013
4.50963
4.20152
3.6983
3.57991
5.0738
4.68672
5.13155
3.37172
3.63929
4.07182
4.12532
5.02324
3.87966
3.93017
3.34908
3.37172
3.91808
4.26036
3.45366
5.94288
3.65516
4.27374
3.96553
4.11582
4.8509
3.49362
4.28377
3.74769
4.9623
3.86295
4.12967
4.88019
5.26741
4.85257
4.58624
3.82064
5.17415
3.66099
4.65878
5.2018
4.24545
4.14109
4.35238
3.7436
3.23863
3.38454
4.62316
3.26249
3.19621
4.37879
3.88103
4.55777
4.25027
3.67966
3.73698
3.64632
3.04787
4.28614
3.8772
4.98654
3.6651
3.57886
4.15803
3.45427
3.97342
3.15205
3.79389
5.7691
4.20728
4.527
3.40541
3.91741
3.91631
3.62186
4.79353
4.1763
4.58945
3.93919
4.68173
4.43304
3.88272
4.3118
3.94899
3.81135
4.10532
4.29549
3.95368
4.02924
4.2536
3.95102
4.17408
3.36621
3.47543
4.04007
3.29348
3.76102
4.13427
3.27918
5.48328
4.2755
3.71067
4.36222
4.38887
3.79938
3.71338
3.77728
4.46179
4.12363
4.18974
4.29347
4.25464
5.23157
4.92979
4.0704
3.36945
4.76865
4.25082
4.24496
3.02568
3.75725
3.96478
4.91119
4.15646
4.35564
3.74289
3.3629
4.16026
4.47483
3.6582
4.56086
3.26007
4.89178
3.46859
4.61014
4.64561
3.83927
3.93772
3.99771
5.19908
4.00363
5.73519
4.20643
3.57223
4.29924
4.43185
3.57971
4.70703
4.36673
4.18334
4.26727
4.13058
4.18693
5.05796
4.28648
4.5737
5.09377
3.86106
7.03001
4.78607
4.14164
3.58838
3.73695
4.16706
6.01991
4.01642
4.30575
3.80537
4.13852
3.61192
3.63215
3.15074
4.95561
4.73197
4.05993
4.61069
3.79659
4.58657
3.20869
3.67721
3.52746
4.19835
4.31131
4.05262
3.36117
5.91456
3.5614
4.64286
3.80189
3.51633
4.35104
4.52501
3.60011
4.44401
