2.47355
2.39267
2.39627
2.54565
2.30671
2.41985
2.29257
2.66826
2.5851
2.71533
2.40753
2.44498
2.37062
2.4327
2.49326
2.28213
2.62324
2.42092
2.52671
2.52303
2.53384
2.42406
2.40977
2.535
2.70625
2.1188
2.42947
2.22294
2.73718
2.46301
2.26638
2.57149
2.42443
2.6027
2.467
2.2838
2.23191
2.54897
2.70218
2.6539
2.20115
2.40154
2.39126
2.30808
2.22678
2.49725
2.28316
2.39521
2.63709
2.63528
2.33843
2.55629
2.76017
2.39969
2.40978
2.96052
2.75662
2.53174
2.31308
2.77883
2.22804
2.41872
2.48347
2.725
2.53341
2.58128
2.68859
2.52511
2.36225
2.51148
2.3406
2.58897
2.40167
2.85309
2.46692
2.32916
2.68921
2.58583
2.25565
2.15368
2.47616
2.88829
2.44577
2.56697
2.34888
2.41005
2.58311
2.59036
2.59122
2.51866
2.33436
2.57758
2.46515
2.69424
2.54538
2.56016
2.30213
2.63421
2.50395
2.48443
2.32756
2.77304
2.42618
2.54556
2.43142
2.31703
2.54956
2.30265
2.51905
2.54378
2.53598
2.39664
2.60701
2.44038
2.47781
2.47706
2.88082
2.45494
2.26279
2.71348
2.44267
2.67253
2.37053
2.79893
2.52231
2.39571
2.96574
2.14588
2.83586
2.47249
2.50539
2.61837
2.6185
2.38188
2.62947
2.50229
2.65118
2.64537
2.58279
2.48992
2.55685
2.59036
2.59581
2.68607
2.58784
2.56891
2.56597
2.58419
2.4024
2.78684
2.48343
2.26323
2.71845
2.51517
2.673
2.64827
2.45947
2.63787
2.56662
2.6731
2.58016
2.3015
2.41316
2.41003
2.63721
2.61102
3.29778
2.7044
2.49971
2.51517
2.56038
2.60358
2.40339
2.50269
2.27324
2.35433
2.4282
2.71983
2.47551
2.90231
2.43553
2.28961
2.60211
2.24348
2.49986
2.60011
2.48144
2.39328
2.39723
2.25792
2.61495
2.40677
2.92777
2.53172
2.53632
2.52437
2.43456
2.47522
2.69124
2.51601
2.28448
2.57506
2.3761
2.64769
2.60458
2.71606
2.48857
2.52638
2.63667
2.56534
2.48649
2.47741
2.43686
2.53352
2.48895
2.53094
2.39383
2.70292
2.45729
2.71356
2.35008
2.6448
2.40852
2.62323
2.64721
2.16377
2.58082
2.89024
2.18328
2.91144
2.62486
2.68555
2.26002
2.27521
2.42172
2.45134
2.24897
2.18378
2.32643
2.43863
2.16748
2.62362
2.34657
2.49039
2.49788
2.53169
2.27786
2.65917
2.47714
2.22059
2.25836
2.68551
2.3256
2.52222
2.64263
2.63968
2.19669
2.52685
2.50485
2.46508
2.29113
2.30259
2.40409
2.56956
2.47118
2.65347
2.56832
2.6255
2.39065
2.42023
2.86093
2.24703
2.35975
2.3209
2.59068
2.37415
2.71383
2.51317
2.397
2.50294
3.06412
2.30017
2.68103
2.64233
2.61652
2.40704
2.80258
2.68151
2.57979
2.91337
2.43582
2.33235
2.55517
2.65472
2.34336
2.66267
2.33437
2.15477
2.42191
2.62944
2.75821
2.776
2.51276
2.48494
2.65692
2.301
2.50055
2.34867
2.7945
2.37325
2.58191
2.35624
2.38835
2.42597
2.53177
2.40969
2.56618
2.35179
2.84802
2.12374
2.35689
2.65303
2.49871
2.44951
2.56825
2.45352
2.54928
2.61882
2.47859
2.24375
2.57839
2.8413
2.12359
2.49153
2.48258
2.28358
2.39394
2.49968
2.66834
2.69666
2.466
2.50076
2.37653
2.48975
2.45037
2.58505
2.22551
2.32358
2.60142
2.47554
2.3929
2.37049
2.47736
2.55949
2.57035
2.43575
2.54392
2.47819
2.47975
2.43294
2.31725
2.32012
2.43229
2.52217
2.45733
2.64059
2.56875
2.52773
2.49335
2.58584
2.38379
3.00301
2.42716
2.41419
2.28182
2.37237
2.49906
2.40212
2.21899
2.64802
2.79033
2.83028
2.41978
2.73321
2.65884
2.54246
2.61064
2.40203
2.50348
2.31519
2.50602
2.57558
2.4274
2.58083
2.34937
2.56857
2.60428
2.6529
2.09852
2.08563
2.57212
2.39762
2.15831
2.31413
2.54993
2.61509
2.73887
2.58683
2.54794
2.54723
2.54611
2.41787
2.43918
2.62664
2.363
2.40811
2.44707
2.56235
2.47515
2.43456
2.43128
2.58607
2.64917
2.26903
2.49856
2.46718
2.36389
2.39005
2.32095
2.44761
2.33503
2.63735
2.82564
2.5446
2.52899
2.7677
2.24661
2.66354
2.42884
2.40761
2.43043
2.37813
2.45653
2.41427
2.55102
2.34527
2.32073
2.41372
2.35522
2.60918
2.69403
2.72249
2.58441
2.32446
2.44952
2.64142
2.54462
2.68672
2.35508
2.90149
2.51566
2.61106
2.18494
2.61244
2.32046
2.6476
2.29817
2.35606
2.61739
2.53785
2.22878
2.88889
2.50158
2.42517
2.33178
2.28243
2.20186
2.52362
2.48262
2.62146
2.40163
2.36979
2.21113
2.36965
2.43754
2.51353
2.63997
2.33615
2.41049
2.6732
2.43363
2.53444
2.3945
2.37304
2.51362
2.43209
2.70569
2.50913
2.43582
2.45464
