6.73538
7.82343
6.76144
6.1967
6.48299
6.05178
8.0884
6.47293
9.08396
8.73852
6.57712
6.3587
6.20334
7.82461
7.31124
7.00222
6.75326
6.67773
7.37718
6.84847
7.49602
6.57718
6.92455
7.03689
7.23407
8.84626
7.55044
7.70876
6.80406
6.69323
7.28537
5.96468
8.12896
6.55455
6.28755
6.75578
7.87233
8.93478
8.37204
6.47074
7.97424
6.79691
7.14541
7.50385
6.10156
7.75961
7.00612
5.71825
6.66665
6.88998
8.62464
8.07821
5.54024
8.0488
8.3364
6.53969
6.57717
5.97176
7.17415
7.50191
8.81605
7.16544
6.25888
7.67151
8.3768
5.41827
8.72829
8.33725
6.74294
5.77773
7.76678
5.51569
6.13846
7.0018
7.32229
7.59744
7.74003
7.84491
7.8228
6.90605
7.98309
6.73107
5.74316
7.40814
6.18016
6.75481
7.41913
6.13705
6.78841
7.53691
9.62226
7.75773
9.33079
6.63536
6.79788
8.78624
8.02353
9.54878
6.60106
6.82923
6.59833
7.93463
7.49
7.39522
7.50958
6.96968
8.30413
6.9905
7.68969
9.14254
6.86265
9.02082
7.27256
7.36575
6.63904
5.81933
6.58869
5.95901
6.39777
7.45945
8.10112
7.50906
7.08372
6.37802
7.1606
6.92712
7.27292
5.82338
6.34983
6.79429
6.60255
6.81077
6.52808
7.90801
6.11837
7.32916
8.26372
7.8131
7.56772
7.77096
5.71887
5.71395
8.06143
7.17635
6.27501
8.04045
6.03311
7.36379
6.62519
10.5415
5.80808
6.80299
7.80014
7.88004
8.01147
6.71858
7.87485
7.88842
5.23738
6.24455
7.79526
7.22852
5.94478
6.38941
6.75814
8.81074
9.73892
7.74635
5.92941
8.88254
7.82328
8.7972
8.15066
6.58659
7.34369
6.67907
5.99176
6.72412
7.0191
8.98775
5.53252
6.72581
5.4188
8.60148
6.79754
7.16927
6.34578
6.40961
5.95258
6.97241
6.59037
6.67339
7.02444
8.00833
6.99685
5.66935
5.94241
10.1385
6.40891
8.63885
6.39439
5.37348
7.84422
6.90659
8.05453
7.11438
6.80299
9.62129
7.60756
7.82292
8.61152
7.74198
9.55225
6.62733
7.30858
6.57201
7.04663
6.59525
6.64352
5.61017
8.24687
6.02744
7.8811
6.18047
5.46903
10.0693
7.5254
6.5293
7.20122
8.31937
9.491
6.68307
6.47551
6.12866
6.87848
6.77714
8.54273
6.829
6.39274
7.50233
6.87818
8.70835
7.16462
6.65465
8.30848
6.18582
8.25134
6.86037
7.20049
6.68998
7.07884
6.46596
6.19286
7.81793
7.98101
7.32257
6.80405
8.972
6.80641
9.06025
7.48119
6.73403
8.52682
7.11401
8.16111
6.52452
5.58651
8.6125
6.35114
7.37465
5.91928
8.04135
6.80325
6.09287
8.26771
6.30485
9.20264
8.65304
5.39992
6.47837
7.06491
7.06416
8.37381
7.64467
7.23316
6.60539
8.80828
7.30882
7.54445
7.61593
6.66924
6.38765
6.79593
6.94453
6.74877
9.33834
6.80315
7.44751
6.6393
8.58291
6.35314
7.58109
7.71296
6.62936
6.01716
6.82726
6.52847
7.41693
7.24274
6.33957
6.64627
9.51298
8.28621
8.66526
6.1735
5.84029
8.38733
6.51793
8.26275
6.787
6.70691
5.94834
7.08326
6.65659
7.43833
6.05811
9.85032
6.76993
7.51248
6.88898
6.68982
8.01781
6.34158
7.51906
6.28196
7.7233
7.37307
6.58815
7.9839
9.81192
8.97117
8.14861
6.86338
8.33666
6.42762
8.32963
8.43608
7.40276
7.21006
7.27502
6.81995
6.44108
6.27269
7.53077
6.57321
5.88931
7.42777
6.75211
7.00698
7.30501
6.93547
6.35103
7.00406
5.89079
7.45417
7.52997
7.95788
6.09958
6.64104
6.96579
6.73523
6.94905
5.74391
7.02982
10.2471
7.06532
7.5777
5.99433
6.78055
7.05881
6.63613
7.60952
8.80339
7.46645
6.93628
7.87052
7.19707
6.57895
7.82845
6.93424
6.49837
6.98292
7.27368
8.02066
7.8721
7.33917
6.9053
6.91671
6.18769
6.39014
7.23388
6.25914
6.70022
6.99572
5.62352
8.47165
6.84819
6.85664
7.30721
8.53899
6.27786
6.66066
7.78778
7.53563
7.39618
7.57574
7.79978
8.56214
8.791
7.83043
6.75849
6.49012
8.07124
7.83257
6.78587
5.67966
6.28225
6.49598
8.54427
6.93056
7.69337
6.58293
6.17576
6.87366
7.65921
6.82422
9.12185
6.42311
8.23304
6.18725
7.24492
7.63718
6.48342
7.2787
8.02275
9.22608
6.93676
8.97445
7.1983
6.39952
6.76909
8.16453
6.45579
7.52324
7.35494
7.41345
7.36542
6.74784
8.08237
8.47318
6.78657
7.56834
7.80522
7.78134
10.9062
7.45275
6.85188
6.08634
7.06646
7.6457
10.1725
7.59968
7.1299
6.96705
6.51141
7.02129
7.05427
6.03233
7.97837
7.40064
6.72462
7.80723
6.80288
8.80191
5.85491
6.70587
6.1261
7.31779
7.28943
7.21083
6.125
9.88584
6.56597
7.81235
6.5082
6.18563
7.00578
7.20205
7.25371
7.6614
