3.5901
3.3959
4.21053
3.71801
3.4726
3.09346
3.69643
3.79499
3.83764
3.77411
3.37823
3.60538
3.48845
3.70839
3.74428
3.50809
3.04484
3.32364
3.83885
3.58477
4.16712
3.37905
4.31622
3.93365
3.53262
3.83726
4.1526
3.3656
3.56689
3.50158
3.6371
3.72116
3.4979
3.92509
3.52098
3.4954
3.56787
3.64464
3.73774
3.4459
4.47903
3.25648
3.29702
3.52337
3.63334
3.5746
3.96287
3.69984
3.36183
3.25272
3.37694
3.83989
3.71409
3.54337
3.56525
3.37597
3.66137
3.69295
3.73334
3.2233
4.04032
3.49585
3.89948
3.51576
4.42823
3.39729
3.74921
3.52229
4.09228
3.29675
3.39973
4.04455
3.13572
3.66629
3.68905
3.53136
3.7781
3.64804
3.38934
4.28197
3.48708
3.96534
3.15096
3.52985
4.09444
3.3239
3.57922
4.26693
3.64072
3.87235
3.34303
3.5695
3.26255
3.18225
3.44791
4.57772
3.52729
4.65384
3.26814
3.62339
4.24386
3.60898
3.91241
3.60439
3.15094
4.79786
3.73343
3.13718
4.47873
3.70636
3.4282
3.95702
3.29682
3.60358
3.36049
3.08302
3.58667
3.14704
3.59399
3.44837
3.28202
3.53813
3.34965
3.80708
3.70016
4.96491
3.54282
3.20835
3.06399
3.21402
3.98683
4.08766
3.25531
3.52063
3.72924
3.54747
4.15064
3.7974
4.10886
3.86281
3.63848
3.79716
4.53565
3.58168
4.14467
3.26744
4.0512
3.22812
3.05591
4.30616
3.55256
3.28863
3.80704
3.42813
2.96994
3.4578
3.5737
3.46257
3.54796
3.94498
3.53501
3.25674
4.00817
4.30118
3.84814
3.82159
3.32406
4.35616
3.47953
3.71364
3.37368
3.06178
3.7365
3.4151
3.37384
3.67474
3.19278
3.26153
3.82125
3.86487
3.85435
3.65423
4.16236
3.5913
3.42979
3.92231
3.71449
3.18733
3.14122
3.62412
3.20386
3.78531
3.46736
3.52917
3.33828
3.87512
3.68721
3.79116
3.7911
3.44105
3.98997
3.66672
3.91511
4.10748
4.28697
3.45517
3.23708
2.96514
4.13377
3.8292
3.99348
3.12682
3.09156
3.65607
3.35853
3.50301
3.30263
3.47497
3.16675
3.43757
4.36073
3.65346
4.03182
3.58787
3.36139
3.3403
3.87276
3.4007
3.14741
3.91349
4.23679
3.30763
2.9608
3.74356
3.48691
3.81845
3.83303
3.73332
3.62855
3.79824
3.44038
3.59263
3.23416
3.2871
3.32613
3.5763
3.83074
4.42718
4.53508
3.6007
3.23274
4.32041
3.21092
3.84189
3.97698
3.63138
4.16941
3.83869
3.55523
4.20237
3.59057
3.71437
4.07125
3.61321
3.68023
4.05717
3.8875
3.44718
3.55961
3.5688
3.49685
3.69495
3.57619
3.76392
3.49863
3.4684
5.39557
3.52943
3.43155
3.796
3.83708
3.42498
3.19212
3.61836
3.93007
3.79081
3.52772
3.85991
3.45678
3.52971
3.93981
3.95763
3.63038
3.38746
3.35679
3.65498
3.0592
3.54886
3.56434
3.62544
3.66605
4.24954
3.28486
3.63369
4.05028
3.78666
3.59006
3.38008
3.69886
3.8399
3.60412
3.53259
3.94242
3.34226
3.49086
3.40438
3.82529
4.14637
2.91526
3.20433
3.96506
3.22553
3.85348
3.65182
3.39846
4.01395
3.82091
3.26243
3.15311
3.44215
3.2265
3.67706
3.69663
4.10169
4.27254
3.29142
3.77767
3.5293
3.6037
3.42136
3.57992
3.75214
3.88309
3.78751
4.23565
3.74643
3.44573
3.62137
3.42007
3.79528
3.45033
3.3299
3.69045
3.83456
4.76768
3.80166
3.55391
3.84458
4.18416
4.10724
3.50689
3.91273
3.99876
3.69514
3.4857
3.4981
3.26345
3.86472
3.43177
3.10375
3.51666
3.74701
3.81132
3.14848
3.80239
3.79289
3.27043
3.41256
3.17862
3.71143
3.51295
3.64115
3.67364
3.43311
3.51747
3.74475
3.63977
3.59085
3.47313
3.69378
3.29294
3.17893
3.80824
3.47747
3.58303
3.23355
3.5014
3.64806
2.97879
3.92677
3.221
3.49189
3.62229
3.98813
3.38203
3.40738
3.43074
3.56537
3.54223
3.88624
4.08321
4.06025
3.31569
3.28198
3.13071
3.31869
3.55641
3.19568
3.15494
3.807
3.99394
3.58343
3.75039
3.57402
3.52423
4.14868
3.61
4.67116
3.65888
3.61492
3.6827
3.82168
3.55583
3.48192
4.33295
3.5117
3.72079
3.86285
3.97269
3.58672
3.56037
3.82177
4.31621
3.65026
3.3098
3.68597
3.4046
4.59906
3.5569
3.99678
3.33342
4.24432
3.84785
3.82692
3.62859
3.78171
3.4001
4.46663
4.00568
4.0382
3.5353
3.42719
3.92724
3.63568
3.45962
3.50365
3.20776
3.95015
3.06795
3.54019
3.02628
3.76625
4.48294
3.20148
3.60789
3.46975
4.36195
3.51121
3.22592
3.39412
5.27156
3.92284
3.73501
3.7323
4.0528
3.44004
3.17603
3.23504
3.7964
3.88677
3.61462
3.82453
3.75243
3.25562
3.60737
3.53956
3.91933
3.34159
3.67554
3.62129
