3.35133
3.30707
2.95368
3.44177
3.30257
3.1145
3.66705
3.03934
3.27187
3.90676
3.49183
3.59464
3.29524
2.91927
3.52518
3.23825
3.30114
2.8434
3.04941
3.03066
2.97993
3.27355
3.10727
3.20159
3.44477
3.13365
3.60006
3.12862
3.7604
3.67324
2.93295
3.78447
3.68226
3.29027
3.6242
3.26163
3.21469
3.17427
3.23715
3.30683
3.32764
3.13434
2.76896
3.34365
2.95059
3.45612
3.28038
3.47558
3.27857
3.75224
3.39845
3.47713
2.93156
3.40166
3.86385
3.23498
3.17974
2.95459
3.44479
3.35875
3.26728
3.2162
3.25311
3.9449
3.32961
3.59518
3.43392
3.35176
3.53145
3.44232
3.21187
3.38006
2.97605
3.55267
3.08638
3.18685
3.43845
3.16606
4.05442
3.04802
3.15007
3.28035
3.66187
3.45598
3.14594
3.36235
3.35131
3.424
3.59412
3.16417
3.05698
3.47808
3.33515
3.74058
3.22788
3.16369
3.40935
3.3386
3.27592
3.31854
2.99215
3.78417
3.53901
3.45191
2.97801
3.38234
3.63891
3.01457
3.71706
3.34323
3.31089
3.10369
3.38844
3.38653
3.15478
3.3399
3.16019
2.97931
4.3457
3.26391
3.78087
3.10547
3.48481
3.05438
3.91392
3.58274
3.88096
3.65141
3.64442
3.01836
3.18963
3.71026
3.34468
3.61475
3.2562
3.23889
3.44595
3.21899
3.54296
3.06172
2.99305
3.18502
3.25849
3.38634
3.5325
3.14819
3.40285
3.40749
3.09926
3.32979
3.16188
3.27893
3.22074
3.5266
3.61648
2.99392
3.1294
3.01531
3.19159
3.49955
2.90705
3.69465
3.32468
3.10684
2.98272
2.86753
3.31021
3.46179
3.10948
3.31592
3.77531
2.9699
2.96313
3.46712
3.38619
3.41446
3.478
3.28297
3.23974
3.2965
3.44116
4.0244
3.2433
3.07629
3.32672
4.12809
3.66564
3.75273
3.08001
3.42989
3.47471
3.26064
3.25896
3.32537
3.5157
3.1972
3.10129
2.97868
3.42218
3.14149
3.03529
3.59648
3.23179
3.19453
3.48263
3.25245
3.23866
3.16931
3.40033
3.15898
3.31619
3.24816
3.26418
3.078
3.7451
3.98947
3.17045
3.26813
2.58555
3.36587
3.12228
3.40812
2.98396
3.25438
3.35395
3.65405
3.39298
3.18556
3.33051
3.68315
3.47265
2.96943
3.29905
2.98591
3.48262
3.29315
3.42963
3.2579
3.13652
2.99035
3.54745
4.12749
3.01682
3.05547
3.61349
3.1815
3.42332
3.424
3.39185
3.23373
3.33122
3.02322
3.0811
3.54527
3.14047
3.67086
3.45672
3.43807
3.22442
3.25186
3.55088
3.29239
3.27745
3.99653
3.40128
3.43964
2.99991
3.42629
3.25334
3.0979
3.50791
3.29252
3.48251
3.23741
3.16632
3.97934
3.17969
3.40856
2.82035
3.06489
3.11177
3.76618
2.84525
3.18346
3.9526
3.35512
3.40439
3.08026
3.15266
3.06079
3.43809
3.1025
3.61622
3.47088
3.32061
3.04591
3.24546
3.45579
3.74438
2.8061
3.26481
3.72074
3.13023
3.02872
3.3633
3.39332
3.67183
3.5904
3.24757
3.70084
3.4068
3.66425
3.72728
3.60004
3.58869
3.23968
3.48292
3.20279
3.07861
3.24952
3.41774
3.10378
3.34906
3.22163
3.14691
2.88908
3.48207
3.23157
3.38917
3.41205
3.32869
3.49772
3.58641
2.88305
3.40653
3.29964
3.27546
3.22964
2.8073
2.83898
3.47447
3.44343
3.15646
3.35089
3.2489
3.53643
3.22331
3.31758
3.02178
3.21168
3.19419
3.67563
3.49377
3.20975
3.38203
3.34406
3.20131
3.28978
3.79521
3.10065
3.43029
3.90576
3.43353
3.13551
3.60564
3.66895
3.18612
3.12247
3.25146
3.83578
3.04102
3.2925
3.37601
3.68693
3.43391
3.02504
2.9916
3.45331
3.55038
3.05847
3.24111
3.56139
2.97421
3.4903
3.11313
3.19542
3.31451
3.14608
3.28188
3.81976
2.98597
3.1076
3.88991
2.83977
3.24849
3.19825
3.42896
3.07426
3.178
3.5476
3.14258
3.27922
3.56018
3.38161
3.24444
2.95408
3.39381
2.94319
3.3654
2.88225
3.61428
3.48837
3.28372
3.42994
3.351
3.35569
3.2188
3.11218
3.45117
3.41126
3.75366
3.35123
3.85971
3.37939
3.44764
3.53359
3.3674
3.6073
3.24505
2.99381
2.87226
3.43076
3.37513
3.18486
3.21264
3.38234
3.178
3.25522
3.3067
3.97255
3.27875
3.2206
3.58199
3.24924
3.09318
3.36022
3.51016
3.53847
3.45795
3.10571
3.37661
3.3425
3.23735
3.16479
3.50262
3.51219
3.34056
3.03177
3.74459
3.41236
3.03026
3.15698
3.70454
3.48999
3.09357
3.44006
3.60414
3.34143
3.64831
3.05698
3.29951
2.91506
3.45128
3.55652
3.02167
3.42289
3.36137
3.20543
3.32747
3.39193
2.95281
3.43455
3.42987
3.25155
3.73782
3.66371
3.95614
3.26761
3.23009
3.71622
2.98602
3.05311
3.7961
3.43266
3.2866
3.09649
3.23759
3.33535
3.25224
3.43539
