6.64136
7.73772
6.6748
6.108
6.39487
5.95798
8.00243
6.38902
9.00225
8.66159
6.49184
6.26636
6.11695
7.74176
7.22876
6.91784
6.66635
6.58729
7.28712
6.75861
7.41231
6.48326
6.83864
6.94973
7.14626
8.78351
7.47175
7.62345
6.71724
6.61146
7.19647
5.87798
8.0502
6.46791
6.19637
6.66178
7.78901
8.85434
8.28894
6.38978
7.88828
6.71511
7.0564
7.41521
6.02146
7.67937
6.92513
5.62814
6.57352
6.80287
8.54771
7.99501
5.44245
7.96562
8.25705
6.45231
6.48406
5.88596
7.08512
7.41806
8.73332
7.07999
6.16379
7.58533
8.30192
5.33052
8.64687
8.25169
6.65833
5.68855
7.68087
5.41839
6.0506
6.91117
7.23405
7.50993
7.65762
7.75906
7.75047
6.82018
7.91437
6.64622
5.65193
7.31797
6.09191
6.67232
7.33253
6.05113
6.70227
7.46129
9.54671
7.67971
9.25612
6.54837
6.70908
8.71217
7.94032
9.47082
6.51951
6.73702
6.51537
7.84905
7.40492
7.31255
7.42046
6.87587
8.21789
6.89725
7.6035
9.06473
6.77542
8.94953
7.18488
7.27816
6.55453
5.73381
6.50508
5.87629
6.30384
7.37296
8.01654
7.42743
6.99389
6.29042
7.07931
6.83916
7.18357
5.73728
6.25395
6.70206
6.50933
6.72643
6.43567
7.82859
6.0288
7.24091
8.18498
7.72862
7.48064
7.69031
5.62445
5.62909
7.97574
7.08875
6.18739
7.95577
5.94202
7.27352
6.5308
10.4712
5.71523
6.71433
7.71425
7.79642
7.92695
6.63376
7.78807
7.80775
5.1509
6.15021
7.71169
7.13763
5.85865
6.29769
6.67338
8.73235
9.66305
7.66153
5.8406
8.80127
7.74201
8.71673
8.06721
6.49652
7.25762
6.58618
5.89696
6.63232
6.92642
8.90756
5.44223
6.63347
5.33197
8.52574
6.70663
7.07829
6.2629
6.31406
5.86523
6.88697
6.52337
6.58302
6.93323
7.92425
6.91069
5.57895
5.85238
10.0637
6.31303
8.56367
6.31113
5.28882
7.75808
6.81907
7.97426
7.03394
6.72266
9.54537
7.52601
7.7419
8.53321
7.65892
9.48761
6.54047
7.22568
6.47642
6.95805
6.50629
6.55627
5.52312
8.16349
5.92999
7.80075
6.10036
5.37525
9.99592
7.43721
6.43796
7.10937
8.23462
9.41623
6.59173
6.38887
6.03829
6.79319
6.68627
8.46978
6.7425
6.30646
7.41306
6.78417
8.63224
7.08112
6.56397
8.22863
6.08896
8.16655
6.76822
7.11184
6.60144
6.98721
6.37026
6.0996
7.74361
7.90255
7.24082
6.71989
8.89224
6.72158
8.97887
7.4027
6.64029
8.44476
7.02187
8.07467
6.43296
5.50148
8.53305
6.2558
7.2981
5.83163
7.95744
6.71912
6.00406
8.1832
6.21336
9.12347
8.57194
5.30296
6.38925
6.98309
6.97386
8.28934
7.55762
7.15113
6.51291
8.73249
7.22117
7.45922
7.5305
6.57717
6.29596
6.70719
6.85254
6.65553
9.26274
6.70917
7.36452
6.54577
8.49924
6.25949
7.49708
7.62708
6.54309
5.93791
6.73912
6.44191
7.33628
7.15433
6.24785
6.5567
9.43437
8.20227
8.58526
6.0846
5.75553
8.30667
6.43392
8.18185
6.69578
6.62787
5.85792
6.99495
6.56691
7.35066
5.96965
9.78923
6.67602
7.42627
6.79938
6.59957
7.93169
6.24968
7.43591
6.19323
7.64187
7.28353
6.50219
7.90077
9.73516
8.89005
8.06694
6.77237
8.25483
6.33943
8.24729
8.35423
7.31781
7.126
7.19722
6.72855
6.34666
6.17716
7.44455
6.48293
5.79137
7.33965
6.66025
6.92803
7.21584
6.8509
6.26492
6.91232
5.79412
7.36812
7.44374
7.87339
6.01122
6.5525
6.885
6.6431
6.86954
5.65934
6.94565
10.1723
6.98108
7.49122
5.90282
6.69369
6.96675
6.54826
7.52255
8.72429
7.37951
6.85332
7.78419
7.10725
6.48609
7.75843
6.85103
6.40482
6.90208
7.18483
7.93766
7.78854
7.2617
6.81388
6.83037
6.09093
6.30179
7.1452
6.16664
6.61616
6.91116
5.53107
8.39785
6.75488
6.77054
7.22445
8.46403
6.19231
6.57307
7.70116
7.44935
7.30701
7.48706
7.71635
8.48218
8.71498
7.74415
6.66932
6.40659
7.98492
7.76045
6.70289
5.58801
6.19873
6.40289
8.46105
6.84552
7.60625
6.49138
6.0804
6.78457
7.57303
6.73919
9.04018
6.32715
8.14739
6.10437
7.16402
7.54968
6.39188
7.18845
7.93865
9.153
6.84576
8.89474
7.11224
6.30683
6.68432
8.08014
6.36273
7.44189
7.26984
7.32532
7.27582
6.66361
7.99575
8.39543
6.70135
7.48359
7.72228
7.69209
10.8404
7.37218
6.76362
6.00547
6.98089
7.55907
10.1014
7.50968
7.03733
6.87613
6.43189
6.92879
6.96764
5.93671
7.8927
7.3195
6.63351
7.72018
6.71339
8.72106
5.76369
6.61892
6.03893
7.22743
7.2003
7.11948
6.04158
9.81008
6.47273
7.72788
6.42334
6.09515
6.91876
7.11163
7.16308
7.5736
