3.77337e-06
1.19323e-06
3.35737e-06
3.24762e-06
2.20756e-06
5.13313e-06
6.72342e-06
4.77318e-06
5.51227e-06
1.99342e-06
7.89843e-06
2.27125e-06
2.18449e-06
3.36882e-06
5.67839e-06
4.18159e-06
3.493e-06
2.04954e-06
3.14524e-06
4.26995e-06
6.09502e-06
3.39746e-06
4.73023e-06
4.35057e-06
9.35395e-06
2.15397e-06
1.5726e-06
4.34592e-06
4.84947e-06
2.40799e-06
3.08502e-06
4.36953e-06
3.68675e-06
2.61062e-06
5.68249e-06
4.68539e-06
2.90328e-06
1.92955e-06
1.56614e-06
3.79741e-06
5.63527e-06
1.36072e-06
3.28216e-06
2.05207e-06
2.09797e-06
1.20624e-05
4.67111e-06
3.25999e-06
3.30107e-05
8.22457e-06
5.07721e-06
3.14335e-06
1.25738e-05
2.92513e-06
3.51242e-06
5.41284e-06
5.35513e-06
2.06774e-06
5.93496e-06
2.65717e-06
6.67285e-06
3.62696e-06
1.13515e-05
3.56348e-06
3.71487e-06
4.30788e-06
3.49535e-06
3.54826e-06
3.07032e-06
3.7166e-06
5.6092e-06
6.32576e-06
1.72848e-06
6.76398e-06
1.02858e-06
1.53556e-06
1.6802e-06
1.31371e-06
2.50461e-06
8.21229e-06
1.22691e-05
4.23473e-06
1.40174e-06
6.11521e-06
1.28996e-06
9.84139e-06
4.63308e-06
9.38738e-07
9.48008e-06
2.75081e-06
5.76777e-06
1.46881e-06
2.0983e-06
2.39229e-06
3.86475e-06
1.68025e-05
2.98684e-06
1.17376e-05
3.59444e-06
2.23305e-05
2.52155e-06
1.13965e-06
6.19681e-06
3.35138e-06
2.4647e-06
3.63381e-06
4.77211e-06
8.47055e-06
6.19196e-06
2.09928e-06
1.85804e-06
2.75037e-06
2.64859e-06
4.40636e-06
1.24765e-06
2.42144e-05
3.69434e-06
4.76946e-06
4.49573e-06
9.66844e-06
2.52676e-06
5.7163e-06
6.43753e-06
1.71551e-06
1.92124e-06
1.21623e-06
1.68495e-06
2.13559e-06
3.32383e-06
2.10396e-06
1.32225e-05
3.45023e-06
2.47769e-06
2.27073e-06
2.62892e-06
5.33701e-06
3.13431e-06
3.42001e-06
1.90124e-06
2.23773e-06
3.39578e-06
3.65336e-06
2.89213e-06
2.51363e-06
4.19786e-06
5.31089e-06
3.58829e-06
3.98424e-06
3.03802e-06
1.95785e-06
9.42171e-07
3.58562e-06
4.86418e-06
4.19166e-06
4.81928e-06
1.33107e-06
2.43248e-06
2.89621e-06
2.55577e-06
4.90248e-06
3.34903e-06
1.01913e-05
4.35254e-06
6.77522e-06
2.48053e-06
3.59038e-06
6.99886e-06
5.31106e-06
2.91008e-06
1.19312e-06
6.58924e-05
1.74643e-06
2.97993e-06
3.60558e-06
5.84769e-06
1.23873e-06
1.70418e-06
9.10145e-06
9.16051e-06
7.97755e-06
4.3201e-06
6.84654e-06
1.31225e-06
3.19552e-06
2.53678e-06
1.93011e-06
1.09842e-06
2.5063e-06
3.97737e-06
1.41861e-06
3.39693e-06
5.67717e-06
2.75966e-06
1.80534e-06
2.64971e-06
3.59192e-06
8.44409e-06
1.60415e-06
3.39381e-06
2.8792e-06
3.19067e-06
4.50831e-06
1.51674e-05
1.03764e-06
1.21328e-06
3.39733e-06
1.77641e-06
1.82203e-06
1.98965e-06
4.34116e-06
4.30158e-06
1.91008e-06
5.0631e-06
5.6739e-06
1.52901e-06
1.28434e-05
1.55448e-06
8.94156e-06
7.00336e-06
1.45023e-06
2.38209e-06
1.93101e-06
2.39976e-06
3.25802e-06
5.16861e-06
1.27529e-06
7.09351e-06
3.73289e-06
1.86425e-06
1.81074e-06
3.92164e-06
3.79073e-06
2.83129e-06
1.49399e-06
2.42911e-06
4.13023e-06
1.76469e-06
2.9369e-06
2.9988e-06
4.8585e-06
9.96192e-06
6.76983e-06
3.24992e-06
6.24375e-06
3.12045e-06
9.98403e-06
2.72312e-06
2.13201e-06
3.02052e-06
6.44979e-06
1.34877e-05
4.21158e-06
1.5652e-06
1.58041e-06
3.59598e-06
2.20755e-06
2.50352e-06
4.49107e-06
1.85784e-06
1.52051e-06
1.186e-05
1.67635e-05
1.89714e-06
2.31865e-06
4.68866e-06
5.09623e-06
4.52149e-06
9.55166e-06
2.18031e-06
3.13014e-06
4.11677e-06
8.08666e-06
1.31378e-06
3.94876e-06
3.09958e-06
4.25555e-06
2.39912e-06
2.14905e-06
8.20455e-06
1.42708e-06
3.08786e-06
5.08983e-06
3.08392e-06
1.90174e-06
3.66614e-06
2.70928e-06
2.60793e-06
1.68529e-06
2.22612e-06
2.62356e-06
1.36392e-05
9.40127e-07
2.29744e-06
5.52728e-06
1.05572e-05
1.07007e-06
2.71612e-06
7.26017e-06
7.01218e-06
2.81301e-06
2.80685e-06
2.71165e-06
2.26984e-06
2.60734e-06
5.78121e-06
2.86818e-06
1.92028e-06
1.46708e-05
4.28841e-06
6.26422e-06
5.63184e-06
4.49244e-06
2.52597e-06
3.02794e-06
2.33656e-06
2.96373e-06
7.35861e-06
3.15049e-06
2.78567e-06
2.26678e-06
4.76206e-06
2.18201e-06
1.30545e-06
4.53988e-06
2.0337e-06
5.96794e-06
1.486e-06
2.19516e-05
3.7101e-06
2.83732e-06
2.14541e-06
1.61421e-06
3.64072e-06
3.37077e-06
1.53112e-05
3.06264e-06
2.51881e-06
2.29874e-06
3.78592e-06
6.48273e-06
1.741e-06
9.23426e-06
3.30509e-06
4.98674e-06
1.24645e-05
3.70396e-06
3.66405e-06
1.81173e-06
7.33443e-06
2.34564e-05
4.12222e-06
4.41478e-06
6.65894e-06
2.29151e-05
4.53593e-06
3.32819e-06
1.15701e-05
3.01438e-06
5.91946e-06
6.95973e-06
5.01937e-06
3.82957e-06
1.31319e-06
4.80719e-06
8.44515e-06
1.99251e-06
1.89593e-06
3.12014e-06
3.80413e-06
4.96425e-06
2.76218e-06
1.97258e-06
1.88841e-06
8.62135e-06
3.13887e-06
2.3863e-06
4.51164e-06
2.78992e-06
1.52405e-06
3.27894e-06
2.13025e-06
7.08062e-06
1.75377e-05
9.10049e-06
4.81968e-06
5.57959e-06
1.46885e-06
2.97716e-06
4.9411e-06
2.06132e-06
7.89687e-06
1.8118e-06
3.17989e-06
1.48061e-06
1.2255e-06
1.04176e-06
1.4623e-06
5.95844e-06
6.53587e-06
4.05758e-06
4.06547e-06
3.45581e-06
1.75949e-06
6.59037e-06
1.88607e-06
9.72022e-06
1.72558e-06
5.85652e-06
1.10032e-06
1.09221e-06
6.87286e-06
4.01428e-06
4.17187e-06
3.26475e-06
8.25942e-06
8.96892e-06
1.94757e-06
4.40261e-06
1.72262e-05
7.84123e-06
9.33986e-06
1.70126e-06
1.16015e-05
1.10656e-05
3.47966e-06
5.22001e-06
6.50243e-06
2.54606e-06
1.86649e-06
2.0767e-06
2.55386e-06
3.88669e-06
1.30138e-06
1.27171e-06
7.22348e-06
2.47375e-06
2.82548e-06
2.94355e-06
4.16999e-06
2.5106e-06
8.60604e-06
1.76298e-06
1.77284e-06
1.81137e-06
3.12903e-06
3.18621e-06
1.63887e-06
4.84245e-06
1.8522e-06
1.35629e-06
1.68138e-06
3.89802e-06
2.41034e-06
3.46346e-06
3.42394e-05
1.31089e-06
1.05048e-06
2.83545e-06
1.87891e-06
2.19371e-06
2.95978e-05
3.29199e-06
1.14802e-06
6.14284e-06
6.5087e-06
3.61948e-06
1.25681e-05
1.41462e-06
2.22078e-06
3.18779e-06
3.79668e-06
9.82662e-07
1.33665e-06
2.2466e-06
2.22486e-06
1.26554e-06
2.77941e-06
2.58278e-06
5.31859e-06
7.11512e-06
7.67451e-07
7.22177e-06
8.77791e-07
4.29057e-06
4.19397e-06
3.13509e-06
7.27015e-06
1.46607e-05
4.04148e-06
2.77924e-06
5.52154e-06
5.27659e-06
2.71531e-06
2.83559e-06
3.87428e-06
6.76363e-06
2.60253e-06
1.17284e-06
2.7847e-06
2.85238e-06
