4.86316
4.79314
5.88693
5.06797
5.44244
4.22809
5.15859
5.62583
5.70036
6.01397
4.62014
5.14265
4.86821
5.13186
5.63708
5.06236
4.27801
4.64001
5.30468
5.51356
5.67349
4.59433
6.56422
5.67587
4.77043
5.36303
6.03042
4.54325
5.09003
4.7326
4.77538
4.96057
4.81384
5.79938
5.30488
5.67595
5.08918
5.30443
5.08887
4.72801
6.56803
6.55443
4.68176
4.97166
5.68301
4.84568
5.57503
4.99726
4.80445
4.75356
4.93749
5.37993
5.05255
5.08383
5.17207
4.75995
5.11914
5.02793
5.48905
4.29077
6.05406
4.77415
5.28687
4.8986
6.31669
4.44397
5.47181
4.87807
5.54951
4.82593
4.96854
5.87185
4.45001
5.22372
5.28683
5.90692
5.19884
5.26359
4.67578
5.84869
5.07253
5.28188
4.41388
4.96219
5.7672
4.64734
4.83756
7.55774
4.88198
5.36714
4.88219
4.91359
4.41187
4.7578
4.64286
6.83177
4.87295
8.59515
4.40995
5.33598
6.25054
5.36486
5.43741
5.81702
4.49299
8.17724
5.41841
4.20033
7.85618
5.17877
4.78334
5.36415
4.70873
5.12159
5.28987
4.15082
5.52985
4.33049
4.95133
4.60457
4.58224
4.77758
4.77458
5.58089
6.42304
9.10845
4.94523
4.45872
4.30645
4.53314
5.74453
5.75975
4.51754
4.95864
5.08023
4.83403
6.07402
5.50415
5.58784
5.82618
5.03425
5.58743
6.06394
5.24509
6.72154
4.52711
5.93107
4.5094
4.09166
5.86209
5.32354
4.58576
5.42848
4.75507
4.33709
4.86266
5.05328
5.3121
4.87597
5.345
4.76832
4.70407
5.52101
6.09499
5.41538
5.47442
4.68557
7.72954
5.03983
5.28612
4.75152
4.19348
5.07261
4.91878
4.56275
5.16091
4.62469
4.46416
5.21434
5.37863
5.32688
5.12983
6.21101
4.97251
4.8333
5.26564
5.29332
4.55529
4.39253
5.0939
4.31248
6.38393
5.2581
4.76301
4.66403
5.40563
5.77973
5.26979
5.2531
5.55315
5.86967
5.05922
5.32399
6.16203
5.93871
4.78322
4.76924
4.59915
6.35762
5.59111
5.48999
4.46973
4.35756
4.88992
4.65946
4.9529
4.54011
5.68647
4.35161
4.92074
5.67324
5.12071
5.58393
4.91075
4.50963
4.75718
7.30817
6.12796
4.28537
5.7133
6.07127
4.52858
4.05647
4.89106
4.80536
5.23583
5.33549
6.12392
5.16023
5.06164
4.7105
5.50516
4.64714
4.90782
4.86905
4.7738
5.42898
6.16475
6.97425
4.96826
4.57125
6.50397
4.98963
5.6416
5.22252
5.26138
5.91666
5.08857
5.1485
6.07697
5.08441
5.40015
5.94072
5.04508
5.05619
5.75596
5.40002
4.72139
5.9782
4.94488
4.73708
5.07551
5.50879
5.25732
5.23318
4.63986
8.60403
6.12147
4.6776
6.70449
5.21137
5.15157
4.50185
5.37864
5.42032
5.04626
4.8431
5.86271
4.66341
5.0644
5.67605
5.47065
5.13331
5.03708
5.11589
4.83345
4.29357
4.88193
5.01272
5.24269
6.16433
6.37516
4.81634
5.20025
5.47155
5.58912
5.56857
4.75584
5.03587
5.86069
5.03831
5.21442
5.20325
4.99332
4.62267
4.73368
5.02628
5.85687
4.07751
4.30533
5.76435
4.43177
5.44948
4.90806
4.88668
5.85845
5.42822
4.75493
4.35724
4.78871
4.80445
5.01939
5.47837
5.75372
5.80592
4.65216
5.31608
4.91571
5.3395
4.86493
5.45315
5.22862
5.23516
5.11024
6.07894
5.51493
4.9058
5.16155
5.26018
5.04249
4.76716
4.71592
5.10666
5.04407
7.13037
6.12135
4.86236
5.44406
6.21533
5.51894
4.86672
5.76367
5.94288
5.0846
4.89751
5.05218
4.99153
5.00616
4.78089
4.69373
5.29505
5.44238
5.01964
4.59124
5.08689
5.16061
4.40761
4.62166
4.46506
6.09968
4.80668
4.8809
5.0537
4.92694
5.05451
5.52816
5.24705
5.109
4.92629
5.57461
4.85176
4.32916
6.74408
4.72921
4.84905
4.75082
4.80431
5.4285
4.12307
5.35059
4.37586
5.02098
5.07298
5.63724
4.74811
4.71836
4.76062
5.30483
5.04445
5.40555
5.72023
5.80046
4.7154
5.11577
4.46276
4.72825
5.18317
4.46576
4.34812
5.60042
5.69293
4.99455
5.65265
4.92024
4.92045
5.65267
4.92141
8.31346
4.93594
5.52358
5.39979
5.89634
4.73232
4.66331
5.92378
4.94237
6.19195
5.28714
5.72677
5.09527
5.38032
5.50423
7.18717
4.94541
4.76057
5.1353
5.18203
7.03909
4.99146
5.80907
5.4283
5.68487
5.43377
5.22414
5.19208
5.24189
5.2424
6.26721
6.33298
5.78329
5.12749
4.83758
5.59983
5.30599
4.71161
4.75156
4.91488
5.50977
4.54319
5.19875
4.19351
5.19029
5.96632
4.74075
5.12636
4.79271
6.05842
4.82978
4.4362
4.78502
6.88194
5.73055
5.16906
5.37069
6.31846
5.15589
4.29425
4.54252
5.38945
5.32435
4.84863
5.19187
5.16605
5.27667
5.36977
4.83832
5.79411
4.67713
5.23922
5.17834
