6.38872
6.52319
5.68573
6.79158
6.30993
6.22417
6.86091
6.63361
6.30919
7.36622
7.19089
6.95813
6.44852
5.94867
6.70081
6.33051
6.29618
6.11726
6.39145
6.13547
6.02175
6.70839
6.74703
7.30996
6.74411
6.72011
6.55422
6.21534
6.88167
6.95034
6.12754
7.26943
6.93834
6.7236
7.33389
6.19172
5.95938
6.7452
5.90478
6.35764
6.96776
6.06336
6.03959
6.88344
6.09934
7.11733
6.12068
8.68943
6.34003
6.97878
7.42961
6.54546
5.80627
7.35213
7.51211
6.41139
6.49249
5.71236
6.62979
6.61773
6.36395
6.69118
6.37418
7.50326
6.59337
7.11724
7.126
6.74427
7.40197
7.06887
6.1891
7.11726
5.97896
7.23424
7.01209
6.46558
6.64298
8.24643
9.17659
6.4542
6.27774
6.61972
7.95346
6.66061
6.27908
6.51164
6.81452
6.62175
6.74385
6.65702
6.37655
6.87093
6.58744
7.01545
6.59229
6.65768
7.31023
7.14657
6.83748
6.61797
6.44888
7.17019
7.07189
7.31004
6.17215
6.90414
7.1183
6.50913
7.0927
6.95854
6.63514
6.08067
6.68443
6.486
6.30872
7.32768
6.30825
6.20852
7.8988
6.5073
8.30265
5.99943
6.57456
6.15371
7.11739
6.74348
6.93771
7.45826
6.85454
6.09704
6.07801
7.68567
7.08238
6.45522
6.67251
6.79279
8.66597
6.20672
8.07377
5.93882
5.95988
6.33973
6.76891
6.48292
6.48197
6.82104
6.56449
7.00103
6.15329
6.63204
6.56395
6.93716
6.5628
6.75558
7.20691
6.20753
5.96984
6.25264
6.4171
7.17333
5.85263
7.10628
8.16358
6.00397
5.96125
5.86286
6.56393
6.50665
6.20712
7.29582
6.89122
5.93977
6.37402
6.98955
6.98856
6.66907
6.83005
6.53599
6.82683
7.51336
6.52463
7.48673
6.27647
7.25915
6.57701
8.50249
7.0574
8.04045
6.16466
6.60419
6.87231
6.32613
6.63031
6.60503
9.77374
6.04191
7.5028
7.74502
6.53471
6.86217
6.35949
7.25128
6.86215
6.49257
6.67263
7.28575
6.4073
6.44821
6.50636
6.81685
6.82669
6.09825
6.68125
6.52616
7.20857
7.90148
6.60233
6.20629
5.45267
6.50773
6.29207
6.67029
6.7916
6.74489
7.25166
7.4375
6.5244
7.02926
6.89917
8.01858
6.21637
5.9794
6.40521
5.75809
8.06954
6.97902
7.17344
6.69151
6.5374
5.94321
7.66132
7.86604
6.14581
6.63147
6.88384
6.98928
6.64555
6.8668
6.95866
6.73246
7.56197
5.87712
7.41552
7.42918
6.15412
6.76737
6.61927
6.83983
7.19102
6.18804
6.644
6.32515
6.29262
7.73407
6.83745
7.62693
5.98036
6.48062
6.52584
6.22765
7.3999
6.6045
6.83843
6.43659
6.07874
7.65498
6.17085
6.47852
5.95772
6.22768
6.32527
6.70661
6.00105
6.96934
7.36757
7.22567
6.30973
6.2429
6.05737
6.18837
6.7803
6.09277
6.29764
6.48015
6.35872
6.26613
6.38811
7.48108
7.38543
5.63712
6.56168
8.18679
6.40979
6.5738
6.45197
6.77142
7.68227
7.06965
6.64304
7.42083
6.64449
7.14702
6.82852
7.10844
6.61167
6.83815
8.01311
6.36324
6.53485
6.47491
6.38812
5.91682
6.48785
6.4399
6.29108
5.9392
6.46195
6.08938
6.87235
6.73748
6.35781
6.75927
7.06928
5.90177
6.47782
6.59144
6.94921
6.23772
7.01976
5.96117
6.89756
8.88198
6.09725
6.65523
6.19041
6.69947
6.31814
6.77194
5.74495
6.28155
6.38831
7.14749
6.6212
6.42821
6.29247
6.4967
6.66938
6.41843
8.60609
6.77133
6.64647
7.34318
6.83725
5.98012
7.03991
6.84942
6.1099
6.69596
6.55294
8.20022
6.17297
6.45047
6.97805
6.85603
8.49208
6.07859
6.74405
6.98977
7.31906
6.25889
6.40584
6.83861
7.84947
6.95787
6.18818
6.08247
6.72208
7.08046
8.53448
6.91209
6.59403
6.08252
8.13641
5.73629
6.68694
6.22444
6.63132
5.88457
6.56357
6.85915
6.00313
6.47792
7.08952
6.63111
6.55295
6.54927
6.53521
6.25099
7.23577
6.02207
7.23568
6.61686
7.18966
6.62878
6.61643
6.63193
6.54913
6.67282
7.12739
6.61125
7.48685
6.70759
6.76121
6.47319
6.44358
6.71443
6.83876
7.31065
7.4063
6.32652
5.80661
6.8166
6.96866
6.07794
6.75932
6.33858
6.13824
6.56863
6.98955
7.37659
6.3589
6.27529
7.10631
6.31637
6.34144
7.09762
6.4699
7.32561
6.589
6.32568
7.72335
6.9487
6.05967
6.24276
8.81256
7.0601
6.64299
6.26308
7.34205
6.5065
6.07813
6.56586
7.16811
7.43714
6.20958
6.67714
7.00876
6.47912
8.62087
6.19305
6.29
6.34254
6.7319
6.54916
6.04016
7.82467
7.2183
6.55628
6.8064
6.25942
6.00066
6.91522
6.60649
6.27526
7.9935
7.50276
7.07805
7.86315
6.43428
6.96864
5.89956
5.87492
7.60975
7.59831
6.74668
5.93892
6.80211
6.5547
6.19975
7.12878
