4.65809
2.88322
4.075
5.16201
3.38728
4.44223
5.11473
4.90051
5.20408
4.20727
5.36088
3.79136
4.23275
4.36889
4.64462
5.11569
4.22172
4.34642
3.47285
4.64575
4.9185
4.20358
4.65885
5.54941
6.25651
5.15155
5.02295
4.78924
5.54099
4.59242
4.0134
6.32985
3.63297
3.03761
5.56392
5.50568
5.62388
3.90001
3.02979
4.23876
4.9512
3.66788
5.41288
3.91718
3.34218
4.9188
5.25575
4.29582
7.74304
5.02316
5.31927
4.53945
5.04914
3.88609
6.48481
5.04505
5.33866
3.12246
5.85153
5.49671
5.52361
5.40714
6.32645
4.80932
4.7007
6.04228
6.20083
5.58953
5.20317
4.58189
5.61001
5.14376
3.7378
6.48571
3.2546
3.76446
3.33257
2.94336
3.54142
7.24541
6.87068
4.6273
3.28162
6.88544
3.65191
7.32749
5.98823
3.59352
6.04795
3.20063
5.82244
3.91567
3.39436
4.38689
5.31993
7.25396
4.71123
6.80713
5.13703
6.5916
4.60897
4.3011
7.11378
3.51335
4.72753
5.3122
5.23797
3.88476
6.37218
4.01329
4.11244
6.01501
5.98367
3.60786
3.55957
8.7317
3.93177
4.28906
6.33667
4.42392
4.76126
5.94456
5.08588
4.47105
4.7654
2.19992
4.01534
4.45093
4.3216
3.85004
6.96303
5.19285
4.16332
4.66417
5.54621
5.61132
4.76561
5.48088
3.77845
5.11372
5.17668
3.2279
5.09786
3.78283
5.32633
4.24521
5.644
5.15011
5.40771
4.63753
3.31939
5.10156
4.96965
5.12356
4.73386
3.19332
3.94361
5.74532
4.30328
4.62918
4.0339
6.58279
5.88074
5.23568
4.04543
3.95337
5.04953
6.2273
3.6926
4.04449
8.96749
3.18693
3.80045
4.77456
6.31249
3.60304
4.3419
5.67627
6.12907
4.65433
4.36137
6.29982
3.1934
5.00846
5.41317
3.5895
3.34295
3.00204
4.15882
3.93472
5.57957
5.45328
4.99515
3.58656
3.53952
4.12829
6.52065
4.19497
5.26969
4.26014
4.65021
5.78964
5.82454
3.23138
3.77637
5.2962
4.1536
3.28584
4.31613
3.83301
6.38013
4.20806
5.80718
4.68724
5.08235
7.04516
3.43898
6.66459
5.69684
3.63286
5.55279
3.21219
3.79823
4.83156
4.86113
3.26208
6.78202
4.86415
4.03579
4.54671
3.99068
5.24507
4.42863
2.85073
3.54081
4.9994
5.19091
3.5571
4.74533
4.77375
5.24925
5.41528
5.27241
5.48744
4.46359
6.60529
4.43012
4.16272
5.47425
6.49487
6.93794
5.40351
3.98042
4.11628
4.388
3.43114
6.05549
6.25172
3.51799
2.88659
5.72302
6.17374
3.46115
5.30379
5.93699
5.24395
4.53347
7.04134
5.27549
4.89828
4.22226
5.74776
3.31237
3.94259
3.72216
5.56544
3.02294
4.25699
4.94161
3.76673
4.34929
5.68446
4.88927
5.21635
5.32679
3.21545
3.54739
4.44138
4.91052
5.18209
6.85747
2.94701
2.47235
5.84876
7.19132
3.21291
2.89814
6.50518
6.06551
3.16542
4.78976
4.99621
4.2838
4.76578
6.14792
5.31319
4.50578
6.41033
2.75567
5.80318
5.63234
6.07751
3.96343
4.01814
4.17266
5.75833
6.83247
5.19676
4.63669
4.78358
5.88312
4.70914
2.64136
4.47208
3.82409
5.25159
4.22894
6.33489
5.52383
4.84172
2.62993
4.19803
5.62233
4.42988
8.31478
4.89423
3.89241
4.78954
5.1269
6.61411
3.62535
4.96905
7.01912
4.89564
5.55098
5.07199
4.69351
4.29903
7.73921
7.30889
4.97388
5.2246
5.41478
9.85835
4.3457
4.79617
7.57319
4.52666
5.08001
6.63188
4.66186
5.13073
3.57991
4.67398
6.37068
4.31823
4.64323
4.48054
4.95527
6.20979
4.15106
3.59509
4.13667
5.28086
4.99168
3.51228
5.96018
4.72294
3.47433
5.47326
4.64171
5.38249
5.83111
5.71303
5.4685
6.18066
3.51258
2.92883
4.50238
4.27679
5.34075
4.79932
5.18734
4.11659
3.17935
2.94176
3.2357
4.1808
5.88627
4.2702
5.67128
5.3764
4.23755
4.52291
2.71702
5.50447
3.04643
5.37895
4.10601
2.92565
6.38066
6.36596
5.92692
5.9695
6.77238
7.29741
4.7404
3.99942
7.0542
5.80791
4.76516
3.26197
7.01162
5.31846
4.94674
6.11632
6.86997
4.50678
3.94538
4.24195
4.35898
5.18957
4.17606
4.03352
6.57114
4.16105
4.53603
4.78599
4.3936
5.09552
4.98663
4.5792
4.12062
3.96514
6.08923
4.11695
4.04452
4.94838
3.22434
3.77219
3.71732
5.98391
3.84213
5.32964
10.8801
3.7868
3.18898
4.74351
3.50732
3.6118
9.44197
4.64181
2.95657
5.7407
5.21562
4.50567
8.25962
3.91035
4.64645
4.663
6.41731
2.48053
3.61824
5.06048
4.54295
2.95191
4.92725
4.64668
5.26864
5.22006
2.82289
4.19886
3.61905
5.19173
3.90606
3.92012
6.38617
7.6092
6.27487
5.12873
5.14164
3.38282
4.44577
3.86901
4.49675
6.77732
3.98867
3.55748
4.13915
3.52582
