3.00065
1.69152
2.63076
3.84021
1.97176
2.86104
3.4907
3.37395
3.28318
2.82589
3.39997
1.88678
2.90433
2.62936
2.40462
3.67675
2.61807
2.56769
2.08988
3.18416
3.02287
2.72118
3.48872
3.07528
3.68633
2.62092
2.53855
3.28414
3.79143
3.27009
2.57033
3.7597
1.90501
1.55398
3.30508
3.75088
2.94794
2.37869
1.85109
2.76771
2.96044
2.25294
3.50098
2.32968
2.13465
3.43895
2.8647
2.94618
3.16509
3.0765
2.87019
2.98851
3.02149
2.6377
2.88819
3.59611
3.6562
2.01016
2.77013
3.31388
3.73239
2.41381
4.3426
3.24673
3.17616
3.50842
3.26793
3.33613
3.24538
3.04353
3.00173
3.24433
2.18969
3.15094
2.17027
2.28532
2.12446
1.8149
1.87152
3.03695
4.19416
3.08605
1.90288
4.00838
2.48772
3.90287
2.68751
2.47617
3.57304
1.78748
3.21503
2.58242
2.14292
2.93007
3.38736
4.51228
2.64463
4.17792
3.29712
3.64902
3.02219
2.72983
3.24811
2.14974
3.01091
2.8714
3.44485
2.40715
4.04011
2.38931
2.54896
2.30824
2.73379
2.02492
2.15222
3.46793
2.83037
2.68645
3.46483
3.01845
3.13651
3.42648
2.80917
2.84842
3.16566
1.51167
2.71641
2.48867
2.92575
2.67306
3.58798
3.28252
2.45872
2.35614
3.65875
3.83934
3.04454
2.98703
2.2906
2.93525
2.81489
1.93095
2.81399
2.31735
3.46271
2.81131
3.64478
3.50188
3.20132
2.7871
1.82766
3.40197
3.0776
3.01686
3.18291
1.93179
2.14169
3.67041
2.94007
2.85927
2.54068
4.07939
4.38366
3.16423
2.29331
2.74826
3.13517
3.54917
2.40208
2.48718
4.89028
2.00562
2.24959
2.90473
2.98123
2.15833
2.62369
3.63206
3.92568
2.57677
2.74633
2.8977
1.9827
3.34183
3.45001
1.94766
1.95681
2.1254
2.36964
2.7574
3.05697
3.24418
2.849
2.40512
2.26869
2.57404
3.9555
2.17879
3.45672
2.61156
3.02906
3.75641
4.08903
2.03227
1.51043
3.7578
2.83597
1.97964
2.51953
2.21341
3.42062
2.62455
3.60019
2.6295
2.4922
4.22222
1.96968
3.1278
3.52932
2.27759
3.36389
2.15384
2.03169
2.80898
3.10105
2.11723
4.40455
3.13909
2.57096
3.01051
2.46416
3.19808
2.1357
1.64048
2.10151
3.39415
2.55722
2.2023
3.23611
2.9465
3.78017
3.1246
3.38153
3.15869
2.7649
3.90373
2.8953
2.59337
3.22919
4.93984
4.02569
3.65832
2.53258
2.59612
2.8966
2.41183
2.77517
3.29842
2.29656
1.88509
2.28646
3.34545
2.13289
2.75503
3.03428
2.60659
2.81135
3.65571
2.30252
3.2058
2.50959
2.95671
2.19321
2.42629
2.36335
3.21175
1.92928
2.74425
3.45646
2.23735
3.02107
2.41651
2.95543
3.0771
2.45748
1.82219
2.15175
2.93496
2.60945
3.17171
3.00833
1.86144
1.45424
3.68932
5.1265
2.10139
1.71808
3.62003
3.80835
2.09609
3.13884
2.91308
2.56368
2.18001
4.07185
3.78376
2.87283
3.78139
1.70099
3.19298
3.76093
3.95378
2.48123
2.42825
2.95617
2.94286
4.58384
2.27201
2.53951
2.79145
3.8515
2.98647
1.73709
3.23241
2.10597
2.91926
2.6678
3.35317
3.57951
3.53113
1.5914
2.19709
2.97933
2.82226
4.65369
3.35394
2.25702
3.04216
3.27494
3.47221
2.20933
2.86674
2.29373
3.32994
3.6624
3.27398
2.63675
2.91387
3.32713
3.77359
3.03489
3.04135
3.14182
3.81529
2.8788
3.23702
3.71111
2.9528
2.92244
3.94354
3.16975
3.05273
2.3823
3.05304
4.29647
2.85399
3.24857
2.66277
3.2419
4.08139
2.3463
2.19345
2.55392
3.3544
3.21466
2.09837
3.05211
3.43174
1.92731
2.89562
2.99775
2.93982
3.44679
2.71315
3.43924
3.11631
1.95471
1.95
2.82087
2.86775
2.74606
3.27375
2.25791
2.70574
1.94209
1.89571
2.08941
2.54901
3.20783
2.49628
3.04486
3.13605
2.77404
3.16752
1.79455
3.36203
1.83682
3.24386
2.60338
1.84006
3.38739
3.33775
3.75079
3.51814
3.59933
3.88843
3.35759
2.43351
4.50599
3.75148
2.98375
2.18338
4.50184
3.55021
3.22685
3.96615
3.80394
2.78235
2.3911
2.89285
2.75965
3.20488
2.80771
2.4594
3.49876
2.55658
3.09157
2.66214
2.56412
3.1629
3.41065
3.00985
2.89896
2.58423
3.45322
2.51935
2.41631
3.21444
2.14988
2.50463
2.05335
3.40841
2.33795
2.80439
4.05074
2.59411
1.64003
3.01416
2.05182
2.40304
4.52501
2.92378
1.74359
3.2706
3.34535
2.92815
4.44688
2.35917
2.83172
2.78975
3.06267
1.26095
2.44982
2.97486
3.04563
1.77402
3.20448
2.97001
2.67589
3.573
1.86348
2.73016
2.44425
3.26968
2.55096
2.45676
4.84432
4.19385
2.94946
3.04658
3.32479
1.86859
2.83232
2.32303
2.89431
3.89385
2.80884
1.94354
2.49371
2.29593
