4.9697
4.91366
4.13657
5.02157
4.78898
4.46481
5.35108
4.84091
4.84627
5.82985
5.55272
5.33796
4.81879
4.41412
5.075
4.81619
4.74989
4.17965
4.70922
4.50661
4.34546
4.84691
5.00376
5.38314
5.13347
4.90035
5.03537
4.68131
5.31431
5.352
4.40519
5.66626
5.45286
4.95101
5.46538
4.74728
4.54842
4.86901
4.46952
4.81423
5.2041
4.45675
4.27676
5.19344
4.49007
5.30871
4.57397
6.86123
4.74016
5.32258
5.57119
5.06125
4.21862
5.42848
5.89607
4.81591
4.76007
4.17756
4.99309
4.89422
4.83037
5.01105
4.85417
5.84533
4.9028
5.52696
5.42849
5.01582
5.70924
5.31591
4.6956
5.29475
4.30408
5.46333
5.15792
4.83992
5.08027
6.45474
7.44864
4.80326
4.62581
5.05805
6.32115
4.97887
4.60391
4.95411
5.12538
5.11566
5.18577
4.89981
4.7397
5.26703
4.86489
5.4375
4.85034
4.89322
5.56454
5.38121
4.94002
4.93082
4.56671
5.66892
5.32083
5.50512
4.53132
5.03498
5.48993
4.90812
5.54054
5.17541
5.02027
4.51732
5.04633
4.91591
4.69038
5.39194
4.65268
4.41768
6.23201
4.78744
6.48235
4.42937
5.01537
4.46318
5.56911
5.19441
5.38194
5.51307
5.31777
4.52138
4.64994
5.97473
5.15428
5.01859
5.07641
5.03788
6.84812
4.65104
6.1168
4.33649
4.44123
4.63885
5.07564
5.00013
4.96644
5.23414
4.95736
5.23452
4.48378
4.89646
4.805
5.1928
4.80877
5.06349
5.43925
4.64127
4.42837
4.6096
4.57439
5.52322
4.29234
5.47436
6.24461
4.50174
4.35167
4.16319
4.92228
4.99811
4.5959
5.38147
5.42292
4.33564
4.42538
5.37074
5.1967
4.93724
5.22084
4.81599
5.08665
5.59175
4.97705
5.84985
4.80469
5.23543
5.00352
6.71974
5.53753
6.27079
4.54895
4.96853
5.18674
4.72555
4.87692
4.96197
8.03347
4.50866
5.64204
5.81368
4.87442
5.01115
4.57242
5.59655
4.97565
4.68432
5.01262
5.58785
4.63499
4.77882
4.87661
4.95626
4.8887
4.55308
4.82368
4.85375
5.42353
6.26463
4.95427
4.52686
3.90221
4.87398
4.50419
5.02528
4.83252
5.05572
5.42349
5.73436
5.00683
5.18523
5.13873
6.20859
4.77433
4.3447
4.75542
4.23707
6.24054
5.25831
5.21005
5.15462
4.80455
4.40965
5.99214
6.18656
4.51737
4.77719
5.34821
5.05994
5.02633
5.15624
5.34927
4.99045
5.70096
4.32091
5.58816
5.57627
4.59718
5.25952
5.04553
5.1344
5.38938
4.65573
5.01543
4.71567
4.69548
6.18064
5.18775
5.84579
4.38456
4.95836
4.94701
4.62022
5.58295
4.98562
5.23511
4.81155
4.59222
6.01165
4.55349
4.94138
4.27208
4.59573
4.60239
5.19186
4.11518
5.15137
5.73525
5.25208
4.86442
4.58449
4.56411
4.44374
5.03891
4.6198
4.89393
4.92193
4.76842
4.45956
4.69646
5.69614
5.64885
4.11755
4.84973
6.5857
4.65837
4.85976
4.85069
5.12749
6.06121
5.44353
4.85983
5.75659
5.066
5.58447
5.33789
5.39765
5.0327
5.0572
6.17291
4.87853
4.74302
4.8818
4.83113
4.42049
4.84898
4.78222
4.63055
4.32628
4.86492
4.45884
5.06992
5.18411
4.81917
5.14549
5.31832
4.28779
4.72933
4.87078
5.03348
4.77341
5.0376
4.2827
5.21417
7.33964
4.50473
4.91884
4.66158
5.15799
4.7227
5.09723
4.35063
4.71324
4.74919
5.57803
5.13945
4.75274
4.68713
5.02104
4.89459
4.77965
6.86165
4.93135
5.10882
5.59681
5.24372
4.52088
5.40419
5.28336
4.59405
4.85173
5.01861
6.42617
4.43073
4.83465
5.06047
5.25325
6.59796
4.43046
4.81206
5.37211
5.57737
4.56593
4.72807
5.23345
5.90663
5.23052
4.4662
4.4802
5.08358
5.15925
6.68228
5.40331
4.70734
4.58725
6.38643
4.10601
4.94996
4.5068
5.01053
4.51458
4.82434
5.1749
4.4961
4.82909
5.37549
4.9572
4.91019
4.56271
4.87116
4.49474
5.39816
4.37214
5.48472
4.97011
5.35111
5.06571
4.9083
4.90819
4.83558
4.86936
5.21901
5.0057
5.97161
5.08533
5.26118
4.84771
4.91406
5.11197
4.9849
5.63504
5.62647
4.67863
4.22321
5.09777
5.09854
4.50693
5.04999
4.79734
4.59652
4.90349
5.0381
5.7959
4.79396
4.5877
5.39427
4.76352
4.51304
5.24972
5.08496
5.56787
5.02107
4.6686
5.79941
5.14351
4.53358
4.6792
6.95495
5.38977
4.96846
4.49203
5.65743
4.77899
4.42634
4.79948
5.45162
5.66651
4.60005
5.11778
5.36101
4.89868
6.93327
4.54198
4.78287
4.49636
4.99693
5.03932
4.3433
5.95792
5.29383
4.92617
4.92964
4.83402
4.31885
5.10314
4.87527
4.70361
6.03846
5.7015
5.50791
6.17063
4.75553
5.43927
4.37878
4.30218
5.97109
5.73948
5.08402
4.38521
5.23358
4.90589
4.63622
5.23725
