3.71025
3.777
3.59846
3.87556
3.55668
3.68664
3.57306
3.99823
4.05803
4.47463
4.02233
3.73661
3.92017
3.62667
4.02582
3.67822
4.17939
3.70012
3.85478
3.85903
3.82126
3.79835
3.71742
3.98831
4.1413
3.27711
3.58762
3.53909
4.40852
3.75821
3.39445
4.00563
3.68609
3.95875
3.77386
3.54054
3.47933
3.83019
4.36329
3.79853
3.38522
3.79477
3.72643
3.47087
3.70272
3.80608
3.49797
3.90941
4.05431
4.30567
3.71132
3.76176
4.15515
3.67307
3.68092
4.62219
4.14828
3.82695
3.55776
4.18622
3.5648
3.77227
3.97439
4.81854
3.82539
4.0371
4.10756
3.76654
3.52785
3.87388
3.72662
3.8747
3.79513
4.3994
3.75839
3.58401
4.08045
4.06432
3.46967
3.34984
3.77367
4.36508
3.76389
4.05936
3.77913
3.72189
4.00777
4.07707
3.97304
3.96484
3.73373
3.8469
3.88004
4.08125
3.89882
4.15994
3.60659
4.0817
3.8944
3.86774
3.53506
4.17435
3.83773
3.90743
3.99897
3.518
3.80979
3.59447
3.78067
3.84779
3.90039
3.7278
4.08523
3.85808
3.85296
3.90738
4.18677
4.08115
3.49735
4.12222
3.76434
4.13466
3.94089
4.27263
4.18771
3.68873
4.58838
3.28832
4.44229
3.88575
3.96361
4.02414
3.92384
3.63816
3.95993
3.73021
3.99621
4.00286
4.01027
3.80133
4.01726
4.01485
3.91087
4.17571
4.07002
4.0141
3.67017
4.02084
3.88719
4.56941
3.77508
3.41583
4.12762
4.07063
4.35239
3.88555
4.1088
4.0771
3.89678
4.26965
4.00953
3.63531
3.74309
3.64871
3.99746
4.1309
5.26833
4.2489
3.96292
3.88065
3.993
4.23529
3.61523
3.75926
3.82032
3.67699
3.68808
4.03898
3.77146
4.53723
3.75424
3.67765
4.02048
3.42859
3.8459
3.96038
3.80692
3.63485
3.845
3.65464
4.26728
3.87913
4.72396
3.76467
3.86953
3.88542
3.74199
3.80474
4.35307
4.02981
3.51461
3.68311
3.67822
4.08154
3.88022
4.19117
3.73311
4.60987
4.16005
3.84154
3.94765
3.8122
3.69567
3.90763
3.9495
3.9469
3.93924
3.95721
3.75726
4.2977
4.16865
4.06049
3.77954
3.78225
3.9772
3.468
3.8753
4.40037
3.46275
4.94635
4.22323
4.05855
3.50075
3.59035
3.99144
3.90314
3.42589
3.50502
3.60165
3.7749
3.43414
3.96337
4.12351
3.9282
3.7249
6.20987
3.6966
3.97425
3.81047
3.36167
3.51003
4.29684
3.68305
3.81037
4.09986
3.92946
3.36157
3.96758
3.8614
3.82627
3.47704
3.59233
3.66193
4.03332
3.94527
4.3191
3.92025
3.91885
3.83728
3.69478
4.68879
3.51094
3.96086
4.01869
4.05214
3.65278
4.29485
3.85306
3.73189
3.83539
4.68073
3.74424
3.90175
3.99781
4.17564
4.02311
4.19825
4.24209
3.96545
4.9803
3.73558
3.74785
3.81547
4.18253
3.51232
4.04148
3.59352
3.35891
3.73544
3.95001
4.38987
4.7402
3.97066
3.76651
4.08794
3.3987
3.98115
3.78085
4.44988
3.84455
4.26429
4.01132
3.89944
3.6704
4.07019
3.67754
3.92373
3.82919
4.49512
3.59968
3.928
4.1941
4.11452
3.7983
3.97665
3.75477
4.00593
4.10079
3.99466
3.46591
3.91729
4.54376
3.40515
3.93411
3.87666
3.33732
3.73528
3.68714
4.12061
4.25268
3.71458
3.70663
3.71581
3.78403
3.68874
3.96077
3.63729
3.53068
4.04361
3.67841
3.82805
3.84525
4.18779
3.74636
3.90473
3.99715
3.91566
3.90581
3.7644
3.73576
3.52256
3.58112
3.53366
4.22402
3.89875
4.2359
4.16836
3.91688
3.87971
4.02951
3.79343
4.62337
3.78121
3.6879
3.5112
3.73048
3.84038
3.72227
3.48938
3.92187
4.05799
4.36443
3.63873
4.59333
4.00067
3.74807
4.16923
3.76476
3.78799
3.49699
3.8749
4.22153
3.77596
3.94867
3.66005
3.91781
4.03424
4.03872
3.20835
3.20297
3.88317
3.69253
3.23526
3.5514
4.0524
4.17071
4.26074
4.22517
3.78548
3.83618
3.8123
3.89303
3.75769
4.2716
3.48821
3.80153
3.69116
4.04159
3.69438
3.77905
3.72031
3.95805
4.05481
3.46107
4.08062
3.71764
3.6429
3.60752
3.58859
3.92268
3.50829
4.25242
4.3474
3.96136
3.80507
4.63648
3.69987
4.10238
3.72934
3.61514
3.78031
3.6849
3.69626
4.13808
3.96471
3.50822
3.48721
3.65592
3.68168
3.83202
4.16717
4.07448
3.94453
4.00077
3.63581
4.18744
3.97138
4.10707
3.58824
4.59402
3.97557
4.11357
3.37481
4.02997
3.62551
4.00309
3.69049
3.73581
4.24172
3.97402
3.43853
4.45324
4.03027
3.76314
3.53532
3.53587
3.4048
3.73746
3.6979
4.16938
3.66341
3.68309
3.39038
3.75564
3.81057
3.78769
4.14582
3.61893
3.65315
4.14766
3.64691
3.7766
3.64706
3.76136
4.08973
3.76594
4.39463
3.90054
3.56549
3.80818
