2.67779
1.50223
2.36827
3.55008
1.73695
2.54589
3.1331
3.07313
2.91918
2.54025
2.99171
1.60737
2.64253
2.34286
2.06932
3.36454
2.33991
2.19564
1.85005
2.89854
2.66507
2.44364
3.18205
2.69575
3.18252
2.28398
2.26218
2.9524
3.43242
2.98712
2.31102
3.37379
1.65615
1.34504
2.95074
3.38985
2.60434
2.08902
1.6609
2.46664
2.57538
2.01276
3.11346
2.06678
1.90735
3.13979
2.48902
2.69069
2.66869
2.69424
2.49256
2.67182
2.67291
2.36585
2.52821
3.2538
3.2906
1.81469
2.46418
2.96383
3.37797
2.05924
3.93904
2.95206
2.84334
3.06392
2.86792
2.92187
2.88173
2.74919
2.58699
2.89508
1.95706
2.73109
1.95193
2.01337
1.89608
1.60994
1.63459
2.4843
3.68777
2.74558
1.67394
3.52393
2.25361
3.43849
2.32424
2.2715
3.09026
1.56571
2.74674
2.31847
1.92951
2.64548
3.05006
3.93667
2.3027
3.6486
2.90223
3.30792
2.69352
2.42564
2.81097
1.90553
2.69117
2.51364
3.12359
2.12822
3.60461
2.10941
2.2583
2.01014
2.32313
1.76365
1.89866
2.89268
2.60969
2.37803
3.05506
2.72839
2.81631
2.93407
2.41982
2.5364
2.87214
1.37173
2.48232
2.15607
2.64026
2.41964
2.97302
2.91345
2.15058
2.03204
3.25531
3.5054
2.72049
2.66976
2.02791
2.5932
2.44291
1.70534
2.47913
2.05435
3.0726
2.49711
3.22005
3.11375
2.79484
2.46141
1.60479
3.06012
2.72634
2.67715
2.88778
1.74872
1.83599
3.28252
2.67503
2.55444
2.27085
3.58979
4.04058
2.76147
2.03407
2.48182
2.73739
3.16122
2.15909
2.21196
4.00771
1.7771
1.97458
2.55614
2.61757
1.89807
2.31025
3.25847
3.41494
2.23947
2.46113
2.46293
1.77264
3.00714
3.06273
1.68171
1.71989
1.93401
2.0932
2.51235
2.70961
2.90688
2.5211
2.16948
2.04714
2.29815
3.51274
1.86541
3.08691
2.2888
2.69347
3.3902
3.69201
1.8194
1.26775
3.39235
2.56792
1.74371
2.18757
1.93595
2.99179
2.35253
3.18014
2.31047
2.16105
3.7024
1.72349
2.76589
3.08872
2.05287
2.98782
1.95758
1.79102
2.44456
2.76059
1.90374
3.89994
2.79415
2.27536
2.74237
2.19468
2.80393
1.83866
1.43279
1.88026
3.02776
2.13929
1.98203
2.92711
2.59336
3.46751
2.66609
3.00461
2.74403
2.46481
3.43582
2.5899
2.30576
2.8771
4.60069
3.50477
3.26202
2.25926
2.30983
2.60237
2.19857
2.45954
2.91546
2.07479
1.69289
1.8859
2.96809
1.92229
2.45615
2.66625
2.23519
2.47113
3.03249
1.98795
2.91586
2.21311
2.56739
1.97873
2.14736
2.09712
2.85397
1.72796
2.43755
3.16533
1.98472
2.76159
2.09683
2.62152
2.75087
2.17712
1.62582
1.92457
2.6147
2.2935
2.83901
2.56283
1.67346
1.30159
3.21879
4.59621
1.89174
1.50994
3.18076
3.34043
1.89456
2.8133
2.55942
2.31073
1.90363
3.60851
3.43983
2.5613
3.22857
1.51943
2.76548
3.37345
3.56347
2.19958
2.15054
2.69116
2.61558
4.01045
1.95655
2.20632
2.43701
3.41295
2.64629
1.56507
2.97134
1.83983
2.5961
2.40715
2.85508
3.19859
3.23792
1.42263
1.90683
2.58179
2.49851
4.00401
3.01603
2.0065
2.69017
2.88682
3.06941
1.9833
2.52197
1.9393
2.97249
3.35735
2.93941
2.28601
2.6234
2.82669
3.21941
2.66616
2.69301
2.75944
3.21419
2.58016
2.89582
3.18101
2.62525
2.50216
3.47522
2.86937
2.69514
2.15445
2.72959
3.81107
2.57871
2.9376
2.34507
2.95345
3.65261
2.06707
1.9717
2.27531
2.9313
2.89075
1.85
2.69248
3.14412
1.69715
2.51964
2.67574
2.57051
2.99562
2.35163
3.00112
2.58397
1.72714
1.76816
2.51437
2.57861
2.36667
2.95437
1.95386
2.43904
1.73974
1.69762
1.87371
2.26536
2.74968
2.17378
2.64105
2.74615
2.47964
2.86835
1.62472
2.98393
1.6222
2.88345
2.33947
1.66499
2.9861
2.91815
3.36624
3.10153
3.02776
3.46515
3.06107
2.13725
3.90454
3.2973
2.63642
1.98802
3.93829
3.14868
2.90433
3.48678
3.35877
2.4537
2.13621
2.61744
2.45427
2.7923
2.53387
2.17258
3.05046
2.26572
2.80161
2.30777
2.26087
2.82452
3.08121
2.69856
2.65638
2.31267
3.06291
2.21946
2.14242
2.88141
1.92619
2.27155
1.79843
3.00796
2.07514
2.44922
3.43519
2.35792
1.41016
2.67091
1.80223
2.18296
4.04821
2.59266
1.53278
2.78761
2.94192
2.6328
3.85957
2.08583
2.51141
2.42915
2.67157
1.0852
2.21556
2.60473
2.72145
1.55558
2.88238
2.64923
2.31904
3.23688
1.67795
2.4717
2.23822
2.91541
2.29349
2.21423
4.52905
3.63539
2.52258
2.61163
2.9727
1.64224
2.51532
2.04468
2.58498
3.46379
2.58173
1.66806
2.22671
2.068
