2.89698
2.56037
2.45506
2.33327
2.4233
2.42331
2.70663
2.51554
2.55718
2.52329
2.72396
1.83218
2.36052
2.5441
2.84479
2.82044
2.52646
2.38284
2.74684
2.81479
2.42319
2.80046
2.63752
2.85721
1.6523
2.86804
2.90419
2.28193
2.4941
2.56786
2.7511
2.49149
2.75572
2.49517
2.56362
2.70519
2.50646
2.59789
2.9383
2.84351
2.45005
2.84847
2.24301
2.49866
2.50104
2.81981
2.51299
2.80717
2.75785
2.63468
2.52534
2.75725
2.4432
2.4907
2.36537
2.68128
2.51353
2.52675
2.23579
2.60326
2.74736
2.48615
2.95098
2.00604
2.41106
2.79582
2.48191
2.3012
2.9315
2.51288
2.63501
2.78804
2.01993
2.8074
2.29344
2.82446
3.11968
2.83809
2.305
2.61199
2.73636
2.29162
2.72255
2.34042
2.59363
2.27112
2.34858
3.03861
2.77199
2.48381
2.96931
2.89824
2.63191
2.32282
2.82775
2.48139
2.54097
2.5754
2.47605
2.40023
2.40993
3.18957
2.26682
2.42833
2.34843
2.8057
2.3566
2.91384
2.91565
2.02292
2.5088
2.58353
2.27751
2.91689
2.14535
2.45473
2.8159
2.51692
2.63252
2.89131
2.40104
2.697
2.37715
2.17892
2.42193
2.87275
2.30753
2.65912
2.66856
2.77563
2.49135
2.98005
2.53934
2.46867
2.99957
2.35248
2.81948
2.7835
2.43756
2.37131
2.33682
2.18617
2.38956
2.79656
2.77786
2.50596
2.54196
2.44923
3.44155
2.76373
2.65448
2.53423
2.54466
2.69414
2.57333
2.5232
2.69976
2.36185
2.33802
2.84215
2.4367
2.37688
2.73183
2.71298
2.46017
2.88873
2.73502
2.39365
2.48608
2.31192
2.19565
2.44132
2.28479
2.92408
2.7754
2.35813
2.38042
2.70248
2.38933
2.34931
2.6319
2.60124
3.1817
2.37899
2.5285
2.71234
2.87907
2.5311
2.97795
2.68206
2.76083
2.234
2.29313
2.22535
2.1807
2.74272
2.4536
2.91076
2.64014
2.4764
2.78055
2.58954
2.46001
2.93085
2.4731
2.23176
2.36146
2.96302
2.50887
2.47569
2.48748
2.79688
2.65021
2.43443
2.1131
2.59978
2.63101
2.98169
2.29436
3.11374
2.34926
2.18162
2.45907
2.68763
2.78529
2.66554
2.62838
2.36165
2.87737
2.60173
2.78605
2.6876
2.50557
2.17517
2.43972
3.02034
2.49303
2.18428
2.43963
2.61051
2.4535
3.12529
2.8284
2.25053
2.59406
2.72028
3.10063
2.70719
2.54174
2.39302
2.72533
2.45875
2.55252
2.8033
2.73951
2.75618
2.74238
2.85544
2.71309
2.54476
1.93997
2.50452
2.73209
2.7983
2.31126
2.69962
2.62987
2.91461
2.69925
2.78884
2.77265
3.21849
2.45524
2.53232
2.6352
2.14485
2.95188
2.39471
2.83708
2.41013
2.30863
2.28993
2.77186
2.50006
2.60184
2.93078
2.53659
2.86324
2.98943
2.53819
2.3244
2.22734
2.86898
2.55527
2.60995
2.4405
2.39873
2.70085
3.04743
2.67989
2.72391
2.53136
2.51461
2.19123
2.39825
2.59667
3.10374
2.61194
2.29387
2.75547
1.98945
2.47909
2.4006
2.02539
2.50305
2.36767
2.62509
2.87749
2.49256
2.7723
2.27868
2.6203
2.43783
2.54752
3.05019
2.93806
2.92068
2.44464
2.40345
2.80729
2.28621
2.71371
2.36219
2.52695
2.41158
2.94258
2.40378
2.26522
2.76549
2.15481
2.97561
2.6137
2.37804
2.53166
2.87598
2.4829
2.63211
2.99302
2.68904
2.70138
2.362
2.407
2.42044
2.70416
2.70525
2.12327
2.92457
2.54712
2.31682
2.4017
2.49965
2.8225
2.90075
2.3423
2.84892
2.41793
2.37726
2.58043
2.37295
2.31467
2.43583
2.34145
2.12723
2.87562
2.04964
2.18625
3.09551
2.23556
2.56505
2.49791
2.55092
2.65667
2.41836
2.13243
3.032
2.9818
2.54099
2.33494
2.3093
2.70201
2.50423
2.2857
2.36202
2.57751
2.65264
2.43528
2.56585
2.74419
2.1619
2.74889
2.55522
2.81697
2.57489
2.4913
2.47917
2.20407
2.70407
2.68518
2.66511
2.37955
2.48093
2.35738
2.99954
2.63071
3.06494
2.16812
2.46668
2.34456
2.66681
3.15565
2.64613
2.37783
2.95598
2.6074
2.25181
2.55244
3.4047
2.48013
3.11758
1.97382
2.7764
2.65558
2.71643
2.69294
2.65639
2.88805
2.43168
2.13628
2.61239
2.77424
3.21099
2.3907
2.45308
2.32494
2.92755
2.94816
2.4052
2.25983
2.55211
2.90785
3.02004
2.50314
2.61733
2.44136
2.33975
2.21148
2.59019
2.25301
2.44546
2.63854
2.91969
2.62966
2.85494
2.46121
2.2927
2.22996
2.21123
3.07384
2.3647
2.63496
2.30599
2.58735
2.49701
2.51617
2.74922
2.65767
3.0707
2.39609
2.64133
3.21658
2.66211
2.27321
2.68261
2.29156
2.41912
2.7069
2.80175
2.49336
2.3957
2.4862
2.36753
2.21935
2.35119
2.75637
2.43255
2.95604
2.24154
2.33505
2.64443
2.22732
