2.39755
2.42877
2.21838
2.51743
2.37259
2.37682
2.70323
2.1967
2.38122
2.85462
2.50564
2.63033
2.44425
2.13139
2.54741
2.35683
2.48556
2.14734
2.17641
2.25974
2.22547
2.44191
2.19167
2.37173
2.53188
2.30392
2.74022
2.29433
2.86276
2.69548
2.14023
2.74031
2.70021
2.4385
2.69006
2.40115
2.35524
2.3264
2.4942
2.46346
2.45113
2.39727
2.03226
2.40655
2.04662
2.52127
2.4873
2.53487
2.47871
2.78783
2.46778
2.54927
2.21867
2.48995
2.7338
2.41139
2.31748
2.24524
2.57074
2.5238
2.40777
2.46965
2.35019
2.91255
2.43683
2.58616
2.47123
2.47804
2.49697
2.52062
2.36423
2.36513
2.22494
2.58214
2.2203
2.28222
2.49099
2.20688
2.74501
2.23965
2.35212
2.36289
2.6215
2.52425
2.39534
2.45839
2.40282
2.45902
2.62521
2.32927
2.23331
2.56635
2.47372
2.71103
2.38019
2.33238
2.46667
2.37543
2.45198
2.44214
2.2467
2.67989
2.52391
2.50241
2.18452
2.53116
2.68915
2.18241
2.66553
2.44354
2.4074
2.31526
2.49113
2.55555
2.31511
2.44523
2.3627
2.19862
3.23726
2.4036
2.71603
2.32516
2.60189
2.24364
2.7676
2.70159
2.96575
2.76923
2.6956
2.18846
2.34034
2.65703
2.54554
2.73056
2.2838
2.38456
2.40825
2.39288
2.71548
2.3103
2.20667
2.39516
2.38943
2.43069
2.66692
2.21742
2.51185
2.54327
2.28711
2.45916
2.31548
2.43648
2.40144
2.6404
2.66579
2.18388
2.36396
2.20389
2.44587
2.39701
2.17254
2.63612
2.43617
2.28496
2.24414
2.18902
2.47543
2.56188
2.24341
2.44944
2.75035
2.19976
2.18161
2.4533
2.43278
2.54457
2.51468
2.43347
2.3162
2.37454
2.56044
2.90369
2.3567
2.23463
2.38689
2.89982
2.6445
2.60542
2.25675
2.53185
2.5905
2.44603
2.39134
2.40741
2.37228
2.39277
2.20796
2.14596
2.5307
2.17871
2.30595
2.55886
2.37611
2.38537
2.6196
2.31539
2.50205
2.32528
2.54125
2.27038
2.51345
2.47407
2.44453
2.28303
2.82269
2.79253
2.28113
2.49404
1.90967
2.52547
2.37377
2.46736
2.17967
2.32288
2.41043
2.52842
2.47043
2.37058
2.44464
2.7623
2.58742
2.19581
2.44218
2.26485
2.48929
2.32222
2.59078
2.38041
2.36161
2.23558
2.41097
2.99493
2.19473
2.24488
2.63448
2.31581
2.51733
2.52596
2.35503
2.40057
2.50444
2.29259
2.28015
2.56123
2.31803
2.73466
2.59915
2.49067
2.22504
2.49301
2.65161
2.46655
2.42715
2.86239
2.4931
2.47286
2.25938
2.53255
2.36644
2.28479
2.52563
2.41535
2.55389
2.43468
2.30647
2.8445
2.38275
2.5173
2.06133
2.22225
2.29863
2.83715
2.12265
2.3097
2.94569
2.45935
2.50891
2.28487
2.34179
2.2725
2.54749
2.28031
2.78221
2.5699
2.4802
2.26045
2.42558
2.47117
2.73446
2.09143
2.37971
2.4917
2.32302
2.2064
2.48766
2.44242
2.53259
2.60006
2.40305
2.75039
2.47429
2.55632
2.77718
2.64231
2.76223
2.29091
2.46043
2.27244
2.28998
2.3088
2.59453
2.30565
2.44681
2.41144
2.41504
2.14522
2.57182
2.50078
2.46168
2.41255
2.43708
2.56389
2.67716
2.14634
2.56895
2.43802
2.42472
2.36872
2.05035
2.0652
2.5326
2.32314
2.34015
2.49731
2.42253
2.58569
2.39481
2.34697
2.28044
2.33438
2.3302
2.6166
2.55163
2.37225
2.54525
2.42573
2.38811
2.46891
2.54864
2.22341
2.48104
2.90542
2.46761
2.32061
2.66454
2.76413
2.33141
2.21588
2.33999
2.6715
2.25611
2.38616
2.54394
2.74572
2.43807
2.28725
2.21823
2.49766
2.64791
2.30475
2.41883
2.6936
2.18632
2.50944
2.34532
2.42168
2.39133
2.23747
2.37709
2.81861
2.20696
2.32293
2.75012
2.15723
2.3811
2.42683
2.57042
2.27303
2.37693
2.62382
2.31487
2.41772
2.60819
2.5261
2.36695
2.16871
2.5454
2.16131
2.33787
2.15614
2.71111
2.61188
2.34394
2.57348
2.52565
2.52811
2.35745
2.30941
2.54992
2.52673
2.54342
2.40845
2.9619
2.5465
2.56288
2.60875
2.53186
2.53006
2.27009
2.14563
2.08769
2.56863
2.51952
2.40998
2.30142
2.54378
2.38578
2.36682
2.42571
2.94496
2.4335
2.39522
2.6577
2.37445
2.33063
2.45956
2.51352
2.60507
2.63381
2.29037
2.41364
2.38728
2.4335
2.34156
2.38835
2.56284
2.48138
2.1954
2.78126
2.58416
2.26594
2.2767
2.74596
2.51443
2.25795
2.50378
2.61204
2.41563
2.6198
2.31232
2.46496
2.15953
2.59478
2.6737
2.3042
2.46543
2.44121
2.28674
2.50203
2.50864
2.15188
2.52315
2.53423
2.44998
2.69683
2.74607
2.89347
2.40425
2.3385
2.74817
2.13672
2.32328
2.63017
2.5313
2.34289
2.32128
2.29389
2.50691
2.44986
2.44741
