4.6129
4.52746
3.84677
4.64217
4.45243
4.11469
4.96554
4.3631
4.49356
5.40206
5.06542
4.93533
4.42709
4.0343
4.71643
4.44187
4.39229
3.80694
4.28652
4.13352
3.99644
4.43431
4.53529
4.76448
4.73926
4.44568
4.68803
4.30751
4.90809
4.94348
4.01701
5.23692
5.06006
4.50888
4.98818
4.40599
4.24423
4.42703
4.17531
4.44725
4.74639
4.11501
3.87479
4.73943
4.13139
4.81758
4.25897
6.16304
4.36703
4.95625
4.94052
4.69492
3.88417
4.86963
5.44926
4.40925
4.37121
3.86136
4.60265
4.49332
4.44243
4.52642
4.47616
5.37405
4.52225
5.08523
4.96419
4.58647
5.19634
4.85174
4.33705
4.82207
3.96438
5.00904
4.55171
4.45001
4.68841
5.73599
6.78613
4.34914
4.23864
4.63814
5.72166
4.61249
4.21356
4.55691
4.7072
4.73305
4.83322
4.40591
4.31895
4.85461
4.48283
5.05012
4.44308
4.44642
5.00668
4.8559
4.47211
4.52874
4.124
5.24464
4.87324
5.00447
4.1408
4.60124
5.04052
4.44252
5.13176
4.69345
4.63011
4.18106
4.61781
4.53191
4.31289
4.80044
4.27328
4.03146
5.7795
4.40446
5.86088
4.10949
4.64058
4.11239
5.22317
4.80288
5.01691
4.95043
4.93046
4.16619
4.31998
5.41462
4.59309
4.70216
4.64706
4.57315
6.14253
4.31212
5.35394
4.02369
4.08548
4.2701
4.60618
4.63923
4.6282
4.75029
4.56746
4.74479
4.1458
4.50663
4.3909
4.69898
4.38047
4.69336
4.99295
4.21793
4.11112
4.18132
4.20178
5.08029
3.94356
5.06868
5.51474
4.16144
4.00009
3.81364
4.51529
4.64055
4.23253
4.82259
5.05862
3.99051
4.01731
4.92795
4.75757
4.54911
4.80959
4.43988
4.63346
4.92523
4.60498
5.45651
4.42955
4.55149
4.61456
6.12109
5.12631
5.67973
4.19003
4.60307
4.76269
4.36603
4.46746
4.56633
7.30721
4.197
5.01552
5.05135
4.53651
4.54606
4.13439
5.13911
4.47638
4.30289
4.61436
5.07364
4.24962
4.36767
4.51944
4.49544
4.44891
4.23249
4.39778
4.38487
5.0018
5.79684
4.53063
4.21431
3.56161
4.50581
4.13534
4.64368
4.28589
4.61391
4.86894
5.27097
4.6383
4.61129
4.67548
5.52628
4.4728
4.00048
4.4086
3.92585
5.57899
4.79765
4.64929
4.69562
4.35124
4.03876
5.46505
5.69774
4.1415
4.30463
4.95403
4.56355
4.6457
4.71915
4.91579
4.53349
5.00372
3.99625
4.94754
5.08071
4.24401
4.90403
4.6492
4.70336
4.85443
4.31025
4.66797
4.36496
4.34369
5.72353
4.77474
5.2365
4.02708
4.59733
4.52943
4.24591
5.06638
4.58031
4.81587
4.41871
4.26248
5.56434
4.21574
4.58822
3.9004
4.21895
4.23356
4.86837
3.78812
4.62264
5.29082
4.69966
4.53229
4.20391
4.21046
4.08233
4.6369
4.24146
4.59724
4.5903
4.41764
4.07874
4.32117
5.14583
5.17901
3.77549
4.45845
6.00992
4.25639
4.38511
4.49535
4.71338
5.54405
5.03729
4.4351
5.24542
4.67551
5.16469
4.96193
4.94431
4.66011
4.6053
5.51053
4.4877
4.29203
4.51079
4.49149
4.11094
4.48043
4.38239
4.22435
3.95153
4.54411
4.14327
4.64195
4.77121
4.46776
4.74746
4.8531
3.92523
4.40319
4.47997
4.53887
4.40425
4.35526
3.91146
4.78066
6.70229
4.17948
4.53149
4.32165
4.78549
4.34812
4.6625
4.02908
4.35432
4.35843
5.15882
4.75672
4.365
4.3701
4.62196
4.42721
4.40245
6.25074
4.4323
4.73294
5.19288
4.8327
4.19424
4.9545
4.89559
4.25229
4.43143
4.60107
5.80271
4.07653
4.45542
4.56647
4.87948
5.82322
4.06218
4.29877
4.93943
5.06691
4.16555
4.33194
4.80933
5.14169
4.81345
4.11737
4.16408
4.67398
4.61801
5.94334
5.02867
4.22277
4.21979
5.81631
3.77371
4.48109
4.1756
4.61036
4.17131
4.37785
4.78649
4.17517
4.44482
4.93818
4.54606
4.50507
4.1006
4.49576
4.06194
4.89634
3.96603
4.99787
4.60201
4.82075
4.66965
4.51483
4.50319
4.42079
4.40117
4.74509
4.61267
5.54146
4.67396
4.92856
4.48243
4.57069
4.72404
4.54825
5.16417
5.07276
4.26963
3.8964
4.65163
4.63742
4.18307
4.55664
4.45986
4.25936
4.49414
4.54508
5.35581
4.41759
4.25454
4.95641
4.40592
4.13235
4.75599
4.7513
5.04455
4.64242
4.2751
5.14293
4.70109
4.22702
4.30444
6.17263
4.94395
4.56169
4.11824
5.20064
4.43988
4.07499
4.3869
4.99774
5.1339
4.21487
4.7078
4.94952
4.53851
6.28222
4.14172
4.41788
4.04268
4.58488
4.69024
3.97292
5.28152
4.7527
4.50045
4.45754
4.50868
3.97234
4.67865
4.50938
4.34528
5.35183
5.15219
5.16759
5.50069
4.39198
5.0502
4.04346
3.97941
5.5029
5.05815
4.6549
4.07399
4.74812
4.49868
4.30515
4.7759
