2.93566
1.65255
2.57767
3.78375
1.92324
2.79765
3.41938
3.314
3.20944
2.769
3.31779
1.82767
2.85215
2.57089
2.33421
3.61566
2.56146
2.49143
2.041
3.12727
2.95048
2.66536
3.42988
2.99644
3.58225
2.55097
2.48155
3.21849
3.71979
3.21403
2.51847
3.68132
1.85265
1.51022
3.23297
3.67883
2.87651
2.31966
1.81225
2.70738
2.88175
2.20415
3.42296
2.27586
2.08886
3.37935
2.78645
2.89505
3.05581
2.99868
2.79106
2.92522
2.94984
2.58402
2.81208
3.52935
3.58337
1.97066
2.70575
3.24239
3.66158
2.33846
4.26217
3.18734
3.10999
3.41699
3.18488
3.25087
3.17155
2.98434
2.91493
3.17358
2.14193
3.06319
2.12667
2.23002
2.07831
1.77327
1.82195
2.91519
4.09231
3.01779
1.85568
3.90875
2.44162
3.80517
2.61065
2.43538
3.47346
1.74147
3.11719
2.52938
2.09961
2.87303
3.31931
4.39452
2.57418
4.07084
3.21771
3.5792
2.95639
2.66852
3.15504
2.10007
2.94684
2.7965
3.3806
2.35046
3.9526
2.33183
2.49018
2.24446
2.64698
1.97073
2.10045
3.34111
2.7868
2.62447
3.38126
2.96081
3.07229
3.32698
2.72899
2.78537
3.10647
1.48389
2.66942
2.41953
2.86897
2.62311
3.45666
3.20752
2.39554
2.28805
3.578
3.77254
2.97958
2.92215
2.23702
2.86435
2.73723
1.88462
2.74517
2.26379
3.38446
2.74899
3.55784
3.42547
3.11768
2.72053
1.78163
3.33355
3.00574
2.94657
3.12351
1.89405
2.07779
3.59292
2.88698
2.7971
2.4859
3.97872
4.3167
3.08231
2.2398
2.69538
3.05404
3.47012
2.35324
2.43183
4.6998
1.9595
2.19315
2.83326
2.90504
2.10509
2.55973
3.55591
3.82251
2.50637
2.68871
2.80508
1.94006
3.27464
3.37238
1.89212
1.90839
2.08779
2.31238
2.70885
2.98507
3.17477
2.78235
2.35848
2.22367
2.51817
3.86452
2.11325
3.38304
2.54592
2.9619
3.6826
4.01024
1.98911
1.45787
3.68597
2.78253
1.9316
2.45119
2.15622
3.33142
2.56958
3.51482
2.56322
2.42223
4.11577
1.91871
3.05103
3.43987
2.23204
3.2872
2.11459
1.98209
2.73439
3.03223
2.07424
4.303
3.06934
2.5113
2.95647
2.40944
3.11773
2.07249
1.59755
2.05648
3.32136
2.46854
2.15741
3.17451
2.87503
3.71839
3.03025
3.30546
3.07296
2.70375
3.80821
2.83353
2.53483
3.15697
4.87385
3.91766
3.58009
2.47749
2.53819
2.83748
2.36976
2.70921
3.21829
2.2517
1.84652
2.19925
3.26745
2.08999
2.69246
2.95679
2.52785
2.74173
3.5229
2.2353
3.14698
2.4486
2.87509
2.15023
2.36942
2.30966
3.13774
1.88864
2.68235
3.39837
2.18536
2.9696
2.34899
2.88767
3.01092
2.39822
1.78202
2.10539
2.87146
2.54341
3.10406
2.91242
1.82344
1.42296
3.59475
5.02281
2.05919
1.67547
3.53011
3.71345
2.05583
3.07373
2.84008
2.51253
2.1216
3.9796
3.71586
2.80957
3.66753
1.66404
3.10312
3.68358
3.87504
2.42412
2.37146
2.90416
2.87547
4.47035
2.20497
2.47024
2.71867
3.76373
2.91753
1.7025
3.1808
2.05096
2.85288
2.61504
3.24763
3.50255
3.47383
1.55688
2.13605
2.89629
2.75712
4.51911
3.28688
2.20619
2.97116
3.19657
3.38862
2.16349
2.79543
2.21609
3.2589
3.59894
3.20637
2.56421
2.85591
3.21897
3.65492
2.95991
2.96961
3.06294
3.68424
2.81917
3.16915
3.59823
2.88728
2.83627
3.84789
3.10938
2.97952
2.3368
2.98823
4.20065
2.79929
3.1876
2.59721
3.18372
3.99532
2.28809
2.14815
2.4975
3.26883
3.1492
2.04797
2.97794
3.37562
1.87959
2.81717
2.93304
2.86277
3.35393
2.63719
3.35116
3.00192
1.90769
1.91346
2.75853
2.81016
2.66636
3.21007
2.19422
2.65196
1.90064
1.85572
2.04593
2.49116
3.11237
2.43002
2.96024
3.05544
2.71505
3.10887
1.76039
3.28411
1.7929
3.17071
2.55036
1.80455
3.30481
3.2506
3.67329
3.43247
3.47782
3.7999
3.29937
2.37295
4.38493
3.66025
2.91324
2.14412
4.38783
3.47027
3.16177
3.8696
3.71043
2.71533
2.33886
2.83807
2.69777
3.12125
2.75304
2.40131
3.40451
2.49747
3.03397
2.58839
2.50164
3.09445
3.3451
2.9472
2.85067
2.52984
3.37312
2.45894
2.3606
3.14752
2.10529
2.45765
2.00066
3.32691
2.28451
2.72995
3.91407
2.54719
1.59177
2.9445
2.00047
2.35901
4.42281
2.85655
1.70029
3.16942
3.2649
2.86853
4.3261
2.30309
2.76638
2.71531
2.98083
1.22399
2.40286
2.89894
2.98133
1.72939
3.13936
2.90519
2.60132
3.50603
1.82615
2.67772
2.40289
3.19839
2.49936
2.40753
4.78201
4.07838
2.85904
2.95756
3.25356
1.82138
2.76821
2.26607
2.83205
3.80782
2.76363
1.88627
2.43879
2.25014
