4.07057
3.54401
3.66399
3.17133
3.36023
3.44177
3.8781
3.84021
4.1735
3.94059
3.94992
2.81956
3.33263
3.53543
4.05185
4.17364
3.40861
3.40584
4.24188
4.08666
3.39152
3.98564
3.77082
4.07958
2.53339
4.51306
4.25451
3.20116
3.68079
3.68326
4.06528
3.48897
4.0763
3.8098
3.72018
3.73055
3.55167
3.79572
4.61498
3.986
3.71868
4.12162
3.37237
3.57532
3.45051
4.37626
3.56766
4.00179
3.97577
3.79756
3.89624
4.00922
3.78669
3.62102
3.48973
3.97109
3.58714
3.52406
3.19567
3.62476
4.14548
4.03129
4.17512
2.81926
3.80925
4.01209
3.55384
3.8389
4.53028
3.51064
4.69365
3.983
2.89499
4.29693
3.32093
4.02863
4.43026
4.23202
3.27344
3.82963
4.02183
3.23574
4.13674
3.46217
3.90476
3.47374
3.34349
5.2338
3.84354
3.64383
4.63701
4.1427
3.76332
4.12449
4.13079
3.38409
3.82117
3.72641
3.49303
3.30942
3.51114
4.58921
3.28887
3.70008
3.37429
3.99385
3.4911
4.1269
4.27645
3.02939
3.73131
3.99633
3.20589
4.41459
3.1661
3.38058
4.00951
3.5119
3.82723
4.18259
3.4722
4.01359
3.41265
3.12298
3.73333
4.04707
3.21318
3.77294
3.79415
3.78315
3.58248
4.48287
3.79376
3.5096
4.32101
3.41179
3.98572
4.06656
3.46152
3.48179
3.46416
3.15815
3.50992
3.88112
4.1205
3.83914
4.01764
3.46856
4.90092
4.1609
3.69042
3.64368
4.25747
4.18673
3.85294
3.9702
3.73023
3.64341
3.60063
4.0918
3.46833
3.23922
4.20236
3.87036
3.53379
4.10404
3.92184
3.63022
3.87143
3.35655
3.30991
3.67439
3.38592
4.41456
4.12581
3.32036
3.39122
4.64944
3.41966
3.49023
3.65958
3.71752
4.73009
3.53571
3.7689
3.70632
4.06332
3.69021
4.6291
3.84925
4.22597
3.2382
3.31166
3.43091
3.30668
4.07615
3.60684
4.01687
3.93591
3.57276
4.16288
3.57547
3.52421
4.36837
3.56969
3.16834
3.76735
4.20703
4.16652
3.73418
3.78052
4.1323
3.73863
3.46437
3.19362
3.69232
3.71971
4.50619
3.3202
4.6697
3.35443
3.20123
3.5317
3.99532
3.88074
3.9734
3.74931
3.35359
4.10177
3.93052
4.17594
3.78823
3.63864
3.08048
3.52998
4.25255
3.47608
3.23209
3.50325
3.73501
3.59434
4.38836
3.88979
3.19474
3.95664
4.17655
4.77892
4.18262
3.59087
3.37576
4.07501
3.58807
3.83982
4.03497
3.98927
4.14869
3.66508
4.04772
3.84425
3.85331
2.78821
3.59171
4.17982
4.03055
3.33826
3.78548
3.86397
4.2521
4.0014
4.03826
3.98652
4.6442
3.6077
3.28025
3.9472
3.25802
4.25343
3.43316
4.15116
3.47006
3.15859
3.47825
3.75065
3.54417
3.89007
4.14999
3.85353
4.40527
4.06279
3.56964
3.40726
3.18172
3.97888
3.54208
3.6827
3.42661
3.75394
3.94231
5.25624
4.00862
3.8919
3.60462
3.84025
3.19432
3.5505
3.61822
4.29633
3.87137
3.20612
4.29046
2.99176
3.46001
3.48717
3.14321
3.61587
3.5359
3.85694
4.22254
3.80047
3.8895
3.13346
4.15179
3.69355
3.78595
5.32263
4.3683
4.23697
3.47587
3.54697
3.99728
3.30334
4.4496
3.41378
3.62539
3.38432
4.22322
3.30261
3.43271
4.02648
3.17835
4.59131
3.80331
3.4204
3.61933
4.64553
3.78867
3.7588
4.28846
3.84219
4.06693
3.44926
3.57299
3.36563
3.98669
3.74122
3.07794
4.22575
3.73932
3.32741
3.55923
3.44114
4.33354
4.09042
3.41352
4.05527
3.37536
3.41256
3.56102
3.57816
3.43769
3.56154
3.46836
3.06865
4.84115
3.02722
3.14615
4.83564
3.18909
3.83346
3.69834
3.62737
3.84041
3.44586
3.03877
4.53691
4.33938
3.7238
3.71464
3.30563
3.95073
3.56775
3.2516
3.69316
3.90545
3.97699
3.50255
3.99183
4.08863
3.06468
3.76283
3.81978
3.97399
3.63222
3.65576
3.48345
3.17039
4.08004
3.84751
3.88511
3.46335
3.91406
3.35282
4.25885
3.7528
4.78663
3.16996
3.49144
3.43771
3.99249
4.50309
3.86727
3.47311
4.10499
3.86737
3.19253
3.66081
5.16289
3.86303
4.85476
3.03149
4.87395
3.95191
4.04504
3.93089
3.77099
4.15412
3.49863
3.19772
3.99553
3.91796
4.64869
3.52199
3.63433
3.50614
4.06592
4.10454
3.32046
3.50109
3.70308
4.19712
4.21546
3.89623
4.24792
3.42651
3.32659
3.19155
3.93282
3.18618
3.47682
3.62718
4.26637
3.8151
3.99767
3.47975
3.79477
3.20229
3.18476
4.32176
3.40117
3.90487
3.23092
3.80581
5.18704
3.91044
4.21493
4.11985
5.08988
3.48506
3.73799
4.79728
4.14975
3.29884
4.08262
3.51251
3.47803
3.88445
4.05418
3.51159
3.60599
4.28303
3.41969
3.07614
3.34007
4.40293
3.75008
4.50589
3.14553
3.54154
3.73611
3.32437
