5.84983
5.87318
5.75216
6.37937
6.40972
6.71816
6.01462
6.13355
5.96482
6.47173
6.05398
6.61311
6.85592
7.57835
7.54693
6.37543
6.42347
6.5636
7.47883
5.92413
5.90795
6.20087
6.41101
6.60386
6.05136
6.4448
6.69347
6.2763
6.52438
6.27927
6.55428
7.15736
6.84662
7.99079
7.05256
7.1656
6.47619
5.90909
6.74638
6.9218
5.82943
6.36471
5.98712
6.68826
5.96348
6.33555
5.82791
6.27917
6.44856
6.44114
5.89138
6.09979
6.38277
6.08667
6.05744
5.94544
6.38247
5.66565
6.39044
6.10675
5.91666
6.29577
6.34133
6.08814
7.11527
6.7435
6.08659
7.66578
6.97239
5.54527
6.69439
6.62578
5.79507
5.99934
6.0534
6.1574
7.11141
7.3151
6.12415
7.45385
6.07593
5.59827
5.9728
6.29367
5.94313
6.22107
6.56431
6.47701
6.35145
6.57414
6.02345
6.00629
6.62417
7.41611
6.81484
6.74106
6.19874
6.05446
5.63778
6.81399
6.51542
6.83404
5.86865
7.35775
6.29432
6.66372
6.37174
5.92873
6.5356
6.53323
6.18805
6.27994
6.60739
6.46295
6.38076
6.50477
7.71322
6.27746
6.08477
7.58422
7.2712
6.75067
6.52571
6.03571
6.57218
7.34665
5.65561
6.78109
6.12279
5.98033
6.7448
6.2809
6.14001
6.51452
6.3705
6.7167
6.12333
5.90672
7.54071
6.22505
6.51201
6.23436
6.17202
6.24811
6.50876
6.65136
5.60499
6.16117
6.22767
6.2014
7.44733
6.29888
6.35434
6.05728
5.84166
6.14229
5.95433
6.57841
6.31415
6.79713
6.74005
6.12247
6.9807
5.96906
7.40839
5.99193
7.39841
6.03879
6.52704
7.9041
7.41418
6.43852
6.32652
6.36749
6.51325
6.48472
6.26923
7.09354
5.40925
6.10731
6.40592
6.13753
6.12348
6.27101
6.14086
5.86611
6.40999
5.84628
6.17733
6.88385
6.71729
5.7249
6.55511
6.22708
7.25213
6.18748
6.05753
6.24071
5.89454
6.03439
6.29443
5.8398
6.07746
6.12098
5.78175
5.89107
6.81255
6.1001
6.17097
5.96322
6.57497
6.31489
6.26617
6.66005
6.02043
7.15574
6.17936
6.92637
5.90876
5.88945
6.35223
6.91325
6.13732
5.38082
7.14234
7.27202
6.44249
7.18198
6.08762
6.23407
6.40364
6.20518
7.05406
5.43372
5.65169
6.2044
5.86765
6.20463
6.66316
6.39516
6.31079
6.04599
6.58533
6.12169
7.21578
6.40778
5.89241
5.94616
6.44147
7.24627
7.04929
6.52714
5.38402
5.81548
5.86951
5.63006
6.12669
6.70537
6.55013
6.21893
6.57032
5.89162
6.43301
6.17135
6.34412
7.28537
6.0689
5.71052
5.64896
6.89626
5.57998
7.49644
5.74739
8.65743
7.25246
6.28012
6.42517
7.04531
7.01852
6.8037
6.51824
6.26754
6.60929
6.14227
6.47605
5.87444
7.15726
6.05856
6.03351
6.36562
6.97903
6.39613
5.94654
6.19736
6.41372
6.46957
6.25114
6.27001
5.71934
6.32955
6.57487
6.6395
6.01748
5.66384
6.18827
6.08844
5.91038
6.03589
6.11505
6.08619
6.07657
6.19193
6.50292
6.33573
6.51581
6.93443
6.20258
6.25867
6.36661
6.20775
6.5405
6.82705
5.83091
10.0534
7.36093
6.73977
6.0759
6.3672
6.87916
6.20627
6.25931
6.31725
5.97071
6.72706
6.62494
6.48339
6.5003
6.97258
6.49546
6.71758
6.86536
5.8989
6.10849
7.1039
5.93373
6.84342
7.31439
7.46538
5.40923
6.30876
5.95765
5.85444
6.25384
6.47982
6.28399
6.32374
7.306
6.83386
6.74406
5.9783
6.65352
6.37022
6.4891
6.65014
6.00258
5.94447
5.88787
6.65025
6.01854
5.97996
7.32501
5.63178
6.5325
5.94599
6.61607
7.29285
6.45173
6.41388
6.27851
6.59924
5.71732
6.03404
6.12019
6.10597
5.83543
6.41114
6.1721
6.0335
5.87186
9.00584
5.46039
6.07913
5.91365
6.55277
6.88546
6.66041
6.0383
5.59866
6.51397
6.08407
5.85439
6.38458
6.70778
6.32521
5.88864
6.81361
6.69772
6.0419
6.52824
6.71797
5.94615
6.17134
5.82139
6.12475
6.57925
6.17437
6.1197
6.02044
5.90764
6.64846
6.00053
5.97493
6.23359
6.2298
6.06782
6.35396
6.31377
6.67038
5.89307
5.56189
6.72111
6.36564
9.73229
6.47302
7.17792
5.83679
6.21685
6.01459
5.9093
6.82276
6.43507
6.66228
6.7847
6.32419
6.05394
6.60178
6.08486
6.79593
6.74016
6.05611
6.22625
6.62905
6.13591
6.45272
6.73318
6.83065
6.68123
7.15981
5.27749
6.44997
6.29496
5.76744
6.65131
7.30459
6.68352
6.17237
6.87609
6.6072
6.42165
5.6067
5.93044
5.94412
5.94574
7.26702
6.9986
6.15749
6.07096
6.26741
6.08822
7.48396
6.46091
7.46297
6.80124
6.60253
6.77018
6.3403
6.12139
6.1536
6.21098
6.63683
5.96491
6.81494
7.22225
6.3342
6.57079
6.28395
6.20959
6.7007
6.04183
6.19464
