2.93982
2.73209
3.42027
3.01551
2.80528
2.58366
3.00129
3.05472
3.11146
2.98587
2.76546
2.87881
2.84019
2.98912
2.91586
2.79874
2.44817
2.70048
3.06758
2.85128
3.35979
2.78192
3.45483
3.07834
2.92588
3.12277
3.38096
2.7899
2.90054
2.89291
3.04122
3.02934
2.82719
3.18541
2.82928
2.74906
2.86778
2.90952
3.03156
2.78711
3.53904
2.46768
2.67975
2.78736
2.89844
2.93329
3.15804
3.05656
2.67781
2.5836
2.74875
3.08605
3.03981
2.8314
2.8523
2.79504
3.0284
3.00119
2.96129
2.66758
3.09567
2.86444
3.17403
2.80959
3.45745
2.85239
3.00747
2.90543
3.32088
2.67616
2.72669
3.11301
2.54986
2.94121
2.99618
2.84347
3.04677
2.97991
2.78529
3.43448
2.76845
3.29365
2.54355
2.82391
3.22377
2.72539
2.98052
3.21982
2.96258
3.17499
2.73008
2.88353
2.68655
2.51576
2.83521
3.46894
2.81919
3.40564
2.67855
2.98123
3.26737
2.85987
3.22975
2.8408
2.57606
3.38484
2.95966
2.59509
3.32118
2.9593
2.75496
3.25553
2.64728
2.95689
2.68047
2.53579
2.81659
2.5327
2.98124
2.84623
2.68337
2.93277
2.70778
3.06717
2.85494
3.48926
2.9152
2.62765
2.44706
2.62984
3.15937
3.23494
2.63893
2.8114
3.03237
2.89334
3.22458
3.05547
3.37964
2.93565
2.93496
2.9142
3.69604
2.90104
3.27643
2.61369
3.24674
2.63472
2.52063
3.4417
2.80762
2.7003
2.98023
2.77204
2.41202
2.78771
2.91058
2.74309
2.78969
3.2615
2.96218
2.58394
3.2904
3.44863
3.10984
3.0813
2.69918
3.12106
2.72997
2.9619
2.78403
2.51641
3.05468
2.72221
2.7715
3.00149
2.54116
2.67587
3.07263
3.06957
3.15018
2.99346
3.18468
2.91336
2.8352
3.21435
3.0047
2.58198
2.5395
2.93979
2.63154
2.93668
2.79321
2.90482
2.7097
3.149
2.87373
3.07878
3.0287
2.76203
3.08296
2.99156
3.1995
3.20514
3.46035
2.77224
2.62882
2.35106
3.34422
3.07115
3.28123
2.51393
2.48474
3.02734
2.74141
2.83287
2.71338
2.77308
2.59603
2.794
3.58594
2.98201
3.29361
2.94734
2.80134
2.71234
2.8528
2.7076
2.57752
3.12566
3.24847
2.74196
2.44466
3.1567
2.8672
3.09477
3.10413
2.96131
2.8589
3.13412
2.80334
2.84128
2.62389
2.57262
2.63738
2.99715
3.08271
3.52851
3.57396
2.97407
2.59187
3.48927
2.60606
3.09791
3.31158
2.92729
3.38433
3.16078
2.86119
3.27634
2.95007
3.01843
3.15416
2.86523
3.00678
3.27052
3.11594
2.82334
2.65215
2.91089
2.87594
3.05211
2.8893
3.10662
2.76572
2.88065
3.9512
2.84283
2.76323
2.98985
3.11775
2.75297
2.58522
2.94378
3.14069
3.14321
2.89967
3.0085
2.87923
2.87067
3.1733
3.18531
2.9783
2.74319
2.64838
3.05662
2.50947
2.90885
2.90494
2.94387
2.79393
3.4161
2.66859
2.86888
3.2685
3.03558
2.86645
2.75256
3.02721
3.01228
2.9567
2.80541
3.24094
2.56789
2.90832
2.75317
3.17795
3.29893
2.35955
2.6643
3.11187
2.69174
3.07981
3.03288
2.74032
3.1311
3.11514
2.59733
2.60467
2.76061
2.57592
3.01912
2.92188
3.25518
3.37426
2.67388
3.03993
2.82697
2.78456
2.71613
2.91559
3.01202
3.17481
3.08249
3.42484
2.93973
2.82714
2.88663
2.68449
3.14674
2.83983
2.64675
3.00812
3.19295
3.57779
2.93865
2.9483
3.12162
3.28247
3.35767
2.82994
3.07899
3.14293
3.0557
2.82864
2.81749
2.62189
3.21737
2.83501
2.4836
2.81422
2.9963
3.11715
2.52893
3.12591
3.1025
2.73078
2.81349
2.57395
3.00371
2.85894
3.01158
2.99279
2.72796
2.79779
2.90414
2.91659
2.88612
2.75054
2.89046
2.65935
2.64062
3.04304
2.87824
2.93667
2.55952
2.8579
2.86902
2.40526
3.19129
2.65828
2.8137
2.99598
3.18803
2.72183
2.78032
2.82447
2.93891
2.81725
3.17504
3.23639
3.19813
2.61875
2.48056
2.49964
2.67281
2.88849
2.56259
2.58065
2.99624
3.25996
2.91041
2.89412
2.88775
2.82732
3.35871
2.98631
3.17276
3.04575
2.85502
2.95688
3.04539
2.94311
2.90715
3.46301
2.79966
2.97616
3.12801
3.13745
2.882
2.86783
3.09784
3.11937
3.01151
2.68446
3.02543
2.74823
3.52851
2.8156
3.18159
2.60665
3.45089
3.13806
3.1088
2.91365
3.0836
2.67295
3.48251
3.13706
3.20894
2.85738
2.82
3.15568
2.91627
2.82415
2.88811
2.55527
3.13882
2.44639
2.80429
2.49923
3.03153
3.72139
2.58981
2.90434
2.77531
3.46176
2.92715
2.64948
2.81389
4.23466
3.05595
3.01248
2.99123
3.18263
2.73366
2.62402
2.63726
3.05944
3.16296
3.018
3.11773
3.06837
2.55769
2.86591
2.88135
3.08479
2.70508
2.92282
2.90466
