2.7291
2.41518
2.2927
2.20646
2.28607
2.27368
2.53959
2.33966
2.36687
2.34381
2.55233
1.70366
2.21592
2.39179
2.67234
2.63947
2.38794
2.24153
2.55541
2.62869
2.27403
2.63937
2.47457
2.67846
1.53705
2.67523
2.71029
2.15569
2.33006
2.39979
2.57973
2.3463
2.57798
2.32152
2.40465
2.54285
2.35152
2.42472
2.70681
2.67597
2.28631
2.65463
2.10481
2.34544
2.36665
2.61378
2.34883
2.63685
2.58694
2.46271
2.35745
2.57844
2.26747
2.33455
2.21082
2.49688
2.36096
2.37939
2.10315
2.45013
2.56017
2.31866
2.77024
1.88603
2.25864
2.61817
2.33501
2.12267
2.72861
2.37094
2.45309
2.61128
1.89367
2.60614
2.14187
2.64606
2.92493
2.65745
2.17018
2.44097
2.54865
2.15205
2.5359
2.18084
2.40928
2.11597
2.20244
2.826
2.62211
2.32865
2.75041
2.70974
2.46968
2.1701
2.65998
2.34565
2.36805
2.41371
2.32727
2.26885
2.25667
2.98872
2.12461
2.25837
2.19315
2.63578
2.20504
2.7298
2.71559
1.89361
2.33892
2.40495
2.14835
2.7136
1.99896
2.3119
2.62733
2.36841
2.45946
2.713
2.25781
2.51168
2.2231
2.06361
2.24553
2.71263
2.17355
2.49626
2.50742
2.62445
2.3372
2.78519
2.36455
2.31403
2.81171
2.20024
2.64587
2.60293
2.28895
2.22509
2.18296
2.05277
2.23248
2.63145
2.58135
2.32617
2.35427
2.29851
3.23902
2.56287
2.5002
2.37761
2.34377
2.50977
2.39642
2.34327
2.54013
2.19465
2.16992
2.66303
2.27877
2.24374
2.53688
2.55081
2.31257
2.71482
2.56268
2.22907
2.30819
2.16618
2.04941
2.27869
2.12872
2.7412
2.58834
2.2188
2.2395
2.50562
2.24536
2.19883
2.47875
2.43085
2.97528
2.22007
2.36189
2.55805
2.70974
2.36129
2.75837
2.51826
2.56133
2.09542
2.1508
2.07535
2.02662
2.56878
2.29452
2.74628
2.46883
2.32763
2.59021
2.44683
2.31068
2.74008
2.31444
2.09496
2.17688
2.77861
2.33003
2.31748
2.31516
2.61819
2.49705
2.2813
1.97744
2.44593
2.47529
2.77854
2.15486
2.89424
2.20018
2.04419
2.30349
2.50755
2.61545
2.48696
2.46627
2.21793
2.70099
2.42659
2.58352
2.52555
2.35095
2.04006
2.28176
2.83934
2.34672
2.03555
2.28231
2.44489
2.28243
2.9322
2.65829
2.12031
2.41537
2.53943
2.87989
2.52688
2.38292
2.25502
2.53334
2.30254
2.38017
2.63221
2.57712
2.57171
2.58868
2.67762
2.55947
2.37536
1.82064
2.34832
2.54201
2.62325
2.16925
2.54524
2.45567
2.72576
2.52394
2.60982
2.59714
3.00755
2.28845
2.41216
2.45968
1.99649
2.76068
2.24554
2.63955
2.25729
2.17987
2.14598
2.62141
2.34692
2.43439
2.75996
2.37499
2.65352
2.82565
2.39274
2.16893
2.08976
2.69113
2.41642
2.45643
2.29054
2.2238
2.53412
2.85706
2.50005
2.5618
2.38045
2.32986
2.05599
2.23885
2.43907
2.91798
2.44342
2.15913
2.54733
1.86494
2.32832
2.24054
1.8816
2.34806
2.21485
2.44505
2.6852
2.32167
2.61171
2.15173
2.43035
2.27102
2.37852
2.84467
2.74374
2.72486
2.29264
2.2371
2.63851
2.14386
2.51526
2.21062
2.36851
2.27009
2.76384
2.26319
2.11863
2.57846
2.01357
2.77635
2.45182
2.23476
2.38226
2.67484
2.31019
2.46931
2.79356
2.52489
2.51632
2.20517
2.24862
2.28131
2.51739
2.55634
1.99002
2.7447
2.37593
2.17246
2.24301
2.36126
2.63858
2.72784
2.19113
2.68478
2.27341
2.2379
2.42843
2.202
2.16014
2.27737
2.18998
1.99636
2.63814
1.91673
2.04745
2.8548
2.09914
2.39237
2.3344
2.40056
2.49497
2.26932
2.00829
2.82567
2.78757
2.36936
2.17295
2.17124
2.52338
2.35569
2.14358
2.19893
2.39863
2.47714
2.28274
2.38592
2.57216
2.03017
2.59624
2.39247
2.6471
2.42452
2.33032
2.33338
2.06961
2.51551
2.50979
2.48751
2.23129
2.30193
2.22352
2.81089
2.46801
2.85144
2.02999
2.32322
2.19935
2.49418
2.9645
2.47254
2.22259
2.794
2.43224
2.11651
2.3921
3.1686
2.29631
2.90775
1.8338
2.55233
2.48432
2.5346
2.5084
2.49321
2.69552
2.28348
1.99409
2.43818
2.60716
3.01395
2.23103
2.29836
2.16524
2.75498
2.7758
2.26911
2.10453
2.39576
2.72641
2.84414
2.31839
2.41551
2.30511
2.20062
2.07598
2.40793
2.11598
2.29269
2.49348
2.73251
2.4634
2.68772
2.30588
2.12688
2.09378
2.08088
2.88792
2.21878
2.4598
2.16808
2.41947
2.3136
2.33326
2.54823
2.4663
2.85168
2.24588
2.49283
3.01386
2.46873
2.12936
2.49015
2.1248
2.26835
2.54521
2.63162
2.33744
2.2388
2.29653
2.22516
2.09662
2.21157
2.55163
2.27042
2.75208
2.10696
2.16202
2.48902
2.08212
