4.25349
2.55276
3.70214
4.83642
3.02398
4.06475
4.75169
4.52361
4.73029
3.87742
4.90686
3.28351
3.90053
3.8949
4.04059
4.76647
3.79485
3.95681
3.1021
4.27302
4.44241
3.82235
4.41014
4.89643
5.68865
4.36659
4.12728
4.44709
5.12544
4.28393
3.61761
5.54976
3.16293
2.60561
4.91144
5.0892
4.76278
3.5342
2.69365
3.88188
4.4904
3.27937
4.97079
3.47919
3.03253
4.55699
4.61216
3.95116
6.63122
4.57001
4.68585
4.16867
4.53273
3.58874
5.30188
4.71712
4.95348
2.82395
4.80592
4.86616
5.07782
4.45812
5.85676
4.42377
4.35821
5.4112
5.30489
5.06489
4.71058
4.19741
4.93444
4.66366
3.27527
5.45701
2.98822
3.38985
3.03007
2.65322
3.06206
6.23629
6.17335
4.29197
2.92048
6.15963
3.34844
6.38316
4.98483
3.28889
5.49188
2.81716
5.2298
3.59109
3.05616
4.02437
4.77614
6.67327
4.15467
6.18168
4.72294
5.55966
4.23868
3.91281
5.96267
3.16077
4.27328
4.65749
4.73403
3.52512
5.76181
3.59621
3.71325
4.68225
5.00236
3.20195
3.20022
7.5194
3.649
3.88169
5.43854
4.08559
4.3663
5.27456
4.48668
4.07888
4.35546
2.0277
3.66678
3.96161
3.98112
3.56829
6.28538
4.74564
3.74298
3.99718
5.11181
5.1505
4.32181
4.60759
3.39442
4.53692
4.55228
2.89973
4.3876
3.41036
4.89608
3.91134
5.22456
4.78506
4.89025
4.16452
2.8789
4.69232
4.51414
4.57757
4.34891
2.82243
3.49574
5.1837
3.96358
4.16386
3.65269
6.03243
5.53945
4.74445
3.53578
3.67947
4.64033
5.38064
3.35557
3.61868
8.32224
2.89384
3.41236
4.32814
5.21841
3.24115
3.91607
5.18157
5.68228
4.13468
3.92668
5.2973
2.86706
4.60791
4.92681
3.16899
2.96412
2.79176
3.67485
3.64935
4.8155
4.84436
4.32069
3.27769
3.20441
3.71736
5.89445
3.64249
4.83445
3.86934
4.27159
5.25975
5.45463
2.91511
3.04241
4.97024
3.83349
2.9514
3.8915
3.424
5.55471
3.78062
5.27098
4.12548
4.30566
6.35329
3.06293
5.598
5.19849
3.2524
4.97698
2.92989
3.19377
4.32447
4.43211
2.96675
6.25734
4.45902
3.69154
4.13011
3.58861
4.76605
3.77556
2.54439
3.09155
4.65142
4.50703
3.17883
4.38131
4.32136
4.90191
4.91493
4.82771
4.93078
4.02515
5.89806
4.07488
3.77417
4.84647
6.11627
6.27869
5.0076
3.61497
3.74026
4.02442
3.17943
4.89557
5.42373
3.20579
2.6314
4.76526
5.28196
3.07117
4.46457
5.13059
4.55127
4.14669
6.35089
4.33469
4.44323
3.79135
4.93266
3.027
3.56891
3.39296
4.91025
2.74046
3.90795
4.57032
3.36098
4.00976
4.5749
4.3557
4.56476
4.30242
2.74505
3.1557
4.07776
4.22799
4.6271
5.78922
2.64862
2.16518
5.37224
6.77355
2.93103
2.59674
5.66358
5.5669
2.88588
4.37834
4.4677
3.71137
3.86999
5.68218
4.96976
4.1157
5.86347
2.47294
5.16672
5.17947
5.53596
3.59777
3.60783
3.87921
4.73372
6.3956
4.20528
4.0797
4.28578
5.42992
4.3015
2.41156
4.17702
3.34604
4.521
3.78796
5.66856
5.0638
4.53017
2.3396
3.65179
4.90438
4.04709
7.44197
4.543
3.38234
4.3738
4.7138
5.60718
3.20576
4.42589
5.53215
4.55142
5.07443
4.61803
4.17111
3.97681
6.51722
6.55108
4.51635
4.62498
4.837
8.63027
3.99423
4.44127
6.60744
4.15719
4.57391
5.93004
4.30949
4.59199
3.26678
4.27257
5.9122
3.9006
4.31218
4.02459
4.4729
5.70326
3.66528
3.20029
3.70292
4.87563
4.54331
3.12603
4.95174
4.41117
3.03127
4.74837
4.2399
4.71849
5.27865
4.72262
5.0135
5.56958
3.04722
2.67367
4.07849
3.93389
4.63591
4.44268
4.13181
3.76792
2.84152
2.68054
2.94368
3.75795
5.25016
3.83604
4.99986
4.82986
3.88174
4.199
2.47573
4.98774
2.74013
4.78975
3.68864
2.61233
5.42951
5.47248
5.33823
5.33026
6.10727
6.2936
4.40599
3.6271
6.54577
5.36458
4.34485
2.97657
6.50229
4.92832
4.5139
5.66695
6.05088
4.09558
3.52657
3.91096
3.97119
4.74229
3.841
3.62455
5.7554
3.75588
4.17895
4.26305
3.9162
4.58414
4.61288
4.20245
3.81855
3.62129
5.29891
3.71446
3.59678
4.51061
2.9666
3.447
3.2314
5.22277
3.442
4.62614
9.56776
3.48415
2.75807
4.34086
3.13237
3.28453
8.14407
4.235
2.6404
5.23461
4.78602
4.10737
7.21293
3.52189
4.16827
4.24826
5.35116
2.13419
3.33563
4.52632
4.1946
2.65993
4.49858
4.23882
4.46162
4.82227
2.58565
3.81932
3.29464
4.69147
3.55493
3.50931
6.00673
6.73073
5.2756
4.6852
4.70851
2.9633
4.06095
3.48552
4.09278
5.83941
3.6843
3.15148
3.69587
3.20027
