4.51471
4.4081
5.42005
4.71121
4.82721
3.85899
4.7387
5.04537
5.13645
5.29977
4.27558
4.72331
4.47074
4.72931
5.14524
4.6258
3.91922
4.23507
4.91302
4.92991
5.26383
4.23351
5.91983
5.24336
4.41286
4.92485
5.47812
4.20006
4.6321
4.36552
4.45238
4.6111
4.44805
5.24694
4.77763
5.09712
4.66749
4.84685
4.73159
4.37534
5.96459
5.78833
4.27169
4.5471
5.04058
4.49483
5.14544
4.63109
4.40061
4.29683
4.50339
4.96914
4.66562
4.64334
4.70179
4.3199
4.67455
4.6579
4.98691
3.98396
5.5278
4.41357
4.91049
4.52294
5.86753
4.1435
4.96559
4.4582
5.15754
4.3622
4.51394
5.41664
4.05231
4.80731
4.7838
5.15473
4.80642
4.74012
4.2936
5.43511
4.62498
4.89869
4.05212
4.53701
5.32399
4.24695
4.46189
6.86976
4.54188
4.93732
4.41173
4.5585
4.09275
4.27535
4.31354
6.27887
4.50958
7.90017
4.09222
4.77583
5.7584
4.85861
4.96044
5.19125
4.06865
7.50398
4.94013
3.89422
7.18943
4.78701
4.41259
4.9726
4.30756
4.6618
4.65025
3.84481
4.98405
4.00751
4.52177
4.27502
4.20862
4.41113
4.36933
4.97984
5.70573
8.46882
4.5225
4.09399
3.95685
4.15104
5.25508
5.32864
4.1632
4.56517
4.71569
4.47961
5.55112
5.01957
5.12978
5.33395
4.6462
5.13109
5.65784
4.74723
6.0332
4.17975
5.33674
4.1352
3.79982
5.41309
4.81482
4.19586
4.98719
4.37103
3.85646
4.47571
4.63884
4.70093
4.51892
4.95141
4.39894
4.29256
5.09024
5.56647
4.94014
4.98555
4.28528
7.10129
4.59497
4.85517
4.33643
3.85686
4.70206
4.51146
4.23335
4.72434
4.21671
4.12949
4.83909
4.98297
4.91113
4.69936
5.68667
4.59128
4.4177
4.90378
4.84059
4.13218
4.01256
4.65701
3.99156
5.69915
4.70844
4.40609
4.28918
4.97858
5.24317
4.84607
4.85913
4.88426
5.36023
4.67875
4.92172
5.57372
5.50235
4.40747
4.32011
4.07396
5.72735
5.09164
5.05175
4.06809
3.98412
4.53672
4.27932
4.54018
4.18412
5.01363
3.99579
4.48337
5.33659
4.67312
5.13089
4.52815
4.17726
4.33684
6.64642
5.3397
3.95662
5.21312
5.61995
4.15978
3.72742
4.56118
4.42113
4.85561
4.89808
5.50749
4.76608
4.71292
4.34309
4.92735
4.21601
4.4142
4.43033
4.4103
4.98641
5.69196
6.29679
4.55313
4.19583
5.92704
4.3952
5.05637
4.87637
4.81
5.39467
4.74188
4.69208
5.59192
4.65635
4.85471
5.46745
4.64916
4.66078
5.27043
4.98501
4.35042
5.37451
4.54827
4.38201
4.68559
4.86664
4.81012
4.67737
4.30125
8.00292
5.42794
4.3418
6.04284
4.83627
4.65008
4.10555
4.84009
5.04305
4.69853
4.47579
5.26966
4.30907
4.61566
5.16947
5.06838
4.6702
4.495
4.56627
4.49563
3.92096
4.50092
4.57265
4.77773
5.48572
5.70841
4.34035
4.78216
5.08804
5.09061
5.00305
4.36761
4.67088
5.33803
4.60416
4.73315
4.85943
4.53475
4.30657
4.36711
4.6965
5.40417
3.75104
3.9815
5.30065
4.06096
4.99716
4.54387
4.43981
5.36899
4.95617
4.32215
3.97758
4.4207
4.33037
4.63236
4.94694
5.32641
5.41234
4.25309
4.86443
4.53595
4.87309
4.45905
4.81308
4.8398
4.86085
4.75185
5.577
5.02598
4.46993
4.7135
4.72589
4.69206
4.38102
4.33022
4.70262
4.71994
6.60713
5.52214
4.46889
4.97538
5.68799
5.14482
4.50363
5.27594
5.40342
4.6533
4.48412
4.58166
4.44188
4.69629
4.35477
4.20649
4.76854
4.94953
4.68787
4.17579
4.73661
4.7719
4.07511
4.26547
4.07673
5.33193
4.43995
4.53347
4.65806
4.48021
4.63466
5.07705
4.79386
4.67032
4.53014
5.00666
4.33791
3.99389
6.05792
4.36215
4.48976
4.32608
4.42834
4.89308
3.79433
4.95616
4.03988
4.58489
4.63315
5.19762
4.36338
4.3407
4.36153
4.72736
4.61654
4.9874
5.29545
5.32143
4.33569
4.60621
4.09356
4.33261
4.67137
4.10008
4.00415
5.12385
5.19062
4.59179
5.1223
4.56608
4.53595
5.26793
4.53134
7.67945
4.56733
4.89721
4.90283
5.28239
4.40418
4.31069
5.50751
4.56254
5.48254
4.90718
5.25018
4.68242
4.82844
5.04221
6.53172
4.57683
4.322
4.70046
4.65717
6.3905
4.60882
5.31076
4.80856
5.28232
4.95124
4.85332
4.76395
4.82175
4.70338
5.81602
5.71626
5.32595
4.64371
4.40185
5.13376
4.78738
4.35872
4.40504
4.41113
5.07758
4.10093
4.72457
3.84415
4.809
5.57018
4.25862
4.69473
4.43601
5.61354
4.39615
4.07779
4.34427
6.48768
5.2655
4.77771
4.88844
5.69196
4.63191
3.9733
4.16022
4.95019
4.91889
4.48436
4.81939
4.7596
4.65555
4.88454
4.47239
5.27221
4.30651
4.80949
4.71879
