3.66
3.46973
4.29846
3.79406
3.55172
3.1474
3.77184
3.87527
3.9187
3.86579
3.44453
3.68604
3.55916
3.78534
3.84329
3.58699
3.10894
3.38987
3.92118
3.67066
4.25234
3.44117
4.41684
4.03304
3.59745
3.91512
4.23994
3.42676
3.64199
3.56549
3.69873
3.79021
3.56997
4.01066
3.60219
3.59242
3.64638
3.72907
3.81406
3.51612
4.58438
3.38243
3.3648
3.59948
3.71649
3.64348
4.05199
3.76891
3.43628
3.32541
3.45119
3.92339
3.78474
3.6219
3.64434
3.44017
3.73098
3.766
3.82087
3.28064
4.1491
3.56389
3.97621
3.59155
4.54078
3.45339
3.83294
3.5883
4.17479
3.36749
3.47601
4.15047
3.2
3.74786
3.76453
3.61361
3.8554
3.72097
3.45405
4.372
3.5677
4.035
3.2167
3.60451
4.18855
3.389
3.64289
4.42378
3.71
3.94878
3.41241
3.64419
3.32405
3.25681
3.51304
4.70703
3.60179
4.89151
3.33028
3.6953
4.35887
3.69315
3.98491
3.69798
3.21411
5.0141
3.81967
3.19373
4.66755
3.78838
3.50179
4.03301
3.36938
3.67501
3.43832
3.14008
3.67623
3.21224
3.6594
3.51097
3.34777
3.60244
3.42146
3.88498
3.80722
5.28796
3.61186
3.27184
3.13044
3.27933
4.07943
4.18274
3.32204
3.59821
3.80377
3.61758
4.25389
3.88247
4.18386
3.97077
3.71363
3.89646
4.62355
3.66064
4.2546
3.33703
4.13864
3.29301
3.11215
4.39203
3.63764
3.35226
3.89669
3.49836
3.02981
3.53229
3.64861
3.54262
3.62506
4.01834
3.59667
3.33101
4.0861
4.39232
3.92651
3.90302
3.39219
4.55791
3.56133
3.79661
3.43935
3.1199
3.80937
3.49278
3.43816
3.74828
3.26596
3.32526
3.89955
3.95114
3.93072
3.72758
4.27507
3.66507
3.49665
3.99762
3.79424
3.25314
3.2049
3.69835
3.26275
3.89524
3.54557
3.59401
3.4071
3.95489
3.78885
3.86734
3.87228
3.51907
4.09556
3.74131
3.9897
4.2102
4.37794
3.52706
3.3087
3.03471
4.22474
3.91572
4.06952
3.19418
3.15648
3.72225
3.42555
3.57703
3.36648
3.55935
3.22677
3.51018
4.43949
3.72565
4.11076
3.65641
3.42112
3.40989
4.05774
3.4865
3.20742
4.00182
4.34646
3.36834
3.01577
3.80488
3.55413
3.89675
3.91046
3.83334
3.71492
3.86762
3.50747
3.67759
3.30188
3.36555
3.40325
3.63693
3.91317
4.5229
4.64786
3.66764
3.30273
4.42369
3.28116
3.92309
4.04555
3.71285
4.25588
3.90871
3.63504
4.30675
3.6634
3.7902
4.17591
3.69294
3.7523
4.14378
3.97052
3.51413
3.68081
3.63981
3.56231
3.76637
3.65344
3.83566
3.57901
3.53044
5.60864
3.61921
3.50235
3.91395
3.9131
3.50338
3.25748
3.69734
4.01703
3.85901
3.59691
3.9565
3.51885
3.60385
4.02594
4.04124
3.7023
3.45786
3.43769
3.71746
3.11953
3.61778
3.6358
3.70333
3.7756
4.34286
3.35333
3.71835
4.13094
3.87535
3.67362
3.45041
3.77076
3.94214
3.67504
3.61419
4.01426
3.42866
3.55216
3.47586
3.89199
4.2391
2.97631
3.26158
4.06294
3.28396
3.93689
3.71757
3.47052
4.11324
3.89951
3.33685
3.21166
3.51536
3.30001
3.74657
3.78265
4.19528
4.36502
3.36031
3.85677
3.60505
3.69707
3.4974
3.65471
3.83349
3.95777
3.86155
4.32927
3.83864
3.51575
3.70157
3.50663
3.86297
3.51676
3.40306
3.76354
3.9023
4.91448
3.9092
3.61912
3.92311
4.29151
4.18682
3.58143
4.00899
4.0984
3.76329
3.55742
3.57277
3.33687
3.92996
3.49562
3.17489
3.59669
3.83142
3.88048
3.2186
3.87381
3.86576
3.32863
3.47551
3.24373
3.79442
3.58207
3.70805
3.74752
3.5088
3.5983
3.84305
3.7218
3.66792
3.55182
3.7848
3.36279
3.23728
3.91588
3.54133
3.65089
3.3105
3.57
3.73485
3.03987
4.00407
3.28093
3.56752
3.69164
4.07763
3.45366
3.47467
3.49575
3.63451
3.62139
3.9651
4.17588
4.15532
3.39187
3.37589
3.20099
3.3907
3.63051
3.26278
3.21676
3.90095
4.07359
3.6562
3.84749
3.64955
3.59942
4.2346
3.67637
4.9304
3.72532
3.69948
3.76523
3.91306
3.61995
3.54242
4.42426
3.59088
3.81661
3.94217
4.06592
3.66591
3.64034
3.90523
4.47527
3.71909
3.37866
3.75714
3.48246
4.72342
3.63739
4.09005
3.42223
4.32513
3.9248
3.90405
3.7097
3.85726
3.48551
4.57301
4.10796
4.13296
3.61074
3.49369
4.01327
3.71627
3.52655
3.57047
3.28398
4.03684
3.13832
3.62291
3.08388
3.84589
4.56517
3.27171
3.68592
3.54383
4.4583
3.57291
3.28753
3.45797
5.37433
4.02213
3.81336
3.81441
4.15675
3.52022
3.23456
3.30055
3.88013
3.96351
3.67772
3.90008
3.82602
3.34009
3.69515
3.60953
4.01423
3.41189
3.75904
3.6982
