3.47173
4.04616
3.36575
3.14388
3.25288
2.92581
3.73902
3.37604
4.29795
4.29553
3.5147
3.10043
3.07236
4.26753
3.697
3.51917
3.3959
3.50405
4.21657
3.72825
4.28481
2.90093
3.75883
3.2965
3.4566
5.02099
4.16312
4.33299
3.11739
2.83813
4.06273
3.19787
3.67489
3.81108
3.57224
3.86297
4.29627
4.15143
4.18382
3.47442
3.98611
3.90169
3.23797
3.70272
3.06129
3.97969
3.65162
3.04519
3.1519
3.77023
4.26674
4.07581
2.69026
3.56223
4.46746
3.04857
3.40921
2.75531
3.65827
3.72846
4.24536
3.35996
2.48696
3.49415
4.51447
2.20547
4.94393
4.1686
3.75856
2.88148
3.50399
2.72834
3.1698
3.76891
3.36352
3.64259
4.18263
3.93954
3.19508
3.58371
3.21153
3.1234
3.03486
3.59682
3.09696
3.49919
3.7298
3.36726
3.20304
4.29981
4.25976
4.39287
4.44079
3.47538
3.49207
3.57265
3.94674
4.05194
3.4238
3.04509
3.47949
3.66887
4.03922
3.9414
3.65054
3.66149
4.39032
3.68719
3.54939
4.4386
3.48929
3.81228
3.6973
3.41818
3.84055
2.95763
3.27933
3.18453
3.27164
4.01675
3.79062
3.99517
3.33849
3.00084
3.38464
3.29042
3.2429
2.62356
3.23542
3.2711
3.80777
3.755
3.1691
4.25833
3.03332
3.66484
4.36735
4.05921
4.12713
4.0017
2.68347
2.76715
4.06062
3.28293
2.92311
4.05353
3.08506
3.109
3.27374
5.05039
2.71214
2.69502
3.7048
4.09078
3.8822
3.27116
3.85738
3.94432
2.76268
3.07064
2.8285
3.38397
3.1718
3.22854
3.31234
4.4723
5.22796
3.63096
2.88821
4.88156
4.47562
4.00453
4.3093
3.22744
3.7841
3.53111
2.78732
3.748
3.34826
4.36919
2.7813
3.77157
2.70609
4.36753
3.33211
3.90492
3.4921
3.0306
2.98898
3.46863
3.60673
2.45287
3.75859
4.17756
3.85629
3.00393
3.07804
4.98318
3.21424
5.04499
3.23587
2.83492
3.29234
3.64871
3.73769
3.75711
3.2496
4.11516
3.7767
3.94758
4.24759
4.12382
3.90184
3.30521
4.13132
3.36218
3.25768
3.3381
3.18976
2.85425
3.35564
2.86491
4.22409
3.28917
2.61728
5.44962
3.85001
2.99548
3.45172
4.76592
4.56639
3.43583
3.32816
2.99098
3.23587
3.35473
4.17122
3.7799
3.23643
3.14491
3.65754
4.19066
3.65948
3.35885
4.50623
3.01445
4.1043
3.63497
3.14753
3.49381
3.32392
3.45848
3.41273
3.36397
4.0553
3.90934
3.41657
4.12732
3.80562
4.39668
3.97327
3.1886
4.45216
3.70383
4.80594
3.31524
2.86301
3.90926
2.7451
3.68285
3.07203
4.20846
3.7707
3.07789
4.36535
3.36374
4.87254
3.97866
2.44061
3.05209
4.19205
3.95228
3.89545
3.70897
3.2432
3.25131
4.54699
3.40414
4.32572
4.16492
3.08023
2.87653
3.7634
3.65833
3.19579
4.32307
3.1447
3.94426
3.33094
4.10975
3.12199
4.34858
3.69785
3.59718
3.0047
3.30984
3.27485
3.94402
3.69839
3.29045
3.10199
3.8825
4.0004
4.37109
2.9687
3.24537
3.33611
3.69125
4.35533
3.37801
3.41414
2.97546
2.89379
3.46712
3.78263
3.05403
4.51074
3.20353
3.70755
3.4768
3.66297
4.30386
3.06155
3.72283
3.36983
4.42718
3.37258
3.66844
4.28463
4.26096
3.98853
3.88178
3.35621
4.58607
3.22252
3.9665
4.32776
3.62882
3.52701
3.76274
3.20888
2.85875
3.01595
4.04407
2.76989
2.83129
3.84263
3.39576
4.03401
3.65846
3.13629
3.28654
3.17008
2.6817
3.76349
3.20555
4.47002
3.28919
3.12376
3.59856
3.00944
3.47326
2.77649
3.25904
4.54453
3.64625
4.0064
3.03755
3.39423
3.41892
3.10188
4.18046
3.40819
4.03828
3.35329
3.98803
3.91731
3.48521
3.58514
3.44196
3.34358
3.60132
3.75796
3.32031
3.47062
3.67523
3.52183
3.68463
2.95661
3.04948
3.4717
2.84217
3.30175
3.66084
2.92096
4.86432
3.84861
3.1824
3.82657
3.2951
3.4057
3.26296
3.28177
3.91144
3.60823
3.61482
3.71747
3.43251
4.41571
4.23631
3.63405
2.91237
4.14768
3.57256
3.77407
2.69474
3.31715
3.56303
4.19931
3.64874
3.74899
3.27223
2.9713
3.69531
3.93281
3.15154
3.70402
2.83847
4.22043
3.03372
4.10784
4.10287
3.40953
3.41708
3.45308
3.9999
3.52979
4.96322
3.65782
3.1276
3.83604
3.67579
3.14592
4.12809
3.80591
3.7132
3.72637
3.71756
3.55554
4.21239
3.82135
3.99198
4.54669
3.44143
5.65113
4.22082
3.60949
3.17592
3.30304
3.51762
4.59371
3.46033
3.84436
3.29583
3.67511
3.1254
3.15758
2.74761
4.32311
4.2037
3.58225
3.98728
3.27242
3.77204
2.85716
3.20162
3.11605
3.72104
3.83617
3.57775
2.92877
4.88672
3.14872
4.07216
3.3587
3.08453
3.87516
4.01648
3.11421
3.90914
