5.42461
6.51558
5.52212
5.04218
5.22761
4.79601
6.74419
5.25129
7.83658
7.51217
5.40733
5.01935
4.99476
6.76441
6.10803
5.7605
5.57799
5.52742
6.20575
5.69284
6.33526
5.18377
5.71636
5.73549
5.92139
7.8403
6.42522
6.5892
5.67047
5.49592
6.13871
4.84019
6.90769
5.46248
5.12583
5.56526
6.68987
7.6436
7.08617
5.37668
6.68701
5.7119
5.79426
6.16253
5.01733
6.57697
5.87072
4.60262
5.22189
5.74285
7.3737
6.91214
4.36534
6.73917
7.08956
5.22042
5.35152
4.68283
5.8447
6.1977
7.53848
5.88568
4.80371
6.30054
7.25796
4.24589
7.46323
7.01746
5.6475
4.4915
6.40124
4.32136
4.92115
5.7776
6.00601
6.36608
6.49936
6.52949
6.64361
5.70376
6.88774
5.4691
4.59383
6.02207
4.99224
5.63175
6.13744
4.97239
5.56052
6.51576
8.39133
6.63714
8.11883
5.39603
5.52216
7.61178
6.79619
8.27661
5.5319
5.41672
5.45701
6.66359
6.36612
6.20501
6.14152
5.67393
7.03651
5.68709
6.30199
7.89341
5.61102
7.87913
6.01096
6.13801
5.5956
4.69996
5.40302
4.84723
5.09059
6.24098
6.81209
6.3073
5.68836
5.07355
5.97992
5.69688
5.89109
4.53743
5.05289
5.55799
5.4469
5.67745
5.22143
6.6769
4.86696
6.07926
7.16971
6.65381
6.35301
6.59514
4.42023
4.55147
6.76272
5.84497
4.97679
6.67371
4.82623
5.91699
5.27652
9.49744
4.60078
5.47114
6.53111
6.67787
6.70606
5.49203
6.52792
6.62226
4.15827
4.90298
6.43416
5.86372
4.83444
5.16623
5.44654
7.56913
8.58825
6.443
4.75238
7.63373
6.56337
7.48626
6.94098
5.25216
6.05064
5.41786
4.60997
5.59052
5.66131
7.74469
4.40626
5.52578
4.23465
7.45905
5.48872
5.90842
5.28657
4.98777
4.75127
5.7758
5.58121
5.26403
5.64094
6.71241
5.77954
4.52654
4.76279
8.94196
5.07738
7.57837
5.29333
4.295
6.49063
5.68817
6.79111
5.97199
5.59837
8.44791
6.37321
6.58971
7.42662
6.62072
8.54671
5.39942
6.18013
5.24198
5.73509
5.39465
5.48142
4.47446
6.95175
4.65661
6.65742
5.06474
4.20979
8.89544
6.15095
5.16204
5.80532
7.14314
8.28206
5.37784
5.31082
4.86736
5.54394
5.46905
7.46151
5.68224
5.24806
6.10995
5.55608
7.47813
5.97354
5.37122
7.23345
4.84252
6.99533
5.61331
5.82402
5.36045
5.72324
5.0966
4.98961
6.60787
6.7511
6.10179
5.48946
7.67092
5.67896
7.82231
6.32615
5.3523
7.24949
5.81916
6.98274
5.35155
4.45704
7.38295
4.88086
6.25006
4.79902
6.81207
5.66661
4.87324
7.02877
5.13205
7.95486
7.35566
4.1663
5.28682
6.07864
5.77685
7.14656
6.37935
6.0374
5.3138
7.69509
5.95828
6.36064
6.40204
5.23288
5.03304
5.6124
5.66436
5.34035
8.12503
5.35785
6.21643
5.3612
7.226
5.12408
6.46554
6.39056
5.43591
4.92575
5.53498
5.27995
6.22929
5.9617
5.12378
5.31202
8.27348
6.9438
7.44946
4.88828
4.83175
7.07454
5.48283
7.03119
5.51439
5.56754
4.6876
5.72472
5.47249
6.16377
4.85128
8.85643
5.36037
6.25432
5.55639
5.57241
6.64961
5.04427
6.29554
5.08316
6.56805
5.97323
5.52951
6.74811
8.56868
7.65881
6.8807
5.55293
7.09763
5.1608
7.01764
7.23604
6.21146
5.98834
6.16235
5.49496
4.97173
4.85021
6.36686
5.19595
4.532
6.10921
5.43266
5.98979
6.01123
5.67802
5.16865
5.57373
4.47914
6.16635
6.20616
6.69801
4.94416
5.29924
5.80266
5.35378
5.75096
4.57234
5.80739
9.03279
5.84291
6.36565
4.75262
5.54423
5.66993
5.41755
6.42757
7.51405
6.19529
5.68847
6.61229
5.9671
5.28832
6.70056
5.72408
5.2643
5.81216
6.02602
6.69292
6.54252
6.16328
5.51923
5.69963
4.8783
5.15075
5.92426
4.9599
5.48984
5.78535
4.49269
7.34863
5.57058
5.628
6.13783
7.36067
5.1407
5.43491
6.37483
6.30074
6.02095
6.28001
6.53561
7.31521
7.61993
6.67473
5.56121
5.26616
6.8019
6.67702
5.71534
4.45523
5.19394
5.31223
7.26627
5.74343
6.38782
5.2825
4.78813
5.66893
6.31319
5.60242
7.79154
4.97209
6.92204
4.99692
6.16213
6.33258
5.23478
5.90611
6.66619
8.05034
5.56325
7.78792
5.91761
5.08947
5.66888
6.89506
5.16737
6.41382
6.11936
6.03247
6.02894
5.51964
6.73974
7.29183
5.69319
6.34427
6.69597
6.32715
9.83499
6.38702
5.72578
4.9779
5.69926
6.32457
9.03451
6.20821
5.8162
5.58386
5.51637
5.57885
5.69074
4.67395
6.76916
6.30314
5.5626
6.57153
5.52117
7.48934
4.59501
5.46238
4.87969
5.9379
5.9174
5.79701
4.93341
8.65986
5.15124
6.57315
5.34137
4.96387
5.84966
6.04652
5.80468
6.30312
