6.08093
6.7314
6.32399
6.19004
6.10267
5.98444
6.07323
6.54468
7.26152
7.5366
7.53647
6.32297
6.72919
6.04014
6.69318
6.27875
6.78816
6.16152
6.20558
6.21582
6.34172
6.02014
6.09369
6.67449
6.42262
5.36366
5.78819
5.73369
7.26897
5.92029
5.6655
6.30014
6.19004
6.11371
6.10765
6.00073
5.91355
6.37652
7.41482
5.91191
5.87159
6.89362
6.35389
5.9429
7.07527
6.06306
5.74393
6.69845
6.46437
7.26021
6.18617
6.0208
6.5272
6.12008
6.41025
7.62371
6.57805
6.34482
6.00386
6.76792
6.46886
6.14299
6.6111
7.77154
6.20167
6.72173
6.74873
6.23225
5.88832
6.3301
6.46175
6.38512
6.41719
7.0129
6.22859
6.02628
6.37549
6.58711
5.79009
5.81817
6.19574
6.80308
6.44775
7.05939
6.2825
6.08825
6.52529
6.91765
6.5255
6.76174
6.32941
6.11455
6.55075
6.89436
6.23288
7.70512
6.47117
7.18129
6.33763
6.51759
5.87307
6.81558
6.32804
6.93424
6.61032
5.72581
6.11411
6.2008
6.26709
6.32123
6.28307
6.11011
6.83926
6.37421
6.93353
6.38353
6.82291
7.2647
5.67517
6.69221
6.00349
6.49375
6.91431
6.77648
7.37284
6.68207
7.21109
5.18538
7.00592
6.44974
6.26708
6.30986
6.36788
6.1841
6.2002
6.12275
6.42905
6.38057
6.3575
6.22138
6.78209
6.37668
6.21098
6.58703
7.23724
7.01597
5.89102
6.59851
6.94488
7.31386
6.20182
5.54368
6.44106
6.74197
7.57898
5.97832
7.08305
6.47504
6.48795
6.88003
6.92568
5.85697
6.22937
6.00846
6.67129
6.64627
8.21592
6.99424
6.5042
6.63592
6.64963
6.65819
5.98983
6.30607
6.41172
6.52895
6.13866
6.74281
6.11636
6.89264
6.0501
6.41072
6.61969
5.69902
6.1877
6.21347
6.02643
6.0621
6.95932
6.58227
6.87438
6.75515
7.25318
6.12806
6.10247
6.25916
5.90629
6.1562
7.3594
6.68076
5.88804
5.49165
5.99023
6.50609
6.46103
6.36387
5.95996
8.92576
7.03752
6.34372
6.5398
6.17409
6.1406
6.17391
6.31349
6.33653
6.45678
6.44731
6.07516
6.81373
7.11286
6.74304
6.69403
5.98564
6.25475
6.44415
6.20611
6.59023
5.80189
8.00058
6.73982
6.69469
6.9126
6.2034
6.62852
6.57593
6.0894
6.04814
6.08704
6.32334
6.06174
6.1091
7.89524
6.51156
6.08865
9.80101
6.27101
6.32095
5.92516
5.63941
6.03696
6.67411
6.80318
6.02498
6.69568
6.48756
5.40831
6.48151
6.39883
6.07161
5.6129
5.97657
5.76293
6.77318
6.2981
7.02226
6.79488
6.03935
7.52219
6.08836
7.38846
5.97105
7.75419
6.98067
6.87962
5.8729
7.4745
7.08377
6.56717
6.14846
7.00291
6.20911
6.30879
6.343
7.29192
7.7051
6.81741
7.25553
6.46613
7.742
6.52204
6.19441
6.26466
6.76209
5.84749
6.42207
6.62471
5.85308
6.17339
6.15874
7.5022
7.6936
6.94168
6.17856
6.69439
5.56859
6.52702
6.33943
6.58829
6.51631
6.93427
6.93112
6.52307
5.90402
6.57169
5.92361
6.43201
6.65768
6.98657
7.531
6.79907
6.55171
6.94728
6.12471
6.32539
6.05005
6.68248
6.41827
6.55139
5.67838
6.19907
7.02215
6.28146
6.60247
7.31702
5.63116
6.22527
5.92627
7.18961
6.54299
5.96117
6.10429
6.3387
6.20922
6.36748
6.5002
6.24611
6.20291
6.64948
6.20542
6.38676
6.65003
7.15746
5.85893
6.50144
6.86225
6.24919
6.94793
6.47519
6.09279
5.84773
5.69411
5.56294
7.02767
6.39163
7.25383
6.788
6.6138
6.41382
6.36049
6.46218
7.43577
6.47925
5.95304
5.95923
6.23386
6.31717
6.32302
6.26111
6.25663
6.4502
7.29889
5.78562
8.01425
6.30475
6.07716
6.55255
6.02532
6.08727
5.80373
6.36087
6.89912
6.44537
6.56128
6.05193
6.23544
6.44495
6.38447
5.34765
5.45931
6.55157
6.04158
5.16192
5.82892
6.46436
6.53397
6.65446
7.08159
6.18809
6.07079
6.05786
6.46489
6.12328
6.94155
6.09379
6.2814
6.02124
6.47282
5.97955
6.42102
6.3324
6.44779
6.51742
5.68725
6.684
6.13878
5.94375
5.80898
5.69471
7.42975
5.56646
6.86754
6.40161
6.55034
6.36627
7.18785
6.79511
6.68457
6.91565
5.84732
6.25962
6.35443
6.03958
7.32159
6.47577
6.06977
5.79151
6.15613
6.00192
6.11071
6.81601
6.50219
6.39649
6.71133
6.10591
6.73066
6.47799
6.58757
5.87204
7.23211
6.23671
6.59467
5.90613
6.51736
6.29288
6.09576
6.11492
7.12848
6.88627
7.22956
5.82615
7.26959
6.77279
6.36715
5.88054
5.70591
5.6152
6.14632
6.17589
6.77453
6.1541
5.9799
5.57444
6.34004
6.35457
6.20267
6.50657
6.27816
5.85141
6.72274
5.88707
6.36572
5.8622
6.27986
6.64067
6.43287
7.28531
6.37315
5.76798
6.11154
