3.98191
3.46993
3.56527
3.10828
3.28802
3.36552
3.78594
3.73368
4.02144
3.82275
3.85236
2.74223
3.26032
3.46267
3.95696
4.06288
3.34453
3.32619
4.11741
3.99089
3.3216
3.88926
3.68281
3.98881
2.46387
4.35676
4.15587
3.12666
3.5873
3.60386
3.95689
3.41275
3.97081
3.7017
3.62678
3.65779
3.47369
3.7063
4.49412
3.90062
3.60555
4.03081
3.27168
3.49219
3.37554
4.25314
3.49198
3.91016
3.88054
3.71229
3.76635
3.91552
3.67808
3.52671
3.40222
3.87408
3.50568
3.44913
3.12089
3.5501
4.03681
3.88142
4.08343
2.75799
3.64066
3.91855
3.46574
3.70681
4.39239
3.43202
4.41059
3.89562
2.82903
4.18202
3.24504
3.93944
4.33306
4.11769
3.19794
3.73637
3.92462
3.16665
4.01512
3.37766
3.80727
3.37373
3.26867
4.98289
3.75389
3.54813
4.50989
4.04985
3.67618
3.83314
4.01316
3.31436
3.71944
3.63564
3.41628
3.23874
3.42462
4.4829
3.21015
3.60257
3.29977
3.90198
3.39909
4.03817
4.17544
2.94298
3.63834
3.87637
3.13118
4.29506
3.08973
3.31269
3.9273
3.43575
3.73635
4.07961
3.38335
3.91744
3.33721
3.02153
3.62997
3.94858
3.14535
3.68952
3.70749
3.70721
3.49863
4.35495
3.69938
3.43357
4.21126
3.33274
3.90049
3.97001
3.38171
3.38817
3.3741
3.07969
3.42321
3.80076
4.02471
3.73292
3.8979
3.39205
4.78929
4.05803
3.61441
3.55858
4.1124
4.04825
3.75588
3.84985
3.65671
3.54216
3.50476
3.99884
3.39209
3.17511
4.08752
3.78047
3.44636
4.01243
3.83231
3.5324
3.75659
3.27464
3.21642
3.57575
3.30365
4.28552
4.01938
3.24721
3.31136
4.41936
3.33977
3.39213
3.58401
3.6372
4.60353
3.44467
3.66669
3.63297
3.97142
3.60572
4.49926
3.75826
4.11273
3.1574
3.23022
3.32874
3.22097
3.96728
3.51798
3.93264
3.83366
3.48409
4.0563
3.49882
3.43659
4.25575
3.48751
3.09674
3.66036
4.11655
3.98656
3.62144
3.67577
4.02564
3.65036
3.38755
3.09722
3.60373
3.63548
4.37719
3.23772
4.55431
3.28128
3.11597
3.451
3.89276
3.80091
3.86872
3.66207
3.2779
4.00682
3.82384
4.0764
3.70576
3.5457
3.01389
3.44859
4.15878
3.40209
3.15216
3.42571
3.65104
3.51385
4.30062
3.81643
3.12121
3.84499
4.05218
4.64362
4.04948
3.51434
3.29176
3.96997
3.50069
3.73859
3.93932
3.88714
4.03899
3.6016
3.96133
3.75035
3.7424
2.72268
3.50821
4.06191
3.93367
3.25793
3.70237
3.76958
4.15039
3.8951
3.94146
3.89331
4.54041
3.52354
3.22631
3.84271
3.16704
4.15796
3.35399
4.05616
3.38836
3.09593
3.36704
3.67811
3.46658
3.78007
4.05415
3.73762
4.28687
3.98553
3.48632
3.3244
3.10882
3.89959
3.46613
3.60147
3.35385
3.64417
3.84342
4.92427
3.90168
3.79943
3.52002
3.74044
3.11376
3.46037
3.54386
4.21209
3.76764
3.139
4.17182
2.90054
3.38971
3.40772
3.05151
3.52782
3.43064
3.76733
4.12095
3.69065
3.80371
3.06758
4.01456
3.59545
3.68791
5.07699
4.25806
4.13943
3.39824
3.46422
3.90476
3.22559
4.28864
3.33441
3.54462
3.31031
4.12461
3.23734
3.33133
3.93726
3.09753
4.44736
3.70751
3.33701
3.53356
4.47251
3.67931
3.67206
4.19544
3.75327
3.96273
3.36778
3.48028
3.29265
3.89254
3.66048
3.00425
4.1189
3.64769
3.2496
3.46539
3.37129
4.20073
4.00283
3.33071
3.95436
3.30255
3.3292
3.48874
3.48609
3.34789
3.47151
3.37423
2.99461
4.68913
2.94969
3.07381
4.71086
3.11577
3.73205
3.60236
3.54321
3.74476
3.36762
2.96498
4.41906
4.23582
3.63492
3.58283
3.22675
3.85442
3.48362
3.17929
3.56664
3.80237
3.86551
3.42095
3.86896
3.96338
2.99734
3.68591
3.71248
3.88579
3.54971
3.56382
3.40671
3.09415
3.97396
3.76262
3.79395
3.37699
3.79035
3.27203
4.16587
3.66895
4.65238
3.09113
3.40976
3.34855
3.88321
4.40018
3.77766
3.38877
4.01239
3.77255
3.11908
3.57774
5.02714
3.75556
4.70403
2.94991
4.67268
3.8464
3.93927
3.84135
3.68831
4.06369
3.41514
3.11092
3.87291
3.83155
4.52745
3.43499
3.53163
3.41477
3.98121
4.01857
3.2512
3.39507
3.61365
4.09774
4.12399
3.78997
4.11719
3.34621
3.24941
3.11243
3.82204
3.11485
3.40157
3.55132
4.15145
3.72573
3.90729
3.40546
3.64973
3.12403
3.10486
4.22764
3.32116
3.80252
3.16261
3.71062
4.80275
3.80293
4.1057
4.00286
4.88456
3.39881
3.65054
4.65758
4.03466
3.21858
3.97498
3.41708
3.39564
3.78761
3.95538
3.43754
3.50531
4.10147
3.33566
3.00907
3.25591
4.26322
3.63407
4.37873
3.07704
3.45194
3.65218
3.23503
