6.41862
7.53399
6.47446
5.90964
6.18904
5.74159
7.79906
6.19171
8.81103
8.48045
6.29482
6.04729
5.91538
7.55875
7.03496
6.71934
6.47062
6.38265
7.08047
6.55617
7.21574
6.26098
6.63739
6.74534
6.94116
8.63422
7.28983
7.43158
6.52366
6.42073
6.99571
5.6779
7.86297
6.2749
5.98866
6.44596
7.59362
8.66295
8.09446
6.20524
7.6844
6.52553
6.8483
7.20514
5.84177
7.49104
6.73743
5.42443
6.35206
6.60951
8.36488
7.80602
5.22015
7.76845
8.06879
6.24723
6.26956
5.68498
6.87383
7.21881
8.53901
6.8783
5.93803
7.38034
8.12679
5.13232
8.45318
8.0485
6.46651
5.47779
7.47665
5.19396
5.84712
6.70524
7.02666
7.30802
7.46295
7.55552
7.57838
6.62106
7.75191
6.44813
5.44896
7.10502
5.89043
6.48338
7.13285
5.85312
6.50111
7.28955
9.36695
7.49746
9.07847
6.34787
6.50168
8.53752
7.74691
9.28533
6.3369
6.51857
6.32635
7.64809
7.21348
7.12043
7.20896
6.6547
8.01502
6.67737
7.39843
8.87964
6.57097
8.78197
6.98428
7.07785
6.3607
5.54002
6.31329
5.6875
6.08452
7.17204
7.81578
7.23543
6.78038
6.08527
6.89309
6.63792
6.97153
5.53471
6.02837
6.49023
6.29493
6.53593
6.21899
7.64002
5.82081
7.03479
8.00529
7.53347
7.27586
7.50477
5.40552
5.43302
7.77303
6.88339
5.9815
7.75428
5.73198
7.05874
6.30997
10.3074
5.50634
6.50742
7.51305
7.60267
7.72804
6.43765
7.58194
7.61769
4.95672
5.9267
7.51286
6.92171
5.66468
6.08327
6.47175
8.54629
9.48315
7.46045
5.63514
8.60984
7.54868
8.52526
7.87377
6.2832
7.05351
6.36841
5.67513
6.42883
6.71058
8.71901
5.23506
6.41985
5.13323
8.34812
6.49405
6.86417
6.08028
6.08792
5.66354
6.68843
6.36543
6.3686
6.71638
7.7243
6.70991
5.37528
5.64494
9.88565
6.08606
8.39036
6.12485
5.09659
7.55339
6.61922
7.78596
6.8506
6.53281
9.36562
7.33224
7.55182
8.35098
7.47313
9.33592
6.33712
7.03508
6.25351
6.751
6.30526
6.35413
5.32582
7.96602
5.70121
7.61025
5.91708
5.15692
9.82132
7.22745
6.2241
6.89123
8.03662
9.23834
6.37481
6.19269
5.83187
6.59044
6.47161
8.30307
6.54454
6.10904
7.2014
6.56105
8.45117
6.88497
6.35277
8.04931
5.8654
7.96698
6.5545
6.90211
6.39101
6.77194
6.14284
5.88664
7.56679
7.71785
7.04906
6.52084
8.70246
6.52781
8.78646
7.22012
6.4237
8.25005
6.80422
7.87537
6.22657
5.30745
8.34544
6.0304
7.11998
5.63388
7.76125
6.52583
5.80245
7.98535
6.00811
8.93519
8.37898
5.08604
6.18649
6.805
6.75953
8.09198
7.35154
6.96149
6.2977
8.55569
7.01295
7.26233
7.33229
6.35817
6.08274
6.50713
6.63464
6.43462
9.08289
6.48564
7.17189
6.32971
8.30016
6.04479
7.30617
7.42579
6.33927
5.75734
6.53323
6.2427
7.14568
6.94546
6.03973
6.34832
9.24785
8.00256
8.39868
5.87661
5.57293
8.11474
6.25234
7.9914
6.48219
6.44364
5.644
6.7886
6.36103
7.14894
5.76574
9.64387
6.45271
7.22747
6.58642
6.39959
7.72677
6.03544
7.24519
5.99137
7.45319
7.0709
6.3112
7.7066
9.55252
8.69703
7.87295
6.56021
8.0633
6.13076
8.05138
8.16015
7.12395
6.92949
7.01844
6.51333
6.12209
5.95289
7.25029
6.26838
5.55902
7.13136
6.44319
6.75069
7.00457
6.65297
6.06577
6.69427
5.56852
7.16554
7.23992
7.67609
5.80762
6.34189
6.69632
6.428
6.68482
5.46354
6.75403
9.99421
6.78294
7.2906
5.69161
6.49009
6.75045
6.34808
7.32326
8.53609
7.17308
6.65608
7.58006
6.89759
6.27009
7.59189
6.65755
6.18555
6.71571
6.97639
7.74042
7.58988
7.0786
6.5965
6.62923
5.86519
6.10298
6.93536
5.9523
6.41906
6.71376
5.32319
8.22465
6.53313
6.57145
7.03536
8.28727
5.99425
6.3721
7.49506
7.24989
7.09561
7.28029
7.52121
8.29321
8.53479
7.54651
6.46064
6.21141
7.78433
7.58903
6.51901
5.37824
6.01137
6.19195
8.26345
6.64667
7.39979
6.27493
5.85375
6.58008
7.36803
6.54425
8.84588
6.09918
7.9443
5.91065
6.98386
7.34279
6.18068
6.97453
7.73859
8.97911
6.63044
8.70677
6.90889
6.092
6.49342
7.88535
6.14833
7.2571
7.0692
7.11577
7.06314
6.46339
7.79024
8.21094
6.5086
7.28589
7.53354
7.47974
10.6838
7.19104
6.56565
5.81695
6.77735
7.35356
9.93243
7.29572
6.82071
6.66001
6.26009
6.7088
6.76259
5.71139
7.69284
7.1358
6.4246
7.51762
6.50221
8.52869
5.55359
6.41967
5.83344
7.01284
6.98828
6.90222
5.84872
9.62981
6.25115
7.5316
6.22979
5.88518
6.72096
6.90714
6.94748
7.36486
