4.13135
4.92991
4.09978
3.79699
3.91526
3.54565
4.74802
3.99706
5.63481
5.4622
4.15622
3.76301
3.71384
5.24208
4.58028
4.24843
4.1574
4.23911
4.95556
4.43323
5.01757
3.56773
4.43367
4.0668
4.28412
6.11479
4.96602
5.20037
4.07178
3.77297
4.85152
3.74424
4.91178
4.38937
4.1051
4.45093
5.21323
5.45669
5.19588
4.15508
5.00515
4.56633
4.05747
4.52272
3.71772
4.95746
4.47488
3.59141
3.76879
4.45551
5.23209
5.07791
3.24006
4.53871
5.32918
3.69846
4.07348
3.3238
4.41377
4.5172
5.4389
4.22502
3.11084
4.41812
5.49815
2.87621
5.8492
5.16379
4.44133
3.38681
4.41016
3.24565
3.73518
4.42175
4.20036
4.65199
5.07825
4.76452
4.32141
4.34752
4.50043
3.87855
3.56095
4.35366
3.70914
4.28438
4.50074
3.88591
3.9961
5.21071
5.93022
5.24376
5.88585
4.10614
4.15639
5.22549
4.99501
5.51615
4.20634
3.76815
4.1599
4.69986
4.94264
4.76231
4.43134
4.3347
5.30184
4.4011
4.34281
5.77862
4.16564
5.42434
4.50284
4.37351
4.52757
3.56266
4.01826
3.70751
3.87308
4.80415
4.81493
4.80912
4.07984
3.6051
4.267
4.08258
3.96473
3.19465
3.83732
4.09687
4.3793
4.42598
3.80301
5.09863
3.61969
4.52181
5.44124
4.9827
4.94888
4.91562
3.22725
3.33863
4.99865
4.0754
3.58436
4.83442
3.66675
3.92732
3.88908
7.27227
3.34187
3.4338
4.70578
5.0002
4.82445
4.00588
4.70232
4.85834
3.21168
3.64194
3.82759
4.19011
3.73913
3.9075
4.01994
5.58713
6.6436
4.56679
3.50823
5.86614
5.15369
5.09434
5.24758
3.89209
4.57079
4.15745
3.35515
4.42763
4.03342
5.65589
3.33335
4.38853
3.19472
5.65717
4.07104
4.59086
4.13595
3.63208
3.55473
4.3087
4.27074
3.24571
4.38309
5.12628
4.53104
3.50802
3.65449
6.66865
3.80176
6.16335
3.98428
3.31716
4.22187
4.29231
4.78763
4.50982
4.09967
6.06674
4.77005
4.84936
5.51258
5.05967
6.33886
4.04649
4.89799
3.97265
4.13652
4.02677
3.98992
3.40326
4.61805
3.41755
5.06211
3.868
3.11375
6.83693
4.59281
3.65817
4.14468
5.69532
5.98334
4.11459
3.99317
3.6101
3.93564
4.07064
5.54368
4.44332
3.91245
4.05457
4.30273
5.33204
4.49526
3.98886
5.60382
3.57027
5.11527
4.30255
3.98139
4.10724
4.01663
4.0193
3.92733
4.36409
4.95403
4.63077
4.04276
5.21732
4.48081
5.70494
4.8107
3.79585
5.45558
4.44091
5.61138
4.05599
3.38242
5.19752
3.363
4.69326
3.66455
5.12999
4.45925
3.64312
5.27554
3.97725
6.01578
5.24897
2.99978
3.82998
4.94224
4.54066
4.98978
4.65421
4.25244
3.93278
5.96529
4.16889
5.02042
4.94882
3.72455
3.49008
4.37999
4.35093
3.83392
5.84967
3.78104
4.76074
3.95037
5.06766
3.77249
5.13239
4.55004
4.25439
3.65381
4.03995
3.90845
4.77367
4.44594
3.89336
3.81132
5.72206
5.0215
5.50185
3.56589
3.81894
4.51929
4.32808
5.33493
4.11621
4.17523
3.52943
3.64923
4.14091
4.50364
3.64424
6.6049
3.87604
4.55252
4.19334
4.3296
5.10066
3.70228
4.56882
3.92584
5.20408
4.11164
4.34362
5.16048
5.90281
5.31831
4.94448
4.04935
5.45671
3.87222
5.00315
5.58036
4.54694
4.43029
4.63053
4.00052
3.42613
3.55969
4.89313
3.5151
3.37372
4.62366
4.10678
4.78928
4.5272
3.96283
3.94435
3.88776
3.22597
4.54003
4.22834
5.22578
3.84214
3.80958
4.41576
3.68779
4.21588
3.33714
4.06946
6.43691
4.46036
4.78915
3.58284
4.15985
4.15573
3.88019
5.06279
4.74127
4.83778
4.21375
4.99663
4.66477
4.068
4.69587
4.20714
4.02911
4.34835
4.54911
4.32646
4.35257
4.53845
4.15652
4.3965
3.56784
3.68901
4.31367
3.51879
3.99516
4.36753
3.44796
5.76614
4.46872
3.98454
4.62464
4.98793
3.9869
3.94221
4.04561
4.7315
4.37566
4.48573
4.59083
4.79327
5.64321
5.23158
4.28094
3.62019
5.06859
4.6228
4.46607
3.19602
3.96637
4.15366
5.27258
4.39197
4.65459
3.96219
3.5511
4.37634
4.73044
3.92557
5.07484
3.47377
5.19964
3.67972
4.84112
4.89479
4.03576
4.19865
4.30705
5.77874
4.22062
6.0793
4.46224
3.78183
4.50623
4.81685
3.79149
4.97477
4.63639
4.40972
4.52449
4.32377
4.551
5.45385
4.4993
4.8461
5.34163
4.09834
7.6097
5.04539
4.38993
3.78572
3.95875
4.49265
6.6632
4.30518
4.51987
4.052
4.35096
3.85509
3.87461
3.34956
5.24542
4.97103
4.28551
4.913
4.04845
5.05178
3.38069
3.92232
3.71643
4.4244
4.53271
4.27829
3.5729
6.39833
3.76011
4.91917
4.01603
3.72201
4.57275
4.75829
3.86008
4.69543
