3.6792
3.60929
3.18275
3.74866
3.60886
3.35993
3.99709
3.3374
3.5847
4.2841
3.85605
3.92663
3.57231
3.18734
3.83784
3.54256
3.57123
3.07606
3.34994
3.29523
3.23246
3.5539
3.44336
3.51273
3.76657
3.43494
3.87497
3.41896
4.04045
3.99244
3.19875
4.14714
4.03208
3.57857
3.95282
3.55264
3.48674
3.47205
3.47671
3.59008
3.65556
3.37524
3.02758
3.67757
3.25824
3.77949
3.53187
3.91847
3.54623
4.0665
3.71833
3.78776
3.16392
3.72701
4.2691
3.51627
3.47871
3.18256
3.73118
3.63263
3.55926
3.48284
3.56078
4.29251
3.62905
3.95956
3.80312
3.64984
3.91984
3.77898
3.49178
3.73337
3.22209
3.90619
3.39365
3.50139
3.75073
3.60857
4.65438
3.34159
3.41359
3.61133
4.09845
3.75501
3.39811
3.65895
3.68841
3.75546
3.92118
3.44327
3.35268
3.8123
3.6204
4.08046
3.52198
3.46577
3.74994
3.68748
3.54858
3.61311
3.25491
4.15969
3.88043
3.8103
3.25701
3.67752
3.97472
3.33624
4.08063
3.65729
3.63677
3.37535
3.68294
3.66668
3.43921
3.65881
3.42951
3.23538
4.70839
3.54848
4.2226
3.35956
3.77383
3.32042
4.27615
3.88105
4.16697
3.94718
3.9656
3.30649
3.4786
4.10187
3.61258
3.90345
3.59629
3.54683
3.93718
3.49483
3.83794
3.306
3.26164
3.45143
3.56967
3.7126
3.81453
3.51069
3.69531
3.71043
3.36528
3.6251
3.45943
3.59309
3.49607
3.82216
3.95353
3.27932
3.37783
3.28937
3.43826
3.90276
3.15843
4.04674
3.70045
3.37313
3.23042
3.09588
3.59808
3.76189
3.39205
3.63947
4.11354
3.22517
3.22226
3.82565
3.7243
3.69734
3.81063
3.57071
3.57046
3.61931
3.72968
4.40812
3.53873
3.37852
3.65063
4.5976
4.037
4.18549
3.35778
3.73003
3.79037
3.53417
3.55423
3.63381
4.2579
3.4567
3.47647
3.30423
3.71381
3.48541
3.28459
3.97143
3.51896
3.46739
3.76208
3.65707
3.48288
3.45591
3.68399
3.47183
3.5884
3.49689
3.53981
3.36404
4.04998
4.46091
3.49785
3.5097
2.82074
3.64979
3.36949
3.72416
3.27126
3.58155
3.68901
4.06287
3.71023
3.47674
3.65104
4.00761
3.74315
3.22705
3.5845
3.22283
3.89325
3.65362
3.69944
3.57985
3.4102
3.24354
4.00689
4.51715
3.296
3.3426
3.95374
3.50321
3.73253
3.7311
3.77108
3.5323
3.62674
3.26399
3.3991
3.91115
3.41926
3.99213
3.74342
3.74817
3.60182
3.50689
3.83891
3.56417
3.54675
4.43306
3.74178
3.81167
3.25083
3.72331
3.56054
3.37767
3.87095
3.6092
3.80622
3.52531
3.45093
4.37876
3.44065
3.70981
3.08179
3.35353
3.38655
4.05773
3.08436
3.49402
4.28156
3.66226
3.69942
3.35165
3.41535
3.3168
3.73437
3.37922
3.87415
3.76472
3.59818
3.30037
3.51303
3.83834
4.09189
3.04397
3.55981
4.25593
3.40337
3.33113
3.65298
3.71844
4.11797
3.95518
3.53301
4.05199
3.72578
4.05791
4.04109
3.92523
3.85621
3.56826
3.89248
3.52321
3.36109
3.57279
3.68863
3.36529
3.63577
3.50103
3.39505
3.14533
3.76271
3.46231
3.70184
3.75415
3.62215
3.81015
3.89421
3.13444
3.6653
3.59124
3.57308
3.52106
3.08597
3.10017
3.79163
4.12526
3.42041
3.64219
3.51892
3.85634
3.50098
3.65149
3.27303
3.50282
3.48297
4.0554
3.81257
3.49379
3.63916
3.65909
3.48188
3.56132
4.37358
3.40756
3.76336
4.236
3.78266
3.40614
3.9269
3.97312
3.45764
3.44874
3.5776
4.2855
3.29981
3.58656
3.65439
3.99261
3.84761
3.27456
3.27461
3.80938
3.89084
3.31553
3.50712
3.85531
3.2772
3.82323
3.3646
3.44261
3.64732
3.48184
3.6858
4.13462
3.26536
3.37781
4.34553
3.06672
3.53484
3.44334
3.71404
3.34831
3.45439
3.86016
3.40851
3.56677
3.89226
3.66582
3.55193
3.22676
3.6688
3.20296
3.73667
3.13454
3.92653
3.7695
3.63431
3.73137
3.634
3.63077
3.51023
3.40109
3.76291
3.7088
4.23485
3.67947
4.13602
3.65279
3.73758
3.83186
3.65016
3.99418
3.6421
3.30009
3.13425
3.71425
3.67092
3.43723
3.52831
3.65655
3.44807
3.5544
3.601
4.31622
3.55959
3.48759
3.91025
3.54432
3.34507
3.68614
3.84755
3.87826
3.74653
3.38603
3.74282
3.67565
3.49273
3.44272
3.92769
3.86004
3.64087
3.30318
4.08806
3.67607
3.28687
3.46572
4.01852
3.85732
3.36791
3.7518
3.94741
3.65056
4.15362
3.31175
3.57789
3.1772
3.72747
3.8462
3.25168
3.78397
3.68246
3.52272
3.5911
3.68178
3.21197
3.73993
3.70985
3.52153
4.08919
3.99303
4.28701
3.62291
3.5294
4.0551
3.25826
3.28371
4.23137
3.75693
3.62135
3.34796
3.5829
3.614
3.52065
3.77306
