3.25786
3.24707
3.37375
3.62976
3.29161
3.50259
3.40684
3.42813
3.34111
3.6056
3.26355
3.41596
3.81724
4.08009
4.4527
3.51354
3.32462
3.63056
4.15035
3.18246
3.27485
3.21421
3.60536
3.78034
3.21517
3.61565
3.56005
3.66501
3.71679
3.60137
3.51298
4.06335
3.47517
4.01619
3.60906
3.82398
3.66187
3.33659
3.90498
3.99533
3.25574
3.33181
3.3233
3.36985
3.28365
3.52459
3.45067
3.51245
3.43243
3.62932
3.4054
3.53227
3.3072
3.58264
3.61393
3.41767
3.36326
3.1669
3.33807
3.22313
3.27531
3.36383
3.46105
3.34197
3.83919
3.48332
3.62737
4.17885
4.03287
3.15973
3.48285
3.49063
3.28418
3.32259
3.33835
3.50545
3.98602
4.39544
3.157
3.50727
3.44504
3.21744
3.4335
3.43463
3.55799
3.76987
3.34577
3.43187
3.52836
3.3727
3.68378
3.46891
3.66511
3.6766
3.69007
3.35449
3.36666
3.43779
3.1119
3.5459
3.53937
3.76842
3.26645
3.70561
3.55627
3.86049
3.52157
3.45136
3.6649
3.64561
3.64633
3.46287
3.62683
3.70187
3.50455
3.60237
3.31021
3.44747
3.60779
3.98616
4.25937
3.79694
3.79188
3.48458
3.69819
3.4326
3.25393
3.59677
3.54439
3.37652
3.75977
3.47912
3.49794
3.19375
3.35457
3.37991
3.57173
3.23026
3.63948
3.49715
3.82828
3.59881
3.30446
3.45549
3.45697
3.17375
3.1012
3.23569
3.42666
3.35681
3.98862
3.52781
3.46937
3.37308
3.44795
3.41246
3.38687
3.51508
3.58984
3.61473
3.56107
3.40314
3.88028
3.31676
3.84103
3.30178
3.76909
3.35792
3.46545
3.53297
3.82699
3.60955
3.6722
3.4544
3.42505
3.52648
3.56005
3.36073
3.13844
3.59199
3.56152
3.25218
3.51429
3.40948
3.44653
3.46582
3.5517
3.39523
3.62555
3.52002
3.81608
3.20952
3.25888
3.53054
3.61771
3.57292
3.43793
3.47328
3.37158
3.45946
3.59745
3.40098
3.49858
3.25445
3.3245
3.51417
3.43459
3.58998
3.39066
3.09735
3.75472
3.72342
3.47133
3.58793
3.49302
3.66264
3.63577
3.70118
3.06672
3.32252
3.63134
3.71793
3.5553
3.07864
3.74815
3.95075
3.72407
3.93655
3.39325
3.28797
3.45823
3.17588
4.14511
3.1263
3.0378
3.48173
3.38731
3.33734
3.50998
3.38504
3.37914
3.57639
3.59584
3.31941
3.76488
3.55903
3.30025
3.35563
3.71596
3.67546
4.08829
3.38057
3.19008
3.03321
3.35319
3.09132
3.46503
3.44779
3.44126
3.44053
3.74177
3.3012
3.46998
3.18201
3.54643
4.0201
3.31822
3.29165
3.28064
3.55539
3.22703
3.49568
3.27472
4.16273
3.57048
3.51887
3.51101
3.67844
3.49804
3.7233
3.55356
3.43102
3.37731
3.25196
3.70159
3.19319
3.72066
3.55875
3.42643
3.63626
3.54789
3.43237
3.53784
3.39888
3.48071
3.68046
3.44135
3.20984
3.21222
3.48176
3.79218
4.02449
3.41801
3.00884
3.63655
3.21563
3.17108
3.51542
3.31823
3.32972
3.4481
3.44062
3.55658
3.48828
3.63211
3.45202
3.23944
3.43881
3.53685
3.54649
3.41996
3.44405
3.06651
4.04117
3.79226
3.55385
3.60282
3.50077
3.58874
3.32641
3.53858
3.61218
3.59567
3.53961
3.65414
3.52044
3.54419
4.06012
3.55257
3.74019
3.69838
3.26861
3.08991
3.44149
3.26852
3.60836
3.62438
3.70311
3.07494
3.26407
3.30415
3.47102
3.54349
3.49183
3.66746
3.35435
3.95569
3.60461
3.85764
3.42405
3.80665
3.77918
3.4302
3.37713
3.59478
3.22173
3.37078
3.71271
3.51928
3.26988
3.40446
3.16739
3.61914
3.50911
3.53889
3.63385
3.50112
3.64045
3.41877
3.53592
3.18967
3.31492
3.34817
3.3642
3.18593
3.5199
3.4717
3.40848
3.3428
4.14352
3.12843
3.43064
3.48664
3.67075
3.59559
3.85056
3.19991
3.08431
3.42718
3.57892
3.42167
3.4257
3.3267
3.20985
3.32457
3.53773
3.54483
3.30342
3.67316
3.48736
3.22992
3.54024
3.45168
3.43939
3.5149
3.60287
3.43002
3.31213
3.38744
3.63064
3.07327
3.46297
3.34813
3.48915
3.20381
3.61475
3.55293
3.61456
3.33711
3.11671
3.60981
3.41466
4.84029
3.60669
3.81671
3.28249
3.47413
3.34631
3.36289
3.94072
3.79218
3.68871
3.70655
3.59589
3.29819
3.52323
3.57814
4.10456
3.63853
3.48615
3.40172
3.60821
3.53495
3.7002
3.54412
3.74305
3.45797
3.80384
3.00906
3.61634
3.49162
3.1817
3.85269
3.98758
3.54799
3.3111
3.52562
3.97889
3.65511
3.21809
3.32206
3.55064
3.20751
3.81297
4.14199
3.69422
3.24472
3.63435
3.51338
3.70642
3.7078
3.52332
3.48062
3.76195
3.49321
3.43963
3.42224
3.68023
3.71268
3.59186
3.51953
3.23483
4.17952
3.87704
3.57641
3.58173
3.57549
3.52093
3.42918
3.53266
