5.22008
5.19795
4.36373
5.31896
5.04098
4.74854
5.62518
5.19088
5.09608
6.12383
5.8797
5.62454
5.11368
4.69508
5.34568
5.09013
5.02115
4.51723
5.02166
4.78436
4.62547
5.18119
5.33875
5.79529
5.41944
5.23937
5.29507
4.95469
5.61717
5.6511
4.71578
5.96706
5.72677
5.28212
5.8289
4.99367
4.77357
5.21578
4.69149
5.08759
5.52772
4.72758
4.58699
5.51824
4.76115
5.67304
4.82005
7.27553
5.02825
5.60137
5.98327
5.32681
4.48164
5.83345
6.20459
5.11704
5.06231
4.43297
5.28687
5.20677
5.11953
5.33996
5.12742
6.17714
5.18979
5.83138
5.75134
5.33944
6.05769
5.6512
4.95785
5.64538
4.5788
5.79292
5.56518
5.12469
5.36361
6.87637
7.84332
5.12524
4.92601
5.35504
6.69147
5.2639
4.90336
5.24661
5.43109
5.38583
5.44644
5.26118
5.04109
5.55447
5.16601
5.72002
5.15946
5.22848
5.93361
5.74941
5.30263
5.23046
4.92119
5.96353
5.66789
5.85527
4.82248
5.38053
5.80661
5.22586
5.82913
5.525
5.30004
4.7697
5.35972
5.20521
4.97217
5.80925
4.93674
4.73205
6.55989
5.08367
6.87794
4.67273
5.29585
4.73682
5.81803
5.47712
5.65194
5.93287
5.59411
4.78351
4.88642
6.34996
5.56474
5.25316
5.37692
5.37827
7.26673
4.90338
6.57555
4.58266
4.70401
4.92603
5.41263
5.25993
5.22037
5.55382
5.2517
5.58739
4.74683
5.20235
5.12029
5.53566
5.13863
5.34598
5.76952
4.94279
4.67525
4.92842
4.88737
5.83319
4.55617
5.76439
6.68596
4.75813
4.62493
4.45184
5.22149
5.25912
4.86727
5.7833
5.68413
4.60543
4.78607
5.67655
5.52791
5.24338
5.51387
5.10373
5.41289
6.02094
5.24897
6.13389
5.07558
5.69487
5.28406
7.10727
5.82071
6.65132
4.82461
5.24508
5.50466
4.99566
5.1911
5.25492
8.44535
4.7498
6.04009
6.26284
5.13566
5.36273
4.9124
5.91206
5.35814
4.99167
5.32111
5.92689
4.95888
5.08174
5.15054
5.30638
5.26297
4.79926
5.1687
5.18048
5.74496
6.58326
5.25667
4.78053
4.16571
5.15446
4.80742
5.30935
5.23937
5.37
5.80498
6.06078
5.27145
5.57553
5.48486
6.6164
5.00869
4.61278
5.02376
4.48141
6.64776
5.57834
5.63029
5.46093
5.13734
4.69091
6.3355
6.52754
4.80494
5.1365
5.62995
5.44231
5.31
5.47642
5.64324
5.32408
6.1296
4.57047
5.98225
5.9399
4.86383
5.51957
5.33264
5.45613
5.76106
4.90901
5.27999
4.98757
4.96463
6.48543
5.48339
6.23134
4.66385
5.22512
5.24585
4.89917
5.95004
5.2803
5.53239
5.10583
4.83745
6.32288
4.81416
5.19768
4.55949
4.88056
4.88343
5.43137
4.41427
5.5177
6.05399
5.67359
5.10832
4.87117
4.83288
4.74095
5.34618
4.89393
5.1189
5.17079
5.03694
4.77934
4.99414
6.06714
5.98644
4.38494
5.13986
6.93913
4.97701
5.19366
5.12094
5.42588
6.39591
5.72972
5.18622
6.10405
5.34794
5.88171
5.60953
5.7259
5.32378
5.38788
6.58587
5.15239
5.08723
5.15125
5.08651
4.65656
5.13029
5.08471
4.93618
4.61436
5.11014
4.72047
5.40256
5.476
5.08241
5.4347
5.66869
4.56709
5.00032
5.17163
5.4224
5.03857
5.47533
4.56972
5.53184
7.70422
4.75952
5.21889
4.91405
5.42895
5.00637
5.4135
4.58917
4.98412
5.04604
5.8705
5.41263
5.04936
4.93648
5.30429
5.24174
5.06192
7.24341
5.30543
5.37574
5.90883
5.53375
4.76453
5.72376
5.56749
4.85321
5.1818
5.31378
6.82575
4.7146
5.11847
5.4482
5.53829
7.04755
4.71334
5.1964
5.66758
5.93211
4.86834
5.03693
5.53816
6.3571
5.54195
4.74953
4.73066
5.37641
5.5576
7.11068
5.68095
5.07796
4.85692
6.7618
4.37038
5.29877
4.77546
5.30671
4.76411
5.15449
5.47179
4.73968
5.1213
5.69276
5.27139
5.20625
4.95285
5.16296
4.82792
5.76087
4.67986
5.83047
5.25123
5.72569
5.35226
5.20589
5.21606
5.14538
5.21161
5.59725
5.29842
6.25988
5.38201
5.51428
5.12564
5.17115
5.40423
5.33451
5.96425
5.98856
4.97114
4.4757
5.42673
5.45347
4.75593
5.40526
5.05302
4.84434
5.20851
5.4331
6.1089
5.07426
4.85643
5.7059
5.03124
4.82797
5.61344
5.32285
5.93118
5.29712
4.96008
6.22786
5.47435
4.76738
4.95283
7.39717
5.7065
5.2761
4.79158
5.97435
5.05538
4.69867
5.12578
5.78658
6.02525
4.89076
5.41425
5.66196
5.16664
7.31724
4.84996
5.05571
4.85471
5.31752
5.29778
4.65001
6.38326
5.69624
5.23583
5.30252
5.06805
4.59666
5.43014
5.17697
4.97369
6.48955
6.09036
5.76151
6.56401
5.0361
5.71454
4.6344
4.56191
6.29047
6.1719
5.39152
4.62768
5.56045
5.21281
4.89078
5.60857
