3.60219
4.2188
3.50932
3.27227
3.38407
3.04656
3.92889
3.49759
4.52701
4.51442
3.64097
3.23545
3.19731
4.46126
3.86913
3.66167
3.54303
3.64988
4.36871
3.86935
4.43233
3.02208
3.89581
3.43906
3.61677
5.23637
4.32348
4.50932
3.29916
3.01296
4.2241
3.30501
3.89583
3.92892
3.68015
3.98086
4.48284
4.3905
4.38093
3.61178
4.18239
4.03748
3.39111
3.86072
3.18804
4.17602
3.81629
3.15703
3.27234
3.90673
4.44495
4.25665
2.7974
3.73555
4.63276
3.17447
3.53915
2.86493
3.81036
3.88295
4.46692
3.528
2.59836
3.67248
4.69936
2.33063
5.12319
4.3534
3.89449
2.9807
3.66988
2.82898
3.28076
3.89397
3.51434
3.83618
4.37313
4.09438
3.37724
3.73651
3.40251
3.26126
3.14102
3.7426
3.21524
3.65809
3.87789
3.47043
3.35263
4.49341
4.57333
4.56587
4.70916
3.60069
3.62172
3.81904
4.14449
4.2703
3.57874
3.18571
3.61533
3.85743
4.22314
4.1073
3.8014
3.7933
4.56405
3.83094
3.69327
4.69373
3.61842
4.07501
3.85861
3.59587
3.98463
3.07844
3.42457
3.28527
3.39116
4.17148
3.97285
4.15654
3.48427
3.1148
3.5466
3.43596
3.37322
2.73153
3.35312
3.43263
3.92384
3.89006
3.28943
4.42445
3.1479
3.82994
4.57116
4.23276
4.29394
4.17634
2.7883
2.87819
4.24254
3.4306
3.05137
4.20328
3.19947
3.25839
3.39007
5.46776
2.83405
2.81992
3.89482
4.26338
4.06138
3.4143
4.02049
4.12461
2.85116
3.18155
2.9705
3.53596
3.28412
3.36225
3.45197
4.6904
5.50792
3.80466
3.00855
5.08186
4.608
4.19521
4.49166
3.35844
3.94302
3.65524
2.89791
3.88817
3.47552
4.61652
2.88942
3.89537
2.80343
4.63336
3.47582
4.04147
3.62198
3.14943
3.0999
3.63257
3.7359
2.59633
3.88576
4.36845
3.99114
3.10429
3.19298
5.30081
3.32638
5.29044
3.38597
2.93065
3.4386
3.77412
3.93484
3.90317
3.41208
4.44587
3.97453
4.12063
4.49661
4.30887
4.38184
3.45292
4.28735
3.48199
3.42705
3.4729
3.34001
2.96505
3.56588
2.9725
4.38717
3.40338
2.71362
5.72788
3.99573
3.12173
3.58445
4.96361
4.82596
3.56991
3.4576
3.11383
3.36917
3.49551
4.43673
3.91276
3.36529
3.30272
3.78537
4.39999
3.82504
3.47905
4.72735
3.12428
4.28713
3.76696
3.3017
3.61558
3.45153
3.57382
3.516
3.52196
4.22868
4.0532
3.5425
4.31696
3.94341
4.63774
4.13921
3.3047
4.6526
3.85218
4.97105
3.46502
2.96545
4.12922
2.86237
3.8865
3.18847
4.38829
3.91316
3.18984
4.53631
3.48612
5.08992
4.22119
2.54956
3.20066
4.34876
4.06865
4.07897
3.88674
3.42895
3.38224
4.84582
3.54748
4.46524
4.31853
3.20451
2.99038
3.88496
3.79526
3.31884
4.60442
3.26421
4.10723
3.44938
4.28609
3.24501
4.50739
3.85585
3.72863
3.1313
3.45314
3.39771
4.10827
3.84326
3.40885
3.2393
4.17891
4.19508
4.58742
3.08563
3.36159
3.5282
3.81791
4.5494
3.5239
3.56325
3.08322
3.02198
3.59489
3.91772
3.1701
4.89144
3.33347
3.86915
3.61963
3.79477
4.46534
3.18619
3.87978
3.48073
4.58638
3.51173
3.80358
4.45739
4.49777
4.21734
4.07783
3.48898
4.75571
3.34875
4.16312
4.58525
3.80423
3.70455
3.93389
3.36201
2.9681
3.12341
4.21245
2.90809
2.93623
4.0021
3.53757
4.19076
3.82983
3.28667
3.41933
3.30422
2.78697
3.91426
3.38971
4.62191
3.39888
3.25149
3.76184
3.13311
3.61726
2.88373
3.40867
4.85051
3.81224
4.15396
3.14402
3.54717
3.5622
3.24877
4.36335
3.58679
4.20205
3.52249
4.1914
4.07096
3.60219
3.78256
3.5832
3.4801
3.74617
3.91416
3.48822
3.62081
3.8397
3.64624
3.82978
3.0737
3.17055
3.63483
2.96995
3.43073
3.79548
3.02556
5.04783
3.97533
3.32857
3.97896
3.56332
3.51995
3.38979
3.42095
4.06782
3.75561
3.77533
3.88025
3.62861
4.64075
4.44351
3.75984
3.03668
4.32585
3.75588
3.91106
2.78798
3.44464
3.68029
4.39874
3.79773
3.92077
3.41006
3.08429
3.83184
4.09085
3.29116
3.9274
2.95722
4.41759
3.15828
4.25626
4.26208
3.53681
3.56437
3.60312
4.31633
3.66948
5.19233
3.81772
3.257
3.97456
3.88533
3.2704
4.29775
3.96608
3.84967
3.88244
3.83857
3.722
4.45294
3.9586
4.16125
4.70892
3.55707
6.06258
4.38617
3.76424
3.29512
3.42603
3.69946
4.99364
3.61618
3.97967
3.44156
3.81152
3.26388
3.2916
2.86259
4.50864
4.36119
3.72057
4.16503
3.42308
3.98693
2.95841
3.33422
3.23716
3.86017
3.97538
3.71589
3.05267
5.18095
3.2682
4.23665
3.48629
3.2095
4.01443
4.16605
3.2483
4.06558
