3.73362
4.39492
3.65496
3.40229
3.51628
3.16927
4.12561
3.62083
4.77835
4.74264
3.76861
3.36962
3.32421
4.65722
4.04514
3.80586
3.69336
3.7972
4.51928
4.01102
4.57962
3.14897
4.03184
3.58725
3.78026
5.4551
4.48422
4.68547
3.48744
3.19537
4.38475
3.41348
4.13446
4.04575
3.78753
4.09876
4.66919
4.64377
4.58176
3.74897
4.38511
4.17237
3.54998
4.02215
3.3173
4.37325
3.9819
3.26761
3.39422
4.04377
4.62923
4.4486
2.90601
3.91823
4.80177
3.30224
3.67093
2.97657
3.96272
4.03896
4.69859
3.69919
2.71593
3.85493
4.89053
2.46109
5.30398
4.5468
4.03148
3.08094
3.84347
2.9312
3.39287
4.02192
3.67327
4.03591
4.55882
4.2542
3.57794
3.89012
3.62116
3.40613
3.24694
3.89129
3.33577
3.8169
4.02934
3.57386
3.50727
4.68271
4.90346
4.73827
4.99327
3.72643
3.75311
4.11693
4.35066
4.51934
3.73577
3.32814
3.75151
4.05526
4.40682
4.27328
3.95472
3.92688
4.74269
3.9749
3.84369
4.95956
3.75055
4.37196
4.02048
3.78138
4.12608
3.19973
3.57159
3.38781
3.51127
4.32823
4.16653
4.31919
3.6313
3.23184
3.7164
3.58813
3.50874
2.84264
3.47248
3.59695
4.03914
4.02502
3.41292
4.59197
3.264
3.99931
4.78231
4.41221
4.46007
4.35586
2.895
2.99086
4.4281
3.58359
3.18206
4.35605
3.31508
3.41439
3.5098
5.92732
2.95835
2.95323
4.09093
4.44129
4.24552
3.55962
4.18621
4.30658
2.9403
3.29408
3.13223
3.69272
3.39729
3.49772
3.59282
4.91237
5.79405
3.98556
3.13099
5.28058
4.74196
4.39714
4.67732
3.49063
4.1015
3.78001
3.01015
4.02675
3.60724
4.8711
2.99906
4.01935
2.90092
4.89941
3.62234
4.17883
3.75183
3.26898
3.21207
3.79986
3.86703
2.74626
4.01212
4.56054
4.12673
3.205
3.30838
5.63706
3.44125
5.52715
3.53668
3.02684
3.60065
3.90084
4.13969
4.0516
3.58008
4.82439
4.17529
4.29723
4.7521
4.49621
4.91213
3.6016
4.44291
3.60301
3.60133
3.60961
3.49596
3.07529
3.7972
3.08153
4.55301
3.51846
2.81153
6.00773
4.14319
3.25118
3.71976
5.1556
5.09892
3.7055
3.58897
3.23743
3.50581
3.63786
4.71254
4.04572
3.49764
3.47162
3.91407
4.61877
3.99242
3.60184
4.94988
3.23465
4.48026
3.89986
3.46285
3.73796
3.58377
3.68773
3.61899
3.69737
4.40545
4.19734
3.66775
4.51763
4.08021
4.89185
4.30651
3.42331
4.85357
4.00039
5.13477
3.61469
3.06866
4.37124
2.98278
4.0918
3.30639
4.57094
4.05355
3.30223
4.71299
3.60909
5.31535
4.47258
2.66023
3.35359
4.50312
4.18566
4.27719
4.07088
3.62449
3.51643
5.14408
3.69515
4.60445
4.4742
3.33112
3.10818
4.00768
3.93354
3.44424
4.90311
3.38718
4.27142
3.57018
4.46887
3.37176
4.66587
4.01999
3.86063
3.25982
3.59821
3.5225
4.27458
3.99048
3.52834
3.37928
4.52352
4.39611
4.81008
3.20362
3.47759
3.73753
3.94545
4.74578
3.67117
3.71466
3.19262
3.15912
3.72672
4.05684
3.28724
5.31662
3.46552
4.0347
3.76327
3.92764
4.62641
3.31273
4.04327
3.59151
4.744
3.65468
3.93913
4.63233
4.7804
4.46749
4.28305
3.62475
4.928
3.4772
4.36529
4.84476
3.98469
3.88493
4.107
3.51884
3.0791
3.23149
4.3827
3.0515
3.043
4.15977
3.68022
4.34536
4.0038
3.44457
3.55179
3.44304
2.89414
4.0672
3.58486
4.77377
3.50921
3.38415
3.92656
3.26225
3.76368
2.99353
3.5643
5.20382
3.97766
4.30568
3.25171
3.70107
3.70792
3.40072
4.54463
3.79698
4.36445
3.69477
4.396
4.22296
3.71894
3.99334
3.73091
3.61761
3.89385
4.07195
3.66949
3.78107
4.00877
3.77201
3.97389
3.19343
3.2948
3.80144
3.10172
3.5645
3.93388
3.13067
5.22989
4.10106
3.48223
4.13568
3.87933
3.63536
3.52103
3.5645
4.22886
3.90643
3.94258
4.04776
3.85863
4.87876
4.64877
3.88762
3.16869
4.50777
3.95165
4.04934
2.88424
3.57373
3.79824
4.60618
3.94697
4.09821
3.54836
3.19905
3.96846
4.24992
3.43818
4.17165
3.08013
4.61527
3.28562
4.40395
4.42191
3.66326
3.71634
3.75997
4.67012
3.80896
5.4202
3.97896
3.38754
4.11111
4.10575
3.39729
4.46797
4.13053
3.98739
4.04118
3.95984
3.90322
4.70197
4.09549
4.33216
4.87005
3.67799
6.47291
4.5526
3.92067
3.41603
3.55235
3.88907
5.41669
3.7778
4.1153
3.59087
3.94789
3.40592
3.42984
2.9804
4.69487
4.51668
3.86082
4.34762
3.57674
4.2204
3.06118
3.47257
3.35824
4.00022
4.11497
3.85517
3.17914
5.48331
3.38907
4.4037
3.61608
3.33614
4.15426
4.31571
3.38911
4.22262
