3.76734
3.83823
3.6513
3.92997
3.61309
3.73911
3.63162
4.05379
4.12791
4.56258
4.13435
3.79294
3.99954
3.67849
4.09162
3.74552
4.24493
3.75545
3.90939
3.91274
3.87883
3.85395
3.77047
4.04944
4.20074
3.32546
3.63411
3.59424
4.4835
3.80994
3.44115
4.06365
3.73742
4.01363
3.82754
3.59327
3.53571
3.88695
4.45057
3.84457
3.43686
3.86456
3.78662
3.52004
3.78418
3.86146
3.54645
3.97942
4.11126
4.3825
3.76738
3.81234
4.21114
3.72693
3.74272
4.69716
4.2067
3.87786
3.61047
4.24425
3.63246
3.82606
4.04105
4.92064
3.87983
4.10359
4.16779
3.82213
3.57694
3.9342
3.78871
3.92875
3.85761
4.4671
3.81516
3.64282
4.13848
4.12667
3.52215
3.40144
3.83024
4.42701
3.82303
4.12834
3.83903
3.77617
4.07303
4.14801
4.03268
4.03131
3.79541
3.90135
3.94513
4.13942
3.95416
4.26072
3.67268
4.15208
3.95103
3.93128
3.58486
4.23826
3.89557
3.96974
4.06807
3.56583
3.86181
3.65053
3.83347
3.90366
3.95611
3.7846
4.15408
3.91918
3.92078
3.97143
4.24432
4.16841
3.54855
4.18218
3.81986
4.19759
4.01648
4.33395
4.28282
3.74722
4.65635
3.33449
4.51119
3.94341
4.02706
4.07981
3.97814
3.69138
4.01414
3.77992
4.05423
4.05915
4.06999
3.85468
4.08642
4.07479
3.96395
4.23843
4.14062
4.078
3.71457
4.08917
3.95816
4.64903
3.82907
3.46199
4.18607
4.138
4.43846
3.93531
4.18242
4.13826
3.95431
4.34491
4.07207
3.69086
3.8021
3.70074
4.05535
4.19297
5.34835
4.3182
4.03026
3.94301
4.06271
4.30256
3.66865
3.81512
3.88774
3.73762
3.74227
4.09709
3.82431
4.6025
3.81102
3.74253
4.08121
3.47762
3.90168
4.01727
3.86125
3.68678
3.91998
3.71981
4.33912
3.95277
4.79852
3.81704
3.9228
3.94853
3.79123
3.86053
4.43025
4.09789
3.56417
3.72545
3.73076
4.14267
3.93486
4.25033
3.78512
4.80782
4.22939
3.89624
4.01253
3.87104
3.75033
3.96533
4.01046
4.0068
4.00784
4.00924
3.8145
4.36644
4.25825
4.12436
3.84192
3.83136
4.03298
3.52882
3.9298
4.46283
3.51958
5.05076
4.28895
4.12169
3.57291
3.64899
4.06326
3.96501
3.47952
3.56133
3.65856
3.8342
3.49191
4.01691
4.23381
3.9934
3.77637
6.43897
3.75646
4.02787
3.86367
3.4104
3.5624
4.36481
3.75194
3.86257
4.1663
3.98266
3.40718
4.02899
3.92182
3.88011
3.52698
3.649
3.71177
4.09433
4.01109
4.39596
3.98545
3.97035
3.92313
3.74899
4.76502
3.56527
4.08497
4.10305
4.11833
3.70582
4.36703
3.91846
3.78822
3.89315
4.74522
3.80825
3.95174
4.05533
4.2556
4.12347
4.25946
4.31238
4.02557
5.06868
3.79567
3.81299
3.86927
4.24494
3.55958
4.09909
3.65285
3.41223
3.78898
4.00261
4.46989
4.83079
4.03893
3.82385
4.14855
3.44394
4.04501
3.84104
4.51234
3.91109
4.33438
4.09971
3.96435
3.72233
4.13273
3.73027
3.98227
3.89725
4.56031
3.70566
4.00029
4.2588
4.19307
3.85496
4.03596
3.80781
4.06956
4.16047
4.06455
3.51569
3.97449
4.61425
3.46367
4.00016
3.94887
3.38025
3.79151
3.73605
4.19416
4.31705
3.76632
3.75607
3.77324
3.84272
3.74148
4.01611
3.70423
3.58581
4.10526
3.72953
3.8949
3.91252
4.27347
3.79369
3.95909
4.07742
3.9711
3.97944
3.82324
3.79181
3.57408
3.6314
3.57811
4.29647
3.96208
4.31477
4.23692
3.97756
3.94209
4.08827
3.8542
4.69253
3.84559
3.7416
3.56416
3.79038
3.89692
3.77941
3.54523
3.97711
4.109
4.43244
3.68899
4.6834
4.0562
3.79771
4.23313
3.8226
3.84071
3.5464
3.9347
4.29401
3.83559
4.01037
3.71309
3.97603
4.09471
4.09742
3.2556
3.25047
3.93947
3.74708
3.27917
3.60216
4.1177
4.23712
4.32547
4.3017
3.83702
3.8878
3.86638
3.95809
3.81476
4.34952
3.53593
3.86169
3.74204
4.10353
3.74539
3.83784
3.77679
4.01778
4.1147
3.51182
4.15216
3.76866
3.69756
3.65866
3.63873
4.00215
3.55492
4.33218
4.40538
4.02092
3.86379
4.71943
3.77084
4.16191
3.78947
3.66583
3.83837
3.74065
3.75119
4.22768
4.02492
3.55874
3.53753
3.71138
3.73814
3.88213
4.23231
4.13164
4.00741
4.07848
3.68414
4.26224
4.03481
4.1657
3.63803
4.66734
4.03777
4.18063
3.42787
4.09126
3.68706
4.059
3.74938
3.81228
4.31486
4.04188
3.49308
4.52783
4.10142
3.81876
3.5881
3.58597
3.45688
3.7893
3.75148
4.23759
3.72044
3.73913
3.43983
3.81756
3.86875
3.84233
4.21129
3.67467
3.70358
4.21002
3.69657
3.8312
3.70081
3.8221
4.15681
3.82356
4.47047
3.95951
3.61219
3.86353
