5.62861
3.83354
5.09251
6.11189
4.25572
5.37494
6.0058
5.87435
6.35836
5.02903
6.47293
5.01422
5.13094
5.57195
6.06185
6.04226
5.38229
5.25788
4.54215
5.69821
6.03103
5.20801
5.29674
6.93298
7.44535
6.75439
7.00541
5.60145
6.55196
5.35626
5.07795
8.09947
4.75109
4.23174
7.13192
6.51634
7.65229
4.80095
4.17238
5.22793
5.94021
4.78123
6.43302
5.27148
4.22982
5.84165
6.75529
5.1934
9.4033
6.05477
6.75568
5.46859
6.26412
4.71286
8.63721
5.90864
6.31736
3.95975
7.74936
7.20687
6.79295
7.34093
7.39351
5.73783
5.48522
7.52148
8.14176
6.71722
6.52975
5.59835
7.12216
6.32719
5.18166
8.43411
3.97421
4.78957
4.14348
3.74649
4.78144
9.09116
8.42352
5.39682
4.20497
8.46887
4.53421
9.13726
7.80725
4.54984
7.37607
4.21652
7.0668
4.81148
4.31937
5.35647
6.89856
8.47361
6.21283
8.2573
6.21016
8.50835
5.51082
5.30666
9.1964
4.46358
5.93248
6.73172
6.69809
4.75593
7.96447
5.10035
5.17345
8.18294
7.93917
4.585
4.55182
10.4656
4.78124
5.36324
8.21583
5.2706
5.71824
7.75381
6.61688
5.40675
5.81394
2.71093
5.02759
5.62193
5.22054
4.59712
8.1773
6.18434
5.19149
6.45664
6.72533
6.83362
5.9813
7.60351
4.76832
6.4456
6.62313
4.04881
6.99615
4.75446
6.3565
5.10133
6.59094
6.0852
6.56508
5.80905
4.64847
6.13311
6.06596
6.47569
5.68066
4.22939
5.13367
7.39094
5.20398
5.85513
5.01287
7.75286
6.71885
6.415
5.41205
4.6604
5.89872
8.21569
4.76414
5.24676
9.97772
3.99979
4.75043
5.89343
8.25499
4.54365
5.37805
6.77282
7.11664
5.82205
5.5896
8.32298
4.17576
6.02087
6.64966
4.59546
4.54494
3.59036
5.31716
4.69894
7.37322
6.80678
6.80081
4.5675
4.44242
5.2009
7.82043
5.67411
6.3004
5.24928
5.54749
7.12078
6.64495
4.111
5.62802
6.03667
4.99926
4.17566
5.28553
4.82548
8.12133
5.32749
7.07553
6.1901
6.97165
8.6014
4.40212
8.41303
6.87462
4.74068
6.91374
4.04887
5.87529
6.07444
5.93634
4.10062
7.92486
5.89469
4.87795
5.70211
5.06124
6.36242
5.92843
3.64916
5.12263
5.81567
6.93171
4.60525
5.71192
6.01494
6.09583
6.46119
6.30282
6.72962
5.5837
8.19526
5.24318
5.11742
7.04547
7.49546
8.1819
6.44633
4.93997
5.05278
5.36599
4.17815
8.1255
7.88384
4.32262
3.61578
7.46125
8.05494
4.7265
7.1448
7.45534
6.67109
5.40142
8.31
7.13322
6.0799
5.26373
7.62226
4.10663
4.84452
4.54274
7.1296
3.8219
5.08405
5.88764
4.84538
5.24075
7.62521
6.401
6.92858
7.42476
4.92676
4.67072
5.58442
6.67604
6.58551
8.65739
3.86492
3.50593
6.96823
8.11117
4.001
3.68207
8.27874
7.14588
3.97205
5.86996
6.23766
6.14053
6.73953
7.26843
6.14654
5.43132
7.54194
3.57116
7.3237
6.85044
7.35159
4.94414
5.07223
5.01153
7.9849
7.7138
7.30217
6.06251
5.99528
6.96664
5.75327
3.29526
5.21831
5.03613
7.06565
5.47687
7.56824
6.64287
5.70571
3.51532
5.57838
7.30854
5.37903
9.98219
5.76598
5.54138
5.84391
6.05249
8.69366
4.89948
6.23225
9.20239
5.74404
6.62894
6.22762
5.97682
5.08321
9.7972
8.61387
5.9955
6.82972
6.68637
11.4211
5.21854
5.68999
9.17522
5.43572
6.30777
8.21297
5.51912
6.44705
4.52294
5.79259
7.44
5.87199
5.57096
5.6015
6.3549
7.49002
5.42743
4.65104
5.62671
6.13423
6.06684
4.67175
8.05352
5.63059
4.69364
7.20838
5.64535
6.89825
7.09119
7.75377
6.56017
7.20035
4.93696
3.66577
5.59697
5.23923
6.83688
5.69695
7.15596
4.97823
4.14853
3.63322
4.06796
5.24289
7.15184
5.30536
7.08595
6.61643
5.18874
5.37486
3.42833
6.63863
3.84235
6.88799
5.3363
3.89916
8.24569
8.15026
7.3976
7.58349
8.02543
9.18311
5.64742
4.87241
8.11759
6.78273
5.77201
4.06128
8.01427
6.27772
6.09076
7.10667
8.65136
5.49654
5.03158
5.14192
5.29835
6.24227
5.04456
5.13218
8.21679
5.16408
5.46643
5.94224
5.53907
6.33132
5.9344
5.52265
4.92731
4.90699
7.9435
5.08003
5.26961
6.13907
3.9223
4.61554
5.248
7.84856
4.93166
6.88142
12.564
4.62563
4.48319
5.74359
4.47559
4.63487
11.2358
5.62837
3.98158
6.78049
6.25785
5.54352
10.0572
4.86762
6.06759
5.55123
8.46056
3.53821
4.36675
6.49576
5.41569
3.73688
5.97572
5.62375
7.24004
6.22226
3.45033
5.13143
4.60669
6.4807
5.04141
5.16877
7.39445
9.35778
8.34441
6.06594
6.13011
4.46537
5.3898
4.80933
5.66132
8.79225
4.84424
4.59949
5.30452
4.57277
