4.69927
2.91867
4.11403
5.19653
3.42419
4.48053
5.15116
4.93924
5.25255
4.24092
5.40699
3.84326
4.26732
4.41853
4.7066
5.15198
4.26691
4.38516
3.51259
4.68514
4.96726
4.24351
4.68391
5.61393
6.31157
5.23153
5.11908
4.82354
5.58311
4.62368
4.05575
6.41179
3.68097
3.08396
5.63278
5.54793
5.71693
3.93714
3.06717
4.2762
4.99645
3.70972
5.45679
3.96512
3.37494
4.95614
5.32227
4.33168
7.83904
5.06827
5.38295
4.57727
5.10167
3.91707
6.59933
5.0786
5.37783
3.15424
5.95303
5.56623
5.57057
5.50382
6.37334
4.84844
4.73465
6.10602
6.29383
5.64074
5.25464
4.62172
5.67838
5.19313
3.78962
6.58783
3.2823
3.80361
3.36399
2.97384
3.59211
7.33993
6.94246
4.66037
3.31902
6.9575
3.68449
7.41922
6.08347
3.62679
6.10325
3.24092
5.87975
3.94931
3.43019
4.4246
5.38031
7.3099
4.77042
6.87059
5.17893
6.69529
4.64636
4.34123
7.22452
3.55032
4.77579
5.37761
5.29402
3.92125
6.43694
4.05647
4.15414
6.13935
6.08294
3.64918
3.59726
8.83444
3.96203
4.33182
6.43001
4.45852
4.80144
6.01859
5.14872
4.51064
4.80795
2.2182
4.05275
4.50055
4.35683
3.87917
7.02486
5.23708
4.20607
4.73584
5.59088
5.65989
4.81226
5.57923
3.81835
5.17238
5.24058
3.26147
5.17798
3.82132
5.36965
4.27942
5.68495
5.18716
5.45876
4.6862
3.36816
5.14341
5.01561
5.17926
4.77326
3.23331
3.98981
5.80741
4.33856
4.6778
4.07335
6.63604
5.91524
5.28522
4.10016
3.9812
5.08876
6.31947
3.72919
4.09016
9.0229
3.21755
3.84004
4.81972
6.4181
3.6403
4.38525
5.72535
6.17235
4.70604
4.40796
6.40152
3.22845
5.04952
5.46353
3.63229
3.38451
3.02399
4.20839
3.96427
5.66028
5.51515
5.07111
3.62021
3.57474
4.1715
6.58172
4.25407
5.31368
4.29992
4.68826
5.8447
5.86058
3.26488
3.85577
5.32811
4.18667
3.3207
4.35835
3.87456
6.46279
4.25286
5.86158
4.74659
5.16413
7.11523
3.47765
6.76188
5.74695
3.67403
5.61205
3.24265
3.87461
4.88359
4.90507
3.29332
6.83335
4.90527
4.07063
4.59118
4.03298
5.29276
4.49528
2.88233
3.59438
5.03385
5.263
3.59758
4.78288
4.82111
5.28452
5.4636
5.31695
5.54263
4.50908
6.67779
4.46539
4.20226
5.54022
6.53418
7.00001
5.44405
4.01839
4.15472
4.42552
3.4577
6.16834
6.33193
3.55027
2.91357
5.81399
6.26673
3.50511
5.39238
6.01382
5.31176
4.57143
7.10504
5.36905
4.94619
4.26601
5.83362
3.34243
3.98053
3.75578
5.63353
3.05273
4.29184
4.98007
3.80915
4.38477
5.79102
4.94735
5.28794
5.43275
3.27411
3.58979
4.47976
4.98369
5.24078
6.95667
2.97946
2.50701
5.89604
7.23197
3.24243
2.92936
6.5915
6.11414
3.19514
4.83252
5.04993
4.35274
4.86115
6.1949
5.34765
4.54498
6.46275
2.78581
5.86729
5.67967
6.13293
4.00127
4.06066
4.20344
5.86971
6.87391
5.30089
4.69452
4.83439
5.92826
4.75069
2.66557
4.50216
3.8743
5.33093
4.27693
6.39698
5.57008
4.8742
2.66151
4.25449
5.69636
4.46878
8.39907
4.92973
3.95152
4.83211
5.1676
6.71895
3.67223
5.02413
7.14765
4.93026
5.59851
5.11899
4.74695
4.3315
7.85257
7.37693
5.01909
5.2884
5.47267
9.95492
4.38146
4.83206
7.66098
4.56415
5.13117
6.70395
4.69746
5.18626
3.6135
4.71617
6.41664
4.36782
4.67773
4.52731
5.00808
6.26147
4.20198
3.6371
4.18492
5.31993
5.03725
3.55447
6.06711
4.75582
3.52195
5.54882
4.6828
5.45057
5.88602
5.81693
5.51411
6.23518
3.5643
2.95599
4.5462
4.31249
5.41153
4.8355
5.29327
4.15214
3.21529
2.96882
3.26647
4.22441
5.9476
4.31415
5.73725
5.43088
4.27436
4.55643
2.74272
5.55548
3.07804
5.44149
4.15152
2.96017
6.47704
6.45544
5.98922
6.03621
6.8343
7.3949
4.77509
4.03679
7.10282
5.85128
4.80737
3.29226
7.05969
5.35777
4.99163
6.15977
6.95223
4.54819
3.98913
4.27641
4.39831
5.23416
4.21056
4.07656
6.65188
4.20256
4.57285
4.83778
4.44246
5.14841
5.02482
4.61762
4.15189
4.00104
6.1735
4.158
4.09236
4.99421
3.25103
3.80598
3.77204
6.06549
3.88452
5.40088
10.9831
3.81868
3.2353
4.78406
3.54612
3.64738
9.55021
4.6826
2.99048
5.78843
5.25893
4.54702
8.35764
3.94994
4.69817
4.70317
6.52278
2.51809
3.64738
5.11691
4.57842
2.98225
4.97102
4.68795
5.35809
5.26087
2.84744
4.23785
3.65436
5.24403
3.94387
3.96484
6.42555
7.69549
6.37723
5.17147
5.18495
3.42686
4.4848
3.90802
4.53954
6.87702
4.02089
3.59924
4.18565
3.56109
