4.5729
2.81102
3.99495
5.09158
3.31085
4.36298
5.0392
4.82068
5.10397
4.13777
5.26557
3.68402
4.16175
4.26692
4.5165
5.04116
4.1293
4.26589
3.39193
4.56524
4.81769
4.12168
4.60699
5.41441
6.14103
4.98459
4.82458
4.71804
5.45381
4.52774
3.92693
6.16068
3.53362
2.94307
5.42238
5.41825
5.43323
3.82319
2.95459
4.16216
4.8566
3.58275
5.32144
3.82027
3.27525
4.84192
5.11841
4.22212
7.53469
4.92925
5.18694
4.46133
4.94036
3.82256
6.2423
4.97589
5.25774
3.05758
5.63642
5.35595
5.42767
5.20527
6.2289
4.72832
4.62998
5.9101
6.00804
5.48231
5.09765
4.49998
5.46809
5.0419
3.63358
6.27092
3.19772
3.68418
3.26801
2.88094
3.43752
7.04491
6.7221
4.55835
3.20462
6.7351
3.58561
7.13418
5.78592
3.52619
5.93303
3.11803
5.70215
3.84657
3.3211
4.30946
5.19812
7.13654
4.59034
6.67571
5.05044
6.37309
4.53154
4.21853
6.87937
3.43756
4.62889
5.17581
5.12497
3.80922
6.23977
3.92444
4.02686
5.74806
5.77629
3.52236
3.48238
8.50771
3.87019
4.20142
6.14286
4.35248
4.67815
5.79487
4.95695
4.38898
4.67788
2.16265
3.93919
4.34819
4.24914
3.79013
6.83119
5.1006
4.0749
4.51811
5.45437
5.51186
4.67008
5.28102
3.69641
4.99217
5.04447
3.15856
4.93628
3.7036
5.23651
4.17468
5.55846
5.07358
5.3012
4.53715
3.2209
5.01519
4.87439
5.00844
4.65249
3.11186
3.84859
5.62013
4.2308
4.52938
3.9527
6.47115
5.80933
5.133
3.93376
3.89589
4.96703
6.03876
3.61852
3.95142
8.84754
3.12417
3.71861
4.68112
6.08827
3.52626
4.25224
5.57393
6.03844
4.5466
4.26647
6.08769
3.12209
4.92378
5.30956
3.50093
3.259
2.95705
4.05628
3.87397
5.41351
5.32479
4.84166
3.51847
3.46736
4.0397
6.39256
4.07443
5.17849
4.17797
4.57125
5.67634
5.74915
3.16291
3.61422
5.22955
4.08557
3.21425
4.22823
3.74699
6.2076
4.11609
5.69455
4.56581
4.91425
6.89986
3.35926
6.45566
5.59293
3.54919
5.43038
3.15032
3.64985
4.72417
4.77047
3.19825
6.67469
4.77914
3.96367
4.45599
3.90402
5.14585
4.29049
2.78566
3.43522
4.92769
5.04331
3.47453
4.66807
4.67675
5.17627
5.31385
5.17987
5.37241
4.37
6.45525
4.35667
4.08094
5.33879
6.4141
6.80649
5.32001
3.90239
4.03688
4.31081
3.37689
5.81602
6.08278
3.45152
2.83145
5.5301
5.98089
3.37297
5.12077
5.77436
5.10173
4.4542
6.90592
5.07919
4.80006
4.13167
5.5711
3.25087
3.86404
3.65273
5.42508
2.96202
4.18455
4.86249
3.67967
4.27647
5.45783
4.77145
5.07091
5.10588
3.10115
3.46123
4.36308
4.76108
5.0618
6.64559
2.88124
2.40281
5.75038
7.10629
3.15243
2.83391
6.32569
5.96373
3.10478
4.7019
4.88499
4.14765
4.56887
6.05063
5.24171
4.42443
6.30013
2.6942
5.67033
5.53535
5.9629
3.88564
3.93064
4.10968
5.52874
6.74512
4.98091
4.51773
4.67856
5.78933
4.62336
2.59185
4.40995
3.721
5.08964
4.13153
6.20308
5.4279
4.77513
2.5659
4.08169
5.46951
4.34943
8.13724
4.82075
3.77463
4.70173
5.04197
6.3964
3.53089
4.85486
6.73931
4.82394
5.45202
4.97528
4.58311
4.23172
7.49707
7.16305
4.87956
5.0943
5.29427
9.64459
4.27176
4.72191
7.385
4.44912
4.97408
6.4828
4.58811
5.01622
3.51157
4.58766
6.27528
4.22065
4.57249
4.38402
4.84835
6.10312
4.04665
3.50919
4.03976
5.19885
4.8973
3.42685
5.73828
4.65578
3.37728
5.31765
4.55686
5.24159
5.71686
5.49731
5.37387
6.06363
3.40828
2.87344
4.41219
4.20355
5.19321
4.72452
4.96392
4.04311
3.10598
2.88613
3.17278
4.0909
5.75724
4.17913
5.53317
5.26301
4.16187
4.45398
2.66461
5.39798
2.98134
5.25093
4.01374
2.85589
6.17878
6.17856
5.79928
5.83251
6.64104
7.09168
4.66914
3.92183
6.95198
5.71726
4.67757
3.20011
6.91008
5.23707
4.85445
6.02528
6.6988
4.4209
3.85549
4.17124
4.27758
5.09688
4.10498
3.94537
6.40216
4.07533
4.4602
4.67794
4.29258
4.98645
4.9078
4.49985
4.05632
3.89151
5.91619
4.03201
3.94689
4.85442
3.16949
3.70271
3.60755
5.81692
3.75546
5.18159
10.6521
3.72157
3.09478
4.65948
3.42745
3.53971
9.20467
4.55714
2.8877
5.63998
5.12588
4.42067
8.0504
3.8285
4.54162
4.57878
6.19537
2.40433
3.55829
4.94518
4.46969
2.88962
4.83679
4.56116
5.08687
5.1359
2.7724
4.11836
3.54747
5.08434
3.82933
3.82946
6.30527
7.42819
6.06185
5.03903
5.05156
3.29243
4.36502
3.78831
4.40943
6.57117
3.92284
3.47141
4.04377
3.45431
