2.87075
1.61409
2.5248
3.72647
1.87544
2.73432
3.34779
3.25388
3.13603
2.71189
3.23566
1.77012
2.79982
2.51295
2.2654
3.55382
2.50526
2.4158
1.99249
3.07019
2.87834
2.60962
3.36969
2.919
3.47953
2.48223
2.42543
3.15236
3.64794
3.15761
2.46655
3.60348
1.80155
1.46741
3.16142
3.60657
2.80642
2.26105
1.77377
2.64696
2.8037
2.15569
3.34505
2.22258
2.04315
3.31955
2.70965
2.84389
2.95183
2.92136
2.71366
2.86179
2.87905
2.52988
2.73812
3.46161
3.51022
1.93132
2.64305
3.17155
3.59062
2.2653
4.18148
3.1281
3.04348
3.32665
3.10329
3.16666
3.09814
2.92523
2.82993
3.10318
2.09475
2.97729
2.08297
2.17507
2.03232
1.73189
1.77344
2.79914
3.99048
2.94943
1.80911
3.81037
2.39511
3.70989
2.53596
2.39449
3.37513
1.69624
3.02123
2.47637
2.05657
2.81596
3.25146
4.27771
2.50464
3.96405
3.13829
3.51019
2.89048
2.60732
3.06489
2.05073
2.88272
2.72323
3.31627
2.2941
3.86515
2.27502
2.43162
2.18288
2.56246
1.91742
2.04911
3.22062
2.7429
2.56251
3.29841
2.90289
3.00806
3.22759
2.64979
2.72253
3.04745
1.45596
2.62248
2.35158
2.81194
2.5727
3.32921
3.13296
2.33301
2.22154
3.49707
3.70565
2.9146
2.85797
2.18388
2.79465
2.66109
1.83882
2.6772
2.21062
3.30613
2.68625
3.47165
3.34824
3.03506
2.65456
1.73627
3.26503
2.93454
2.8774
3.06422
1.85686
2.01515
3.51526
2.83387
2.73545
2.43145
3.87922
4.24884
3.00086
2.18709
2.64218
2.97347
3.39173
2.30444
2.37656
4.51568
1.91348
2.13733
2.76251
2.8306
2.05234
2.49628
3.48037
3.71946
2.43735
2.6313
2.71525
1.89767
3.20745
3.29468
1.83768
1.8604
2.04978
2.25606
2.66
2.91436
3.10632
2.71614
2.31152
2.17896
2.46257
3.77466
2.04902
3.30908
2.48066
2.89462
3.609
3.93098
1.94618
1.40736
3.61337
2.72891
1.88389
2.38367
2.09979
3.24386
2.51484
3.42994
2.4981
2.35411
4.01035
1.86852
2.97659
3.35084
2.18675
3.21114
2.07529
1.93317
2.66049
2.96364
2.03134
4.20152
2.99982
2.45177
2.90259
2.35505
3.03796
2.01118
1.55524
2.01179
3.24814
2.38222
2.11289
3.11272
2.8038
3.65616
2.93693
3.22958
2.98847
2.64307
3.7135
2.77199
2.4767
3.0856
4.80692
3.81138
3.50116
2.42252
2.48049
2.7784
2.32733
2.64474
3.13999
2.20703
1.80795
2.11563
3.19067
2.04743
2.63132
2.88129
2.45132
2.67273
3.39384
2.17031
3.08852
2.38836
2.79528
2.10723
2.313
2.25609
3.0649
1.84813
2.62059
3.34014
2.13404
2.91786
2.28332
2.82029
2.94516
2.34062
1.74225
2.05945
2.80754
2.47877
3.03691
2.82001
1.7856
1.39204
3.50011
4.91761
2.01706
1.63327
3.44111
3.61896
2.0155
3.00851
2.7681
2.46162
2.06478
3.88688
3.6474
2.74668
3.55492
1.62735
3.01533
3.60598
3.79652
2.36729
2.31521
2.85159
2.80902
4.3558
2.13992
2.4022
2.64669
3.67577
2.84888
1.66796
3.12883
1.99678
2.78735
2.56254
3.1449
3.42585
3.41577
1.5227
2.07647
2.81493
2.69202
4.38656
3.21941
2.15566
2.90028
3.11836
3.30651
2.11792
2.7252
2.14207
3.18743
3.53666
3.13901
2.49274
2.79778
3.115
3.54016
2.88541
2.89882
2.98515
3.55906
2.75939
3.10094
3.48877
2.82162
2.75089
3.75307
3.04904
2.90704
2.2912
2.92334
4.1039
2.74432
3.12591
2.53254
3.12574
3.90925
2.23101
2.1033
2.44134
3.18347
3.084
1.99784
2.90483
3.31871
1.83267
2.74029
2.86837
2.78725
3.26216
2.56302
3.26302
2.89133
1.86138
1.87695
2.69661
2.75234
2.5885
3.14617
2.13195
2.59833
1.85964
1.81585
2.00254
2.4338
3.01866
2.3645
2.87747
2.97602
2.656
3.04953
1.72628
3.20723
1.7494
3.09799
2.4974
1.76926
3.22331
3.165
3.59599
3.34784
3.35966
3.71336
3.24054
2.31292
4.26378
3.56895
2.8431
2.10491
4.27409
3.3899
3.09688
3.7731
3.61913
2.64881
2.2872
2.78305
2.63618
3.03792
2.69824
2.34347
3.31252
2.43873
2.97609
2.51598
2.44
3.0263
3.27926
2.88463
2.80222
2.47539
3.29397
2.39864
2.30527
3.08065
2.06053
2.4108
1.94875
3.24601
2.23143
2.65718
3.78508
2.50005
1.54459
2.87519
1.94975
2.31494
4.32439
2.7897
1.65748
3.07026
3.18411
2.80909
4.20675
2.24764
2.70157
2.64186
2.90082
1.1879
2.35588
2.82381
2.91663
1.68513
3.0745
2.84059
2.52827
3.43882
1.78886
2.6256
2.36158
3.1272
2.44774
2.35862
4.71928
3.96464
2.77109
2.86926
3.18261
1.77511
2.70433
2.20965
2.76986
3.72172
2.71827
1.82996
2.38457
2.20438
