3.49275
3.4919
3.59655
3.84669
3.53796
3.77098
3.6411
3.68194
3.5748
3.87124
3.48939
3.68881
4.08274
4.47243
4.86368
3.77119
3.58124
3.9018
4.5136
3.40505
3.51072
3.44026
3.85393
4.07796
3.44107
3.88244
3.82252
3.89963
3.96254
3.85048
3.81718
4.3492
3.76211
4.48845
3.91168
4.15998
3.92808
3.57331
4.21959
4.30487
3.48037
3.60359
3.53857
3.63755
3.51491
3.79821
3.67088
3.76024
3.70192
3.90073
3.63369
3.78426
3.53149
3.82724
3.85585
3.65612
3.64052
3.38924
3.64266
3.46549
3.48878
3.5907
3.74243
3.58205
4.17449
3.77701
3.87238
4.61713
4.34817
3.36124
3.72899
3.75972
3.54388
3.55253
3.57694
3.78165
4.2694
4.7327
3.40087
3.82898
3.68136
3.42377
3.66728
3.68059
3.7871
4.01102
3.61338
3.6955
3.78613
3.61893
3.90582
3.68198
3.90005
3.95222
3.97381
3.59576
3.60301
3.6995
3.33135
3.85556
3.80737
4.02349
3.50799
3.98389
3.80226
4.13322
3.81139
3.68071
3.95059
3.91586
3.88936
3.69297
3.92028
3.97568
3.77672
3.87427
3.66261
3.67953
3.86325
4.39612
4.59854
4.06728
4.0451
3.71035
3.95651
3.76912
3.45955
3.91625
3.78696
3.60653
4.04642
3.73705
3.7407
3.45237
3.60252
3.6399
3.81552
3.44886
4.00374
3.73805
4.09019
3.83912
3.52808
3.69032
3.71347
3.45511
3.30205
3.48826
3.66269
3.61018
4.37928
3.77311
3.7447
3.61089
3.68316
3.65774
3.62984
3.81493
3.80449
3.91487
3.79485
3.63615
4.19982
3.55153
4.19594
3.52827
4.08893
3.60844
3.72566
3.91536
4.11962
3.85393
3.92562
3.72067
3.66422
3.82024
3.8169
3.64338
3.34752
3.84652
3.82406
3.48107
3.74532
3.66239
3.69195
3.68366
3.81225
3.61965
3.85227
3.80118
4.09664
3.4478
3.5156
3.7767
3.96318
3.82836
3.68429
3.69925
3.59773
3.68986
3.83381
3.65505
3.74709
3.50493
3.53534
3.74396
3.68683
3.81161
3.64058
3.31412
4.0219
3.99126
3.71289
3.86594
3.73359
3.96882
3.89779
4.00064
3.3039
3.54712
3.8794
4.01038
3.78914
3.29273
4.0227
4.26596
3.97801
4.26903
3.63182
3.50928
3.72485
3.44169
4.44572
3.3304
3.24969
3.71379
3.63511
3.56755
3.76217
3.61035
3.62932
3.81449
3.8995
3.56747
4.06827
3.79409
3.53561
3.59806
3.97002
3.99563
4.42949
3.66523
3.38072
3.26295
3.59702
3.31958
3.71001
3.73902
3.70998
3.67755
4.02739
3.5409
3.77188
3.41804
3.80824
4.40765
3.55375
3.51432
3.49603
3.8058
3.42251
3.8353
3.49591
4.69565
3.85658
3.73234
3.7766
3.94614
3.79503
4.00392
3.81261
3.69936
3.62854
3.50893
3.95278
3.43642
4.06079
3.79698
3.67373
3.87822
3.80274
3.69196
3.75989
3.63619
3.72824
3.94664
3.68606
3.43244
3.42514
3.73717
4.03561
4.30148
3.6429
3.22934
3.86647
3.45742
3.39025
3.74544
3.57727
3.57013
3.68889
3.68402
3.81743
3.7297
3.88388
3.78116
3.46682
3.68194
3.78963
3.79876
3.69556
3.73914
3.29305
5.37398
4.10668
3.82473
3.83795
3.76028
3.94491
3.60265
3.82239
3.87653
3.81952
3.80618
3.94954
3.79005
3.7785
4.36339
3.81898
3.98496
3.98829
3.50934
3.32408
3.69711
3.49753
3.89597
3.94756
4.11518
3.28482
3.52988
3.55408
3.6968
3.77812
3.75406
3.93149
3.59441
4.2308
3.88492
4.17524
3.64261
4.09465
4.0503
3.71854
3.62788
3.8086
3.44754
3.60434
3.96733
3.73929
3.48101
3.72548
3.38829
3.8737
3.74542
3.80141
3.9293
3.7683
3.91372
3.66432
3.79982
3.40175
3.54953
3.57232
3.58773
3.42126
3.78323
3.73165
3.64258
3.56285
4.79889
3.32937
3.68637
3.7114
3.94332
3.92099
4.10839
3.45012
3.30276
3.68699
3.82434
3.64766
3.66973
3.62291
3.44162
3.55614
3.82938
3.82059
3.54144
3.93584
3.71981
3.47263
3.77803
3.68275
3.66651
3.76546
3.84442
3.67567
3.56607
3.61163
3.90289
3.30847
3.70429
3.58505
3.73804
3.41109
3.85838
3.81265
3.89714
3.5862
3.33911
3.88384
3.66524
5.73523
3.8763
4.1792
3.52582
3.68561
3.55853
3.61355
4.21525
4.04088
3.94169
3.99494
3.83998
3.52787
3.80223
3.80475
4.40693
3.89661
3.70673
3.65308
3.88397
3.78229
3.97046
3.82163
4.02462
3.73854
4.17637
3.21479
3.88501
3.73831
3.4206
4.16643
4.34966
3.84323
3.56072
3.79144
4.23496
3.91429
3.41936
3.54578
3.76435
3.43895
4.11932
4.41149
3.93549
3.48392
3.8975
3.73336
4.04094
3.95643
3.80563
3.77783
4.01409
3.77814
3.67415
3.66448
3.90416
3.94653
3.88174
3.75874
3.47857
4.52619
4.13462
3.85708
3.85412
3.81548
3.83364
3.67487
3.7742
