3.27581
3.31029
3.20093
3.4409
3.12175
3.26863
3.13494
3.56327
3.54661
3.81867
3.34822
3.30056
3.33864
3.22606
3.50583
3.17674
3.6616
3.27067
3.41915
3.43074
3.3839
3.35138
3.29493
3.50608
3.66161
2.89436
3.21541
3.09807
3.82712
3.34179
3.0267
3.53985
3.27424
3.51989
3.34689
3.12457
3.04736
3.39458
3.7389
3.43305
2.98582
3.29455
3.27057
3.08247
3.14646
3.36993
3.10916
3.37996
3.59605
3.71639
3.26104
3.36503
3.70512
3.25185
3.23092
4.04574
3.68958
3.41858
3.14954
3.7301
3.07438
3.34026
3.45983
4.02279
3.39418
3.53007
3.64207
3.34633
3.14538
3.40561
3.2508
3.45074
3.3155
3.86763
3.32236
3.14103
3.62021
3.57834
3.06074
2.94956
3.33433
3.87079
3.31743
3.55007
3.30582
3.28922
3.51174
3.55097
3.50886
3.45873
3.2598
3.42115
3.38172
3.62805
3.45855
3.5074
3.13389
3.5668
3.43911
3.38451
3.13751
3.69462
3.37709
3.44141
3.45811
3.13435
3.39953
3.15924
3.3661
3.40935
3.45446
3.28335
3.56897
3.37801
3.36664
3.41659
3.74671
3.47062
3.09131
3.64995
3.3259
3.6379
3.37809
3.78969
3.52763
3.24637
4.0522
2.91629
3.89918
3.42435
3.46394
3.5732
3.49526
3.22464
3.53082
3.33779
3.54391
3.55964
3.53894
3.3805
3.50238
3.54414
3.48667
3.68037
3.54791
3.52616
3.31908
3.50951
3.35363
3.94471
3.35316
3.04595
3.66108
3.54559
3.73742
3.48746
3.54309
3.59306
3.45364
3.69321
3.52667
3.19356
3.29022
3.243
3.54632
3.63417
4.62474
3.72151
3.45514
3.40818
3.4789
3.68898
3.20361
3.32904
3.28999
3.22381
3.27024
3.59079
3.35539
4.00089
3.31029
3.18937
3.54913
3.04066
3.40181
3.50766
3.37119
3.22439
3.32529
3.16954
3.69889
3.34815
4.11797
3.35834
3.43838
3.40476
3.33649
3.3646
3.77116
3.51279
3.11708
3.33762
3.25525
3.59622
3.4555
3.71372
3.32411
3.57423
3.62699
3.41643
3.44847
3.35797
3.2737
3.44847
3.46452
3.47108
3.4016
3.54464
3.31441
3.76014
3.48702
3.57528
3.30779
3.39919
3.53779
3.01407
3.44611
3.89259
3.02335
4.14839
3.69711
3.58425
3.03363
3.1368
3.43385
3.42068
3.01764
3.06404
3.16313
3.32125
2.99224
3.53607
3.39025
3.43028
3.31906
4.08717
3.22221
3.54773
3.38459
2.98203
3.09542
3.75821
3.19512
3.39347
3.59144
3.51082
2.99057
3.48639
3.40208
3.38951
3.08337
3.15095
3.26
3.55332
3.43304
3.72577
3.44282
3.50343
3.29405
3.26848
4.07069
3.08715
3.28672
3.38917
3.54796
3.22966
3.75234
3.38284
3.29229
3.3912
4.15596
3.24982
3.50465
3.54688
3.60637
3.38514
3.73415
3.71308
3.4981
4.26731
3.28525
3.24793
3.39417
3.68478
3.13742
3.58619
3.1574
2.9524
3.30929
3.52799
3.79925
4.0354
3.45822
3.33084
3.61007
3.04165
3.47725
3.30621
3.92641
3.33122
3.69577
3.38281
3.38895
3.26351
3.5654
3.26066
3.47071
3.31704
3.96479
2.99735
3.37766
3.67804
3.53344
3.35347
3.50419
3.3342
3.50927
3.62155
3.46293
3.07023
3.47064
3.97572
2.96432
3.42502
3.388
2.99547
3.29196
3.30035
3.59366
3.73874
3.30434
3.31622
3.26672
3.33778
3.27911
3.51511
3.1303
3.11345
3.56231
3.28174
3.31873
3.33362
3.55088
3.36862
3.4749
3.41663
3.47211
3.38072
3.31779
3.29971
3.12117
3.17514
3.17883
3.64965
3.40253
3.6565
3.62316
3.4489
3.40519
3.55476
3.32035
4.0895
3.3035
3.26722
3.09904
3.26286
3.40093
3.28725
3.06106
3.49354
3.65236
3.84134
3.23896
3.92302
3.56318
3.35856
3.65425
3.30844
3.36568
3.10838
3.41065
3.65563
3.31574
3.4813
3.23658
3.46075
3.55931
3.57621
2.83838
2.83103
3.44824
3.26364
2.88558
3.14846
3.54371
3.64263
3.74419
3.64366
3.38133
3.42315
3.38848
3.38729
3.31614
3.68135
3.11828
3.33182
3.28774
3.55383
3.29413
3.32491
3.28969
3.49692
3.58787
3.06271
3.53152
3.31633
3.21548
3.20248
3.18439
3.39137
3.13383
3.65358
3.86981
3.49333
3.36429
3.97646
3.18033
3.63358
3.28294
3.21839
3.32356
3.25469
3.27246
3.49108
3.49258
3.1197
3.09897
3.23501
3.2344
3.43781
3.66884
3.62725
3.46822
3.40501
3.25128
3.63371
3.48283
3.64457
3.19048
4.02126
3.48101
3.59249
2.97083
3.55538
3.1604
3.55753
3.23175
3.22102
3.67279
3.47333
3.02144
3.8941
3.49043
3.32269
3.13002
3.1333
2.99876
3.33188
3.29028
3.63796
3.22653
3.23798
3.00294
3.27815
3.35547
3.36323
3.63234
3.18874
3.25292
3.65529
3.25348
3.3549
3.22769
3.29111
3.55616
3.31749
3.80905
3.43424
3.19708
3.36566
