4.46552
3.8758
4.12268
3.46334
3.69206
3.78395
4.29833
4.32837
4.93986
4.4727
4.40183
3.16218
3.65705
3.86202
4.48563
4.6814
3.69492
3.76191
4.82793
4.52557
3.70023
4.42735
4.16945
4.47993
2.8498
5.28253
4.67828
3.54968
4.10637
4.02955
4.55348
3.83387
4.55315
4.30959
4.15353
4.04931
3.8991
4.19178
5.11899
4.36388
4.29004
4.51826
3.85988
3.95248
3.79365
4.94077
3.90291
4.41217
4.40907
4.17332
4.59947
4.42265
4.27392
4.08442
3.88439
4.40017
3.94939
3.86144
3.53149
3.95204
4.62542
4.76488
4.58712
3.09754
4.87146
4.44219
3.99446
4.43449
5.20293
3.87217
6.1057
4.36936
3.19209
4.80372
3.65882
4.42185
4.8554
4.74194
3.61592
4.24748
4.46967
3.53862
4.71885
3.84092
4.33205
3.94032
3.68044
6.40992
4.27944
4.09666
5.17462
4.56019
4.15797
5.78669
4.70972
3.71038
4.28
4.1441
3.83735
3.6318
3.91254
5.06437
3.64186
4.12843
3.70769
4.42123
3.9193
4.52513
4.72721
3.44774
4.14389
4.56389
3.55804
4.9585
3.50831
3.68573
4.36522
3.86022
4.2393
4.65277
3.8976
4.42453
3.74413
3.8096
4.19901
4.5169
3.51613
4.14741
4.18411
4.12938
3.96042
5.08829
4.20817
3.84419
4.87067
3.76274
4.35923
4.48898
3.8374
3.92879
3.8785
3.52687
3.90247
4.24196
4.53345
4.33877
4.54883
3.81332
5.39496
4.61147
4.02503
4.02648
4.91794
4.90552
4.27741
4.51774
4.05403
4.09479
4.01929
4.49603
3.8115
3.53201
4.70957
4.27671
3.94074
4.51207
4.32795
4.07123
4.42035
3.73345
3.77121
4.12586
3.75047
5.00544
4.61353
3.65454
3.75607
5.85226
3.77854
3.99056
3.99352
4.07142
5.31114
3.95152
4.2421
4.03881
4.47497
4.05898
5.20255
4.26191
4.7314
3.61784
3.68889
3.90625
3.6863
4.56926
4.00308
4.3995
4.38699
3.98622
4.64047
3.92267
3.94864
4.86684
3.9361
3.495
4.2353
4.5987
5.15509
4.29094
4.26235
4.61463
4.15877
3.80919
3.67046
4.11589
4.10389
5.12178
3.70049
5.16602
3.67704
3.62146
3.89459
4.46161
4.2347
4.44773
4.15779
3.69627
4.53381
4.40244
4.60365
4.15475
4.0741
3.37649
3.89026
4.67845
3.81235
3.59731
3.84395
4.11128
3.94362
4.76354
4.21005
3.52471
4.4886
4.75569
5.38288
4.82697
3.9293
3.86257
4.56225
3.97742
4.29573
4.46527
4.44993
4.6416
3.94228
4.42431
4.29116
4.37302
3.08714
3.96659
4.72353
4.47757
3.70088
4.15753
4.28586
4.70051
4.49983
4.47838
4.4106
5.09723
3.9755
3.52129
4.41365
3.68345
4.67113
3.79169
4.56496
3.84203
3.43736
4.04079
4.07751
3.88919
4.41768
4.58567
4.40125
4.93551
4.39885
3.95742
3.78537
3.5145
4.32926
3.88029
4.04454
3.75349
4.2522
4.38767
6.84542
4.50315
4.31622
4.00145
4.28152
3.5633
3.95925
3.95152
4.66111
4.35057
3.50344
4.82028
3.47507
3.76952
3.83939
3.56759
4.02128
4.10772
4.24761
4.67601
4.31848
4.27898
3.43726
4.82243
4.12796
4.23553
6.40263
4.85414
4.67224
3.83039
3.90832
4.41911
3.65045
5.21501
3.76967
3.97741
3.7219
4.66162
3.59488
3.93516
4.40916
3.55256
5.27436
4.23996
3.80526
4.00243
5.50932
4.3137
4.15528
4.69694
4.24372
4.52145
3.81347
3.99834
3.70142
4.40036
4.11414
3.41168
4.72938
4.15455
3.67943
3.995
3.74915
4.93923
4.47044
3.7897
4.53514
3.7128
3.79286
3.88947
3.99539
3.85404
3.9816
3.92659
3.41107
5.47355
3.38609
3.47565
5.35735
3.52326
4.30413
4.13782
4.00902
4.28263
3.80189
3.38432
5.06045
4.79791
4.12425
4.39743
3.67138
4.38901
3.94878
3.57757
4.40127
4.36501
4.5204
3.87142
4.56972
4.8016
3.36536
4.11348
4.3388
4.37386
4.00712
4.0758
3.83024
3.52351
4.55041
4.23037
4.29026
3.85723
4.49722
3.72641
4.67026
4.12396
5.34575
3.53264
3.87096
3.84861
4.50044
4.95656
4.25499
3.85572
4.53134
4.27971
3.5334
4.02723
5.75289
4.34213
5.54895
3.39258
5.80632
4.4304
4.5302
4.3241
4.13646
4.55052
3.87467
3.60783
4.58847
4.30624
5.26145
3.91573
4.1586
3.91309
4.44775
4.48845
3.63847
4.00571
4.10051
4.64885
4.62942
4.36018
4.82379
3.80245
3.68354
3.56673
4.46468
3.51116
3.80721
3.97073
4.84604
4.21184
4.41293
3.81154
4.50576
3.5732
3.56222
4.74493
3.76162
4.37859
3.53744
4.23689
6.81828
4.37595
4.68704
4.64463
6.11992
3.88281
4.1325
5.48461
4.65064
3.66613
4.56058
3.95658
3.85733
4.34738
4.50208
3.8424
4.07042
5.15563
3.80558
3.38632
3.79704
5.04159
4.31315
5.08502
3.45986
3.94224
4.11307
3.7417
