5.12094
5.06982
6.21846
5.32449
5.85738
4.54524
5.46915
6.02401
6.07911
6.46686
4.87927
5.43586
5.16114
5.45372
5.96596
5.37204
4.55521
4.97138
5.58753
5.9213
5.98682
4.87368
6.97824
5.96874
5.04697
5.68174
6.40321
4.81599
5.45451
5.02562
5.02553
5.23384
5.09226
6.18277
5.67053
6.05475
5.38859
5.62563
5.34568
4.99622
6.98076
6.99986
4.98904
5.30291
6.09385
5.10909
5.88525
5.27105
5.09396
5.09822
5.23189
5.66824
5.34755
5.40745
5.50945
5.09826
5.44734
5.30557
5.84318
4.53158
6.406
5.0466
5.55857
5.16958
6.61708
4.67964
5.83667
5.2118
5.83865
5.16861
5.2922
6.19099
4.75861
5.50702
5.65603
6.36507
5.48586
5.64947
4.96537
6.13947
5.39448
5.58698
4.68388
5.30385
6.08207
4.9551
5.13252
7.95289
5.13235
5.68863
5.21233
5.1641
4.64611
5.11737
4.88447
7.19519
5.13435
8.99009
4.65107
5.73485
6.57742
5.71102
5.79575
6.21165
4.83449
8.57422
5.76687
4.43998
8.24634
5.45735
5.05879
5.65758
5.0108
5.45364
5.71718
4.38695
5.88679
4.56888
5.28691
4.86124
4.8558
5.07589
5.06588
6.00483
6.84479
9.47068
5.27356
4.7383
4.56897
4.81199
6.09629
6.05841
4.78398
5.24863
5.34428
5.09526
6.43381
5.84542
5.94276
6.14417
5.31759
5.89258
6.35742
5.61554
7.14321
4.78745
6.34854
4.79204
4.31776
6.20337
5.67288
4.88071
5.75271
5.06088
4.7219
5.1427
5.34688
5.74596
5.14423
5.63237
5.05572
5.00109
5.83577
6.47132
5.76341
5.83358
4.98623
8.09021
5.37365
5.59312
5.05624
4.45914
5.34847
5.19709
4.80662
5.47807
4.92653
4.70962
5.49011
5.65839
5.63078
5.4453
6.55988
5.24755
5.13444
5.53062
5.62102
4.8885
4.70343
5.4293
4.56074
6.80096
5.63348
5.03753
4.93978
5.70778
6.11757
5.57661
5.53534
5.97496
6.2498
5.33019
5.62134
6.55767
6.23771
5.06793
5.09456
4.97465
6.74722
5.93623
5.81509
4.78909
4.65062
5.17062
4.95133
5.25136
4.81193
6.10218
4.63159
5.24646
5.91372
5.46204
5.90595
5.20134
4.76761
5.06681
7.68687
6.58543
4.53726
6.04893
6.38073
4.81792
4.31246
5.14722
5.09359
5.50611
5.65979
6.49513
5.43384
5.32227
5.00065
5.89441
4.97779
5.28373
5.18069
5.07006
5.73961
6.49574
7.39602
5.28591
4.84215
6.87009
5.40707
6.05729
5.48488
5.5707
6.30561
5.36127
5.48192
6.40393
5.38546
5.79387
6.25539
5.35095
5.35759
6.10813
5.70747
5.01992
6.36552
5.24455
5.00466
5.36527
5.94165
5.58833
5.64818
4.90841
8.95793
6.52853
4.92803
7.088
5.48412
5.49224
4.81112
5.76282
5.68228
5.30531
5.11306
6.28037
4.94269
5.38365
6.04434
5.75675
5.49834
5.43548
5.50897
5.08845
4.5822
5.16535
5.34713
5.56566
6.58512
6.81348
5.15348
5.48891
5.75199
5.92721
5.9284
5.04175
5.29627
6.20191
5.3782
5.54562
5.46281
5.3228
4.85798
5.00352
5.27256
6.16401
4.31666
4.56386
6.07814
4.72978
5.77304
5.18976
5.21073
6.19149
5.7712
5.06878
4.67518
5.05523
5.14586
5.30826
5.85552
6.05567
6.08911
4.96805
5.66252
5.19733
5.67225
5.16268
5.89407
5.49916
5.51427
5.37109
6.41861
5.866
5.22769
5.50082
5.63312
5.30987
5.05911
4.99563
5.39949
5.27734
7.45827
6.49226
5.16673
5.77501
6.5676
5.78719
5.12581
6.09053
6.31928
5.42364
5.2124
5.39195
5.3764
5.24011
5.11894
5.03443
5.65151
5.80102
5.27271
4.88747
5.3524
5.45445
4.66544
4.89865
4.77835
6.55514
5.08384
5.14381
5.37294
5.27602
5.35818
5.83504
5.5814
5.42826
5.21099
5.98489
5.25694
4.5844
7.13994
5.0095
5.12519
5.05449
5.08978
5.8245
4.38705
5.63778
4.63512
5.32248
5.40502
5.94877
5.02819
4.99625
5.05828
5.69148
5.36626
5.69807
6.01586
6.15866
4.98689
5.47468
4.73292
5.01407
5.56946
4.75029
4.61216
5.92539
6.0373
5.28936
6.01249
5.17654
5.19687
5.91843
5.21971
8.67829
5.21793
5.9669
5.74056
6.2937
4.98095
4.95091
6.21518
5.21469
6.63341
5.5559
6.06411
5.38522
5.75639
5.82263
7.58871
5.22633
5.08426
5.45409
5.53246
7.45253
5.26756
6.15471
5.83479
6.00182
5.79074
5.48545
5.48869
5.55472
5.61621
6.57566
6.69802
6.09378
5.48213
5.17094
5.9273
5.71072
4.9752
5.008
5.25705
5.8349
4.86716
5.536
4.46016
5.46875
6.24562
5.10914
5.4411
5.05622
6.37167
5.18406
4.71602
5.12336
7.15804
6.04584
5.45592
5.73209
6.71365
5.53433
4.53693
4.8262
5.71274
5.62501
5.13039
5.46595
5.47259
5.69681
5.70212
5.11452
6.14592
4.94772
5.54791
5.50711
