3.06122
3.04658
3.18616
3.44318
3.08832
3.28197
3.21098
3.21994
3.1452
3.38219
3.07721
3.19473
3.59754
3.77276
4.09786
3.30395
3.11689
3.40876
3.86378
2.99909
3.07704
3.02793
3.39808
3.52989
3.03279
3.39258
3.34311
3.46806
3.51095
3.39415
3.26904
3.82584
3.24155
3.6783
3.36909
3.55733
3.43887
3.14136
3.6465
3.73957
3.06826
3.11552
3.1436
3.1564
3.09249
3.29843
3.26167
3.30687
3.21169
3.40553
3.2161
3.31876
3.11965
3.37511
3.40729
3.21766
3.13551
2.97895
3.10388
3.02294
3.09552
3.17635
3.23163
3.1419
3.57293
3.25485
3.41766
3.83158
3.77369
2.98721
3.28259
3.26967
3.06296
3.13294
3.13835
3.27996
3.74911
4.10892
2.96095
3.26355
3.2492
3.044
3.23868
3.22729
3.3626
3.56439
3.12888
3.21685
3.31108
3.17148
3.49384
3.29053
3.46977
3.45775
3.45647
3.15736
3.17126
3.21614
2.92479
3.30051
3.32206
3.5519
3.06528
3.48261
3.35012
3.63185
3.28419
3.25604
3.4268
3.41808
3.43833
3.27154
3.38304
3.47412
3.27448
3.37891
3.0732
3.25118
3.38897
3.67955
3.97376
3.5702
3.58085
3.2878
3.48542
3.18222
3.07703
3.34465
3.34244
3.18343
3.51933
3.26349
3.28965
2.98482
3.15127
3.16902
3.36268
3.04765
3.37297
3.29803
3.60567
3.39293
3.1204
3.26168
3.24407
2.95503
2.93098
3.0253
3.22862
3.14734
3.67081
3.32444
3.24057
3.17175
3.2481
3.20532
3.18251
3.2697
3.40721
3.37951
3.36442
3.2072
3.62374
3.12233
3.57148
3.10767
3.52493
3.14877
3.24767
3.28017
3.58982
3.40402
3.45738
3.23597
3.22413
3.28511
3.34402
3.14194
2.95843
3.37515
3.34396
3.06019
3.31717
3.20382
3.23997
3.2808
3.33061
3.20376
3.4334
3.2966
3.58445
3.00697
3.05069
3.32602
3.36183
3.35667
3.23238
3.28536
3.18031
3.2629
3.39941
3.18478
3.28546
3.05199
3.14588
3.31837
3.22788
3.40254
3.1782
2.9169
3.52863
3.50108
3.26823
3.35743
3.28847
3.42327
3.4161
3.461
2.86913
3.13599
3.42392
3.47504
3.3594
2.89684
3.52963
3.69148
3.50744
3.66596
3.19353
3.1024
3.24584
2.96151
3.88163
2.95408
2.85899
3.29072
3.17869
3.14566
3.30688
3.19528
3.1743
3.37826
3.34307
3.11162
3.52279
3.36205
3.10053
3.15169
3.50352
3.42488
3.80203
3.15069
3.02756
2.84419
3.14835
2.8994
3.25858
3.21592
3.2248
3.24271
3.50429
3.09997
3.2297
2.98737
3.3315
3.69982
3.11992
3.10415
3.0959
3.34843
3.05891
3.23551
3.08716
3.80169
3.3374
3.33769
3.28911
3.46067
3.26678
3.49086
3.33806
3.20989
3.17441
3.03926
3.48888
2.99143
3.45024
3.35385
3.22068
3.43528
3.33988
3.22191
3.34885
3.20357
3.27696
3.45837
3.23344
3.02458
3.02998
3.27051
3.5877
3.78865
3.22834
2.82319
3.4405
3.01546
2.98545
3.32145
3.10618
3.12562
3.24515
3.23962
3.33624
3.2867
3.42276
3.20193
3.05365
3.2394
3.33067
3.33408
3.19952
3.21359
2.87919
3.32699
3.54785
3.33396
3.40432
3.29067
3.30544
3.10045
3.30267
3.39212
3.40554
3.32339
3.41298
3.30074
3.34423
3.80268
3.33643
3.53758
3.46182
3.06661
2.89485
3.23989
3.07702
3.37163
3.37158
3.39009
2.9002
3.04529
3.09549
3.28055
3.34346
3.27392
3.44282
3.15508
3.73266
3.37794
3.595
3.23622
3.5631
3.55031
3.1952
3.17365
3.41102
3.03379
3.17157
3.49961
3.33114
3.09283
3.16505
2.98037
3.41004
3.30878
3.32185
3.39913
3.27868
3.40962
3.2187
3.32039
3.01144
3.11873
3.16081
3.17672
2.98899
3.29834
3.25369
3.21068
3.15675
3.72791
2.95895
3.21661
3.29447
3.43963
3.33781
3.63109
2.99612
2.89951
3.21788
3.37238
3.23178
3.2226
3.09172
3.01614
3.12819
3.30727
3.32094
3.10194
3.45314
3.29405
3.02703
3.34063
3.25189
3.24998
3.31095
3.39674
3.22407
3.10188
3.19643
3.40927
2.87827
3.25838
3.15067
3.28211
3.03145
3.4107
3.33885
3.38129
3.12868
2.92788
3.38706
3.20581
4.22274
3.38074
3.53434
3.07941
3.29811
3.16413
3.15355
3.70755
3.58078
3.47613
3.46685
3.3919
3.10574
3.29768
3.38457
3.84781
3.42754
3.2965
3.1929
3.3827
3.32612
3.47397
3.32294
3.51179
3.22455
3.50403
2.83524
3.38885
3.28312
2.98077
3.59534
3.70121
3.31252
3.10563
3.31081
3.76394
3.43874
3.04603
3.13585
3.37029
3.01505
3.57035
3.91363
3.48681
3.05042
3.41074
3.32534
3.45118
3.5001
3.30534
3.24206
3.55281
3.27423
3.24677
3.21764
3.48785
3.51259
3.36112
3.31654
3.03779
3.88776
3.65439
3.34897
3.3519
3.37401
3.27822
3.2251
3.32726
