4.94411
5.33409
4.9726
5.01455
4.80367
4.81891
4.93264
5.29662
5.89939
6.2663
6.35439
5.01765
5.53983
4.79654
5.39441
5.11027
5.57312
4.94276
4.99112
5.01393
5.14617
4.92238
4.89418
5.34688
5.31425
4.31495
4.61347
4.64611
5.99221
4.83511
4.47894
5.19421
4.845
5.09013
4.92463
4.74656
4.7365
5.18182
6.13732
4.80899
4.60659
5.52499
5.10748
4.58456
5.74481
4.96333
4.54732
5.47386
5.23837
5.94386
4.90758
4.87498
5.33143
4.87394
5.17302
6.29688
5.39666
5.00309
4.79329
5.50134
5.19006
4.93939
5.40315
6.61942
4.99019
5.46074
5.51693
5.03551
4.67307
5.15818
5.20129
5.12319
5.17457
5.84159
5.0414
4.8863
5.28673
5.43947
4.63426
4.54463
5.0155
5.61607
5.13914
5.7899
5.04266
4.89287
5.39531
5.68564
5.31141
5.46557
5.13062
5.02032
5.30822
5.54948
5.07985
6.37007
5.16678
5.8299
5.0734
5.27019
4.62466
5.63235
5.11251
5.54316
5.41822
4.55937
4.96847
4.8734
4.96706
5.10927
5.08743
4.95273
5.6233
5.17429
5.59345
5.2553
5.53316
6.01299
4.60288
5.42334
4.91037
5.38966
5.61294
5.6355
6.10844
5.26164
6.01663
4.24057
5.84695
5.15466
5.19558
5.1457
5.12494
4.8932
5.13214
4.89689
5.27355
5.23388
5.24177
4.98316
5.54424
5.27441
5.05741
5.46042
5.85627
5.64868
4.71136
5.47424
5.55956
6.0864
4.99292
4.41389
5.31938
5.5221
6.26578
4.93825
5.79832
5.29576
5.22688
5.73538
5.56853
4.77142
5.04153
4.86537
5.36374
5.41282
6.96837
5.7981
5.40141
5.3036
5.51944
5.51567
4.81652
5.05256
5.24346
5.17218
4.96843
5.39505
4.96396
5.7925
4.96394
5.11154
5.3991
4.48312
5.01196
5.13432
4.93403
4.81944
5.68248
5.24617
5.68346
5.55831
6.13713
4.95835
4.96612
5.18087
4.75278
4.98743
6.07186
5.51003
4.60946
4.55569
4.80365
5.32775
5.15293
5.34884
4.85918
7.66561
5.72241
5.10298
5.35634
5.0592
4.92704
5.07231
5.19739
5.17737
5.32995
5.12133
4.97708
5.6761
5.92453
5.47198
5.36382
4.86061
5.16254
5.04915
5.05736
5.58464
4.6886
6.80394
5.58353
5.49543
5.53968
4.88802
5.41184
5.29325
4.73524
4.80116
4.84205
5.14628
4.79313
5.07969
6.54608
5.33587
4.86106
8.80733
5.00386
5.11131
4.9109
4.48054
4.70464
5.62884
5.48469
4.90602
5.48646
5.14243
4.3066
5.27725
5.26536
4.92423
4.54373
4.8268
4.70126
5.42024
5.24576
5.83186
5.4981
4.96731
6.17548
4.86077
6.13806
4.71089
6.5202
5.75829
5.56301
4.75333
6.12743
5.71035
5.19892
5.09255
5.91485
5.08969
5.01597
5.22212
6.00355
6.35998
5.60292
5.92841
5.28523
6.58469
5.16709
5.07957
5.01597
5.50641
4.58584
5.25686
5.23271
4.61969
4.93245
5.04774
6.16639
6.49474
5.58534
5.03215
5.40095
4.42512
5.28894
5.07854
5.5913
5.25507
5.64318
5.82227
5.27668
4.80506
5.36263
4.81984
5.25171
5.37095
5.80813
6.17014
5.54152
5.46335
5.78297
4.99371
5.17914
4.92406
5.3657
5.32437
5.46449
4.53855
5.12896
5.93552
4.89687
5.312
5.94524
4.333
4.99454
4.77218
5.86691
5.50669
4.80061
4.82981
5.00774
5.08572
4.9869
5.15615
5.05596
4.84506
5.37494
4.9125
5.23924
5.32501
5.89008
4.76683
5.15392
5.67999
5.07836
5.611
5.16596
4.95565
4.69567
4.61226
4.48556
5.75062
5.21256
5.95557
5.58945
5.34117
5.24059
5.2146
5.1799
6.16973
5.27243
4.85091
4.72968
4.98463
5.1273
5.11133
4.91329
5.12358
5.20037
5.97652
4.69487
6.67485
5.20309
4.8973
5.4417
4.9592
4.88332
4.62613
5.18305
5.72834
5.11757
5.37248
4.79363
5.11907
5.30743
5.26708
4.26741
4.28628
5.23438
4.88366
4.17494
4.65786
5.35425
5.47312
5.5474
5.81443
4.9534
4.92715
4.94957
5.26666
5.00212
5.80108
4.7273
5.06976
4.82479
5.34973
4.79813
5.13627
5.10398
5.26527
5.35625
4.57347
5.54419
4.87613
4.80898
4.69593
4.6342
6.07843
4.50414
5.7693
5.46926
5.26571
5.1612
6.13659
5.47707
5.42537
5.49976
4.73517
5.03965
5.04605
4.89
6.05812
5.27129
4.76644
4.66315
4.93715
4.85172
4.96362
5.5881
5.32098
5.29956
5.55141
4.77556
5.68146
5.31394
5.34241
4.70347
6.07834
5.20255
5.46175
4.63714
5.33999
4.99747
5.11277
4.96763
5.7893
5.70339
5.84191
4.66413
6.04842
5.5366
5.00834
4.75389
4.59764
4.52625
4.91324
4.97002
5.57375
4.91173
4.81523
4.48355
5.10732
5.1095
4.9903
5.44941
4.9724
4.7465
5.49023
4.73348
5.05207
4.79759
5.10093
5.44363
5.11776
5.9992
5.16673
4.61034
4.97933
