3.54433
3.59988
3.44682
3.71419
3.39191
3.53128
3.40506
3.83541
3.86028
4.22054
3.7319
3.57209
3.69289
3.47541
3.83137
3.4846
3.98609
3.53831
3.69292
3.70009
3.65468
3.63293
3.56056
3.80823
3.96373
3.13442
3.44978
3.37517
4.18879
3.60431
3.25715
3.83315
3.53365
3.79596
3.61503
3.38526
3.3153
3.66529
4.11598
3.66258
3.23458
3.59859
3.55252
3.32581
3.47957
3.64284
3.3541
3.70713
3.88485
4.08162
3.54462
3.61317
3.98874
3.51513
3.50579
4.40355
3.97647
3.67595
3.4041
4.01568
3.37326
3.61258
3.77965
4.51597
3.66457
3.84365
3.93232
3.60619
3.38427
3.69711
3.54632
3.71597
3.61316
4.1998
3.59323
3.41417
3.90888
3.88177
3.3159
3.19913
3.60804
4.18116
3.59339
3.86334
3.60247
3.56114
3.81849
3.87391
3.79841
3.77189
3.55439
3.68708
3.69048
3.91134
3.73513
3.88862
3.4209
3.88197
3.72589
3.68331
3.38744
3.9906
3.66675
3.72906
3.7955
3.37613
3.65668
3.4305
3.6254
3.68352
3.73506
3.561
3.88689
3.67819
3.66297
3.72093
4.01979
3.83805
3.34618
3.94552
3.60044
3.94859
3.72381
4.09235
3.92174
3.52022
4.38802
3.15089
4.23891
3.71477
3.77602
3.85792
3.76382
3.48275
3.80008
3.58402
3.82618
3.83728
3.83406
3.64441
3.8188
3.83864
3.75359
3.99054
3.86868
3.8291
3.53948
3.8241
3.68239
4.33411
3.6169
3.27891
3.95416
3.87325
4.11017
3.73798
3.89498
3.89611
3.72931
4.0496
3.8274
3.47082
3.57127
3.4965
3.82805
3.94661
5.03101
4.04819
3.76853
3.70019
3.79361
4.03363
3.45952
3.59644
3.62167
3.50321
3.53049
3.86947
3.61615
4.34081
3.58746
3.49044
3.84307
3.28397
3.68067
3.79181
3.64548
3.48177
3.63827
3.46832
4.05449
3.67138
4.50029
3.61173
3.71061
3.70181
3.59412
3.64021
4.13036
3.83278
3.36749
3.55646
3.52198
3.90038
3.72042
4.01474
3.58002
4.11225
3.95774
3.68158
3.75858
3.64035
3.53627
3.73657
3.76889
3.76949
3.73708
3.80347
3.58988
4.0953
3.90726
3.87542
3.59956
3.63827
3.81292
3.29373
3.71479
4.21296
3.29666
4.639
4.02815
3.87684
3.30936
3.4189
3.78035
3.72205
3.2705
3.33988
3.4356
3.60284
3.26623
3.80482
3.82244
3.7388
3.57319
5.43192
3.51966
3.81562
3.65265
3.21905
3.35543
4.09565
3.49123
3.65564
3.90632
3.77297
3.22529
3.78703
3.68682
3.66549
3.32985
3.42615
3.51362
3.85379
3.75179
4.09368
3.73481
3.76542
3.61355
3.53517
4.46022
3.3516
3.65722
3.77534
3.86022
3.49547
4.08803
3.66996
3.56721
3.66729
4.4875
3.55732
3.75404
3.82863
3.95132
3.75772
4.02146
4.04006
3.78945
4.71546
3.56275
3.55761
3.65743
3.99774
3.3729
3.87145
3.42521
3.20457
3.57714
3.79379
4.1606
4.47356
3.77414
3.6005
3.90924
3.2655
3.79257
3.6035
4.26024
3.64995
4.05427
3.76224
3.70817
3.51797
3.88381
3.52204
3.75293
3.63304
4.30014
3.33717
3.71833
4.00193
3.88968
3.63168
3.80069
3.59832
3.81902
3.92341
3.79193
3.31885
3.74943
4.33367
3.23679
3.74078
3.68161
3.21035
3.5697
3.54293
3.9135
4.06153
3.56162
3.56099
3.54724
3.614
3.53468
3.79604
3.44323
3.37137
3.86265
3.52918
3.63375
3.6501
3.94059
3.60624
3.74454
3.76922
3.75121
3.69859
3.59408
3.57164
3.37178
3.43133
3.402
4.00989
3.71217
4.01071
3.96522
3.74015
3.69886
3.85415
3.61562
4.42199
3.59701
3.53023
3.3562
3.55443
3.67513
3.5574
3.32722
3.7603
3.90721
4.16648
3.48993
4.33536
3.8373
3.60244
3.97869
3.59405
3.63135
3.35175
3.69989
4.0087
3.60186
3.77045
3.50296
3.74631
3.85635
3.86556
3.0697
3.06356
3.71915
3.53201
3.10533
3.4015
3.86064
3.97367
4.06841
4.00288
3.63408
3.6831
3.65324
3.70237
3.59113
4.04498
3.34899
3.62494
3.54099
3.85917
3.54445
3.60765
3.55692
3.78383
3.87935
3.31183
3.87192
3.56775
3.48246
3.45643
3.43942
3.70903
3.36987
4.02065
4.17309
3.78612
3.6362
4.38935
3.4987
3.92728
3.558
3.46641
3.60914
3.52281
3.53585
3.88405
3.7878
3.36138
3.34066
3.49552
3.5148
3.68473
3.97775
3.90669
3.76252
3.77397
3.49293
3.97266
3.78638
3.93423
3.44084
4.37849
3.79108
3.9167
3.22129
3.85078
3.44729
3.83719
3.5181
3.52869
4.0267
3.78113
3.28001
4.23811
3.8238
3.59889
3.38198
3.38705
3.25206
3.58523
3.54302
3.96911
3.49737
3.51702
3.24525
3.57491
3.63984
3.62788
3.95289
3.45662
3.50427
3.96369
3.50039
3.61729
3.48942
3.58394
3.89085
3.59724
4.17273
3.72643
3.42794
3.64405
