3.4063
3.45191
3.32107
3.57571
3.25361
3.39815
3.26641
3.6972
3.69886
4.01217
3.52464
3.43354
3.50861
3.34814
3.66571
3.32563
3.82127
3.40183
3.55414
3.56378
3.51599
3.49047
3.4261
3.65479
3.81057
3.0126
3.33125
3.23453
4.00377
3.47161
3.14023
3.68471
3.40242
3.65617
3.47907
3.25292
3.1781
3.52701
3.91863
3.54628
3.10772
3.44092
3.40802
3.20215
3.30529
3.50402
3.23029
3.53922
3.73878
3.89426
3.4011
3.48701
3.84535
3.38124
3.36369
4.22029
3.83056
3.54594
3.27453
3.87067
3.21834
3.47502
3.61607
4.2615
3.52725
3.68254
3.78463
3.47306
3.26278
3.54814
3.39528
3.58117
3.4608
4.03035
3.45481
3.27365
3.76231
3.72735
3.1859
3.07199
3.46835
4.02355
3.45196
3.70254
3.45185
3.42334
3.66103
3.70735
3.65084
3.61116
3.40397
3.55168
3.53209
3.76742
3.59496
3.6852
3.27194
3.7193
3.58074
3.52984
3.26077
3.83867
3.52013
3.58161
3.62325
3.25398
3.52621
3.29217
3.49354
3.54401
3.59299
3.41966
3.72326
3.52537
3.50985
3.56506
3.88015
3.64597
3.21694
3.79517
3.46084
3.79026
3.54549
3.93878
3.71374
3.38003
4.21738
3.0323
4.06591
3.5678
3.61675
3.71412
3.62745
3.35145
3.66358
3.45929
3.68238
3.69634
3.68402
3.51065
3.65575
3.68894
3.61852
3.83281
3.70354
3.67435
3.42787
3.66202
3.5131
4.13491
3.48285
3.16113
3.80545
3.70633
3.91623
3.61118
3.71543
3.74187
3.58864
3.86611
3.67405
3.3301
3.42745
3.36763
3.68469
3.78833
4.82609
3.8809
3.60755
3.55029
3.63085
3.85908
3.32877
3.45975
3.45281
3.35979
3.39792
3.72708
3.48391
4.16943
3.44623
3.33561
3.69335
3.16053
3.53921
3.64754
3.50659
3.35115
3.47532
3.31488
3.87325
3.50389
4.3066
3.48269
3.57312
3.54907
3.46478
3.5001
3.94581
3.66884
3.24087
3.44632
3.38718
3.74566
3.58545
3.86248
3.44989
3.80382
3.78823
3.5465
3.60003
3.496
3.40226
3.59022
3.61436
3.61785
3.56579
3.6721
3.44911
3.92414
3.69023
3.72147
3.45001
3.51647
3.67311
3.15005
3.5782
4.05066
3.15699
4.38394
3.86052
3.72658
3.16429
3.27469
3.60272
3.56878
3.14093
3.1997
3.29626
3.45891
3.12588
3.6688
3.59263
3.5807
3.44403
4.70388
3.36857
3.67983
3.51704
3.09841
3.22345
3.92403
3.33778
3.52287
3.74475
3.63982
3.107
3.63395
3.54123
3.52623
3.20456
3.28575
3.38555
3.70111
3.58868
3.90471
3.58389
3.63299
3.44558
3.3995
4.26266
3.21684
3.45485
3.57553
3.70021
3.36064
3.91632
3.52187
3.42759
3.52631
4.31995
3.40022
3.62765
3.68515
3.77196
3.55995
3.8744
3.87257
3.64089
4.48745
3.42009
3.39861
3.52341
3.83925
3.25365
3.7265
3.28748
3.07569
3.44151
3.65936
3.97349
4.24885
3.61172
3.46234
3.75712
3.15193
3.63204
3.45247
4.09281
3.48669
3.87261
3.56388
3.54567
3.38863
3.72283
3.38939
3.60906
3.47074
4.13096
3.15434
3.54362
3.83736
3.70574
3.4902
3.65007
3.46454
3.66097
3.7707
3.62313
3.19296
3.60739
4.15245
3.09716
3.57877
3.52914
3.10152
3.42865
3.41987
3.74729
3.89771
3.43099
3.43681
3.4044
3.47241
3.40457
3.65398
3.28223
3.23905
3.70957
3.40322
3.47194
3.48771
3.73838
3.486
3.60783
3.5857
3.60994
3.53297
3.45236
3.43304
3.24424
3.30192
3.28903
3.82694
3.55411
3.82734
3.79142
3.59155
3.5483
3.70269
3.46527
4.25257
3.44582
3.39647
3.22521
3.40557
3.53556
3.41965
3.19131
3.62416
3.77811
4.00033
3.36261
4.12303
3.69818
3.47867
3.8144
3.44875
3.49674
3.22818
3.5523
3.82863
3.45561
3.62229
3.36814
3.60079
3.70526
3.71829
2.95208
2.94529
3.58107
3.39557
2.99402
3.27328
3.69879
3.80526
3.90364
3.81815
3.50557
3.55158
3.51838
3.54151
3.45089
3.85736
3.23153
3.47554
3.41263
3.70397
3.41716
3.46341
3.42041
3.63737
3.73095
3.18509
3.69739
3.44022
3.34654
3.32744
3.31065
3.54342
3.25062
3.83015
4.02068
3.63724
3.49659
4.17842
3.33461
3.77822
3.41686
3.34029
3.46369
3.38635
3.40113
3.67951
3.63762
3.23809
3.21741
3.36206
3.37233
3.5594
3.81953
3.76448
3.61139
3.58454
3.37052
3.79724
3.63117
3.78708
3.31421
4.1962
3.63338
3.75084
3.09321
3.69996
3.29963
3.69518
3.37236
3.36786
3.8455
3.62288
3.14758
4.06075
3.65236
3.45867
3.25338
3.25882
3.12294
3.45622
3.41383
3.80001
3.35859
3.37513
3.12209
3.42316
3.49513
3.493
3.78937
3.32006
3.37695
3.80693
3.3752
3.4833
3.35608
3.43453
3.72076
3.45469
3.98645
3.57793
3.31073
3.50309
