4.73952
2.95367
4.15241
5.2306
3.46023
4.51799
5.18674
4.97718
5.29998
4.27385
5.4521
3.89401
4.30128
4.46724
4.76716
5.18761
4.31143
4.42291
3.55185
4.72397
5.01492
4.28276
4.70842
5.6765
6.36491
5.30903
5.21283
4.85701
5.62427
4.65425
4.09749
6.49181
3.72786
3.12966
5.70027
5.58923
5.8082
3.97346
3.10441
4.31307
5.04036
3.75106
5.49954
4.01273
3.40724
4.99276
5.38732
4.36688
7.93003
5.11221
5.44501
4.61428
5.15298
3.94755
6.70936
5.1115
5.41618
3.18559
6.05048
5.63506
5.61687
5.59751
6.419
4.88666
4.7677
6.16822
6.38438
5.69041
5.30527
4.66081
5.74503
5.24147
3.84119
6.68633
3.30951
3.84212
3.39486
3.00385
3.64192
7.4308
7.01251
4.69255
3.35569
7.02755
3.71668
7.50771
6.17488
3.65979
6.15718
3.28053
5.93527
3.98238
3.46546
4.46164
5.44028
7.36407
4.82877
6.93255
5.21995
6.79509
4.68288
4.38059
7.33098
3.5867
4.82331
5.44118
5.34969
3.95691
6.50071
4.09884
4.19512
6.25775
6.17913
3.68954
3.63434
8.93155
3.99194
4.37387
6.52073
4.4924
4.84072
6.09194
5.21046
4.54928
4.84969
2.23624
4.08971
4.54903
4.39142
3.90777
7.08415
5.28008
4.24786
4.80656
5.63475
5.70769
4.85817
5.67604
3.85751
5.22962
5.303
3.29433
5.2574
3.85907
5.41195
4.31294
5.72477
5.22343
5.50838
4.73385
3.41658
5.18438
5.0605
5.23375
4.81181
3.27278
4.03516
5.8691
4.3732
4.72557
4.11204
6.68764
5.94895
5.33359
4.1541
4.00845
5.12672
6.40993
3.76549
4.13523
9.07555
3.24767
3.87876
4.86386
6.51936
3.67684
4.42764
5.77308
6.21437
4.75635
4.45397
6.50014
3.2631
5.08975
5.51292
3.67409
3.42579
3.04559
4.25683
3.99329
5.73932
5.57541
5.1463
3.65359
3.60938
4.21398
6.64088
4.31235
5.35663
4.33886
4.72539
5.8987
5.89557
3.29789
3.93391
5.35912
4.21912
3.35494
4.39945
3.91517
6.54304
4.29687
5.91471
4.80503
5.24429
7.18358
3.51554
6.85462
5.79585
3.71474
5.67
3.27277
3.95217
4.93454
4.94809
3.32412
6.88319
4.94551
4.10468
4.63504
4.07459
5.33921
4.5603
2.91332
3.6484
5.06741
5.33391
3.63749
4.81974
4.86772
5.31901
5.51039
5.36037
5.59632
4.5537
6.74855
4.49973
4.24091
5.60495
6.57278
7.05976
5.48381
4.05566
4.19235
4.46235
3.48389
6.27656
6.40935
3.58193
2.94018
5.9014
6.35721
3.54896
5.47878
6.08775
5.37743
4.60831
7.16623
5.45949
4.99329
4.30876
5.91767
3.37202
4.01761
3.78868
5.70018
3.08207
4.32583
5.01778
3.85083
4.41962
5.89309
5.00482
5.3586
5.53546
3.33362
3.63172
4.51766
5.05572
5.29845
7.05152
3.01161
2.54158
5.94211
7.27144
3.27147
2.95999
6.67538
6.16133
3.22445
4.87451
5.10238
4.42205
4.95416
6.2408
5.38129
4.58324
6.51348
2.81555
5.92992
5.72625
6.18709
4.03842
4.10236
4.23377
5.97829
6.91395
5.4022
4.75125
4.88408
5.97228
4.79139
2.68942
4.53159
3.92359
5.40897
4.3244
6.45666
5.61522
4.90615
2.6928
4.30981
5.76878
4.50682
8.48043
4.96444
4.01068
4.87383
5.20719
6.82083
3.71882
5.07787
7.26916
4.96408
5.64477
5.16509
4.79924
4.36321
7.96096
7.44197
5.06304
5.35129
5.529
10.0454
4.41644
4.86716
7.74477
4.6008
5.18116
6.7743
4.73224
5.24062
3.64672
4.75775
6.46146
4.41795
4.71168
4.57311
5.06043
6.31208
4.25203
3.67847
4.23306
5.35778
5.08177
3.5963
6.17095
4.78825
3.56894
5.62282
4.72302
5.51704
5.93949
5.91787
5.55864
6.28721
3.61568
2.9828
4.58919
4.34762
5.4803
4.87089
5.39515
4.18691
3.25072
2.99537
3.29679
4.26713
6.00687
4.35707
5.80121
5.48392
4.31049
4.58933
2.7681
5.60503
3.10904
5.50298
4.19659
2.99443
6.57021
6.54202
6.05043
6.10171
6.89387
7.48882
4.80917
4.07324
7.14987
5.8934
4.84855
3.32211
7.10606
5.3962
5.03571
6.20191
7.03228
4.58861
4.03208
4.31027
4.43673
5.27763
4.24439
4.11891
6.7301
4.24319
4.60894
4.88813
4.49023
5.20017
5.06223
4.65522
4.1826
4.03635
6.25607
4.19812
4.13953
5.0393
3.27725
3.83915
3.8266
6.14564
3.92627
5.47024
11.0797
3.85007
3.28111
4.82368
3.58417
3.68265
9.65215
4.72239
3.02407
5.83453
5.30124
4.58762
8.45138
3.98866
4.74943
4.74211
6.62451
2.55529
3.67596
5.17253
4.61313
3.01207
5.01383
4.72826
5.44625
5.30084
2.87154
4.27601
3.68934
5.29538
3.98135
4.00914
6.46423
7.77897
6.47666
5.21285
5.22715
3.47013
4.52296
3.94616
4.58176
6.97412
4.05265
3.64018
4.23134
3.59606
