4.3276
3.75957
3.95927
3.35848
3.57404
3.66382
4.15003
4.15551
4.6583
4.2869
4.2407
3.04313
3.54316
3.74729
4.33236
4.50208
3.5946
3.6376
4.61688
4.36916
3.59287
4.27128
4.02931
4.34098
2.73774
5.00316
4.53354
3.42467
3.95617
3.90975
4.38323
3.71237
4.38594
4.13226
3.99904
3.9389
3.77779
4.05396
4.9499
4.23243
4.07766
4.38112
3.68265
3.81943
3.67215
4.74001
3.78606
4.26859
4.2561
4.04281
4.32949
4.27915
4.10408
3.91351
3.74572
4.25117
3.82311
3.74275
3.41381
3.83877
4.45906
4.49855
4.44234
2.99912
4.45421
4.28929
3.82834
4.2269
4.95677
3.74384
5.62154
4.23479
3.08753
4.6283
3.54076
4.28549
4.70874
4.56494
3.49507
4.10111
4.30962
3.43376
4.50919
3.70813
4.18418
3.77372
3.56199
6.00797
4.1199
3.93323
4.9934
4.41372
4.01895
5.20101
4.49845
3.59297
4.11931
3.99566
3.71662
3.51782
3.76867
4.89811
3.51824
3.98021
3.59065
4.2676
3.76608
4.38508
4.56955
3.2952
4.00029
4.35947
3.43092
4.7672
3.3883
3.57843
4.24264
3.7368
4.09393
4.48684
3.74282
4.28456
3.62916
3.51759
4.03588
4.3471
3.41017
4.01581
4.04734
4.00666
3.82757
4.87071
4.06475
3.72805
4.66585
3.64029
4.22993
4.34321
3.70158
3.76701
3.73142
3.39425
3.76412
4.11527
4.39176
4.15833
4.36504
3.69206
5.22324
4.45576
3.90889
3.89203
4.68592
4.63582
4.13112
4.32525
3.94138
3.93754
3.87487
4.35699
3.69093
3.42804
4.53384
4.13369
3.7956
4.36946
4.18434
3.91655
4.22035
3.59925
3.59933
3.96586
3.62356
4.79794
4.4407
3.53562
3.62704
5.42078
3.65277
3.80093
3.87735
3.94845
5.10591
3.80435
4.07432
3.92126
4.33116
3.93165
5.00428
4.11647
4.55506
3.48123
3.55446
3.73698
3.55422
4.39631
3.86481
4.2643
4.23096
3.83802
4.47327
3.80053
3.79343
4.69372
3.80807
3.37929
4.07364
4.46423
4.78206
4.08592
4.09173
4.44526
4.00656
3.68818
3.49506
3.96187
3.96796
4.89961
3.56531
4.99663
3.56484
3.46561
3.76703
4.29709
4.11142
4.28125
4.01073
3.57548
4.38132
4.2393
4.45727
4.02698
3.91822
3.2731
3.76489
4.52802
3.69329
3.46779
3.72584
3.97932
3.82312
4.6352
4.09904
3.40909
4.29497
4.54955
5.17312
4.59415
3.81147
3.66251
4.38753
3.84168
4.1358
4.31431
4.28867
4.46884
3.84628
4.29431
4.12943
4.18773
2.98116
3.83526
4.53039
4.31855
3.57353
4.02724
4.13846
4.5452
4.32121
4.32315
4.26069
4.94081
3.84831
3.43676
4.25135
3.53122
4.52676
3.66518
4.4224
3.71067
3.33999
3.83214
3.96247
3.76873
4.2264
4.43217
4.20491
4.74948
4.28301
3.81903
3.6514
3.39647
4.20738
3.76236
3.91817
3.63865
4.07704
4.23163
6.3181
4.32707
4.16577
3.85833
4.1282
3.43271
3.81528
3.83448
4.53569
4.18074
3.39978
4.63543
3.28914
3.66192
3.71649
3.41653
3.87714
3.88448
4.11278
4.51737
4.13259
4.14145
3.329
4.57843
3.97716
4.07597
6.03932
4.68596
4.52006
3.70439
3.78335
4.26993
3.52914
4.941
3.64489
3.85597
3.60218
4.50891
3.49231
3.74863
4.2782
3.4189
5.03029
4.08614
3.66835
3.86896
5.19417
4.12305
4.01484
4.55538
4.10257
4.36502
3.68598
3.84744
3.58198
4.25695
3.98097
3.29391
4.54835
4.00833
3.55553
3.83976
3.64218
4.72766
4.33979
3.65691
4.36193
3.592
3.65863
3.77316
3.84835
3.70581
3.83132
3.75832
3.28874
5.26229
3.25791
3.35866
5.18183
3.40493
4.13601
3.98224
3.87449
4.12535
3.67587
3.26037
4.8787
4.63881
3.98332
4.14152
3.5406
4.23416
3.81487
3.46276
4.12285
4.20468
4.32075
3.74149
4.36348
4.51997
3.26006
3.98932
4.14904
4.23289
3.87498
3.92717
3.70817
3.39733
4.38701
4.09496
4.14907
3.71825
4.28868
3.5934
4.52714
3.99486
5.15909
3.40356
3.73522
3.7028
4.31905
4.79953
4.12183
3.72071
4.38034
4.13786
3.41147
3.90013
5.55045
4.17496
5.30434
3.26699
5.48109
4.26256
4.3584
4.18773
4.00938
4.41302
3.74282
3.45983
4.37367
4.16991
5.03199
3.77705
3.96126
3.7712
4.31334
4.35413
3.52496
3.82354
3.96213
4.48882
4.48382
4.20023
4.62486
3.66766
3.55598
3.43087
4.27131
3.39625
3.69268
3.84968
4.6294
4.07346
4.26594
3.69529
4.24862
3.4391
3.42596
4.59645
3.63503
4.21002
3.42966
4.08509
6.29758
4.21649
4.52523
4.46145
5.74812
3.7412
3.99416
5.23359
4.47841
3.536
4.39429
3.79731
3.72228
4.17898
4.34424
3.72638
3.90568
4.84559
3.66848
3.27559
3.61721
4.81727
4.1077
4.88122
3.34803
3.80182
3.98093
3.59214
