4.53119
3.93132
4.20139
3.51491
3.74914
3.84148
4.36932
4.41142
5.07611
4.56042
4.47974
3.21851
3.71156
3.91699
4.55904
4.76709
3.74287
3.82095
4.93112
4.60175
3.75119
4.50204
4.2363
4.5457
2.90395
5.41711
4.74583
3.6105
4.17837
4.08631
4.6338
3.89214
4.63267
4.39462
4.22816
4.10158
3.9568
4.25716
5.19677
4.42626
4.39541
4.58306
3.94654
4.01634
3.85209
5.03804
3.9585
4.48056
4.48246
4.23523
4.73538
4.49056
4.35419
4.16946
3.9507
4.47065
4.00936
3.91841
3.58766
4.00559
4.70393
4.89383
4.65652
3.14498
5.07281
4.51602
4.08037
4.53228
5.32391
3.93398
6.32016
4.43339
3.24227
4.88631
3.71509
4.4863
4.9244
4.82525
3.67398
4.31735
4.54774
3.5882
4.82002
3.90436
4.40199
4.02076
3.73717
6.59049
4.35818
4.17658
5.258
4.6301
4.22461
6.04434
4.81255
3.76785
4.35633
4.21575
3.89502
3.68657
3.98286
5.14371
3.7008
4.19838
3.76384
4.49655
3.9938
4.59241
4.80237
3.52273
4.21196
4.66351
3.62041
5.04952
3.56569
3.73719
4.42314
3.91967
4.30906
4.73212
3.974
4.48971
3.79862
3.96625
4.27656
4.59968
3.56666
4.21057
4.24935
4.18862
4.02402
5.19364
4.2759
3.89926
4.97318
3.82108
4.42039
4.55756
3.90413
4.00786
3.94932
3.59152
3.96891
4.30259
4.6
4.42742
4.63503
3.87143
5.47632
4.68488
4.0801
4.09084
5.02811
5.03905
4.34611
4.60938
4.10766
4.16927
4.08729
4.56131
3.86916
3.58237
4.79243
4.34523
4.01077
4.5801
4.39722
4.14495
4.51941
3.79851
3.85887
4.20293
3.81069
5.10364
4.69666
3.71251
3.81803
6.05031
3.83853
4.08834
4.04871
4.12978
5.40906
4.02234
4.32237
4.09548
4.54327
4.11903
5.29565
4.33161
4.81505
3.68455
3.75389
3.98772
3.74897
4.65143
4.06877
4.46457
4.46042
4.05845
4.72016
3.98106
4.02529
4.9488
3.99708
3.5508
4.31159
4.66179
5.33571
4.39263
4.34409
4.69537
4.23341
3.86706
3.757
4.19181
4.16931
5.22966
3.76571
5.24491
3.73036
3.69994
3.95577
4.5405
4.29326
4.52695
4.22982
3.75423
4.60695
4.47899
4.67221
4.21547
4.14954
3.42581
3.94978
4.75076
3.86988
3.65979
3.89986
4.1744
4.00057
4.8238
4.2628
3.5799
4.58456
4.85476
5.48154
4.93922
3.98533
3.9739
4.64779
4.04184
4.37202
4.53735
4.52657
4.724
3.9878
4.48566
4.37036
4.46192
3.13837
4.0292
4.8166
4.55426
3.76167
4.21973
4.35592
4.77377
4.58632
4.55272
4.48274
5.171
4.03563
3.56179
4.49032
3.75715
4.73927
3.85253
4.632
3.90506
3.48376
4.14394
4.13271
3.94657
4.51126
4.65902
4.49612
5.0247
4.45344
4.02429
3.84999
3.57154
4.38709
3.9363
4.10472
3.8085
4.33569
4.46196
7.07454
4.58817
4.38863
4.07176
4.35411
3.62602
4.02815
4.0076
4.72009
4.43187
3.55281
4.90793
3.57113
3.82068
3.89799
3.64047
4.09087
4.22439
4.31122
4.75172
4.40846
4.34509
3.48973
4.94105
4.1992
4.31256
6.567
4.9334
4.74473
3.89156
3.96743
4.49081
3.70821
5.34656
3.8293
4.03468
3.77977
4.7341
3.644
4.02896
4.47057
3.61747
5.391
4.31336
3.87136
4.06562
5.6612
4.407
4.22286
4.76388
4.31118
4.59482
3.8743
4.07106
3.75914
4.46826
4.17895
3.46836
4.8174
4.22452
3.73874
4.06981
3.79986
5.03863
4.53182
3.85347
4.61956
3.77171
3.85716
3.94565
4.06585
3.92542
4.05444
4.01021
3.47057
5.5702
3.44837
3.53244
5.43839
3.5803
4.38563
4.21262
4.07352
4.35841
3.86265
3.44462
5.14616
4.87301
4.19189
4.52435
3.73499
4.4634
4.01267
3.63274
4.5452
4.44118
4.61958
3.93375
4.66866
4.94594
3.41571
4.17332
4.43267
4.44143
4.07036
4.14727
3.88872
3.58483
4.62764
4.29607
4.35727
3.92374
4.59749
3.79067
4.73816
4.18519
5.43102
3.59516
3.93695
3.91874
4.58831
5.03065
4.31754
3.92057
4.60369
4.34637
3.5927
4.08733
5.84755
4.42157
5.66501
3.45217
5.95733
4.51011
4.61265
4.38871
4.19674
4.61577
3.93751
3.68028
4.69274
4.37147
5.37663
3.98219
4.25825
3.98045
4.51226
4.55253
3.69395
4.09443
4.16616
4.72633
4.69896
4.43542
4.91721
3.86799
3.74563
3.63352
4.55961
3.56639
3.86146
4.02878
4.95479
4.27771
4.48338
3.86713
4.62907
3.63888
3.62898
4.81585
3.82213
4.45989
3.58922
4.3096
7.04213
4.45047
4.76277
4.73134
6.29469
3.95131
4.19842
5.60667
4.7315
3.72878
4.63933
4.03424
3.92275
4.43056
4.57773
3.898
4.14963
5.30178
3.87189
3.44009
3.89272
5.14784
4.41418
5.18223
3.51404
4.00935
4.17611
3.81442
