3.88231
4.59539
3.82066
3.5498
3.66566
3.30917
4.35393
3.76097
5.08634
5.00817
3.91333
3.51888
3.4689
4.87835
4.24576
3.96994
3.86559
3.96354
4.68589
4.17023
4.74468
3.29907
4.18355
3.76089
3.96727
5.70318
4.66506
4.88171
3.70479
3.40786
4.56309
3.53671
4.41965
4.1758
3.90745
4.23116
4.87669
4.94246
4.81069
3.90245
4.61763
4.32229
3.73515
4.20728
3.4654
4.59443
4.16807
3.39037
3.53298
4.1982
4.84518
4.67673
3.02985
4.1368
4.99602
3.44826
3.82087
3.10448
4.13331
4.21622
4.96986
3.89464
2.8561
4.06379
5.11302
2.61317
5.50845
4.77311
4.18587
3.19472
4.04798
3.04783
3.52019
4.16914
3.86212
4.26559
4.76052
4.44002
3.83079
4.06277
3.91108
3.57711
3.3654
4.06178
3.47378
3.99424
4.20326
3.69048
3.6867
4.8884
5.28707
4.93043
5.32559
3.86832
3.90282
4.51113
4.58984
4.84807
3.91319
3.49057
3.90475
4.28864
4.61133
4.45873
4.13021
4.07878
4.94883
4.13613
4.02172
5.26642
3.90286
4.74609
4.20228
3.99826
4.28101
3.3362
3.73846
3.50547
3.64677
4.50616
4.39846
4.50291
3.79804
3.36755
3.9163
3.76721
3.66937
2.9713
3.60831
3.78399
4.16772
4.17621
3.55566
4.78151
3.39611
4.1936
5.0268
4.62105
4.64538
4.56274
3.01737
3.11949
4.6401
3.76216
3.33136
4.53157
3.44624
3.59835
3.64849
6.45961
3.10055
3.1166
4.31769
4.64712
4.45815
3.72526
4.37595
4.51265
3.04132
3.42262
3.34951
3.87463
3.52525
3.65127
3.7523
5.1647
6.11786
4.19722
3.27087
5.5019
4.89455
4.64071
4.88936
3.64041
4.27868
3.92098
3.13814
4.17993
3.76118
5.16367
3.1237
4.15851
3.01076
5.19298
3.78954
4.33361
3.89712
3.40421
3.33948
3.99041
4.01667
2.92368
4.15276
4.77568
4.27918
3.31848
3.43834
6.02739
3.57367
5.77959
3.70579
3.13541
3.8073
4.04533
4.37774
4.22127
3.77362
5.29063
4.40136
4.50038
5.04141
4.70816
5.49931
3.76905
4.61614
3.74046
3.80106
3.76504
3.67739
3.19865
4.08452
3.20589
4.74221
3.64875
2.92336
6.32203
4.31065
3.40052
3.87532
5.3643
5.42131
3.85895
3.73885
3.37695
3.66342
3.79936
5.02804
4.19513
3.65037
3.67641
4.05953
4.87668
4.18155
3.74345
5.19908
3.3595
4.70967
4.05023
3.65165
3.87612
3.73899
3.81385
3.7346
3.92108
4.60801
4.35959
3.80806
4.76015
4.23234
5.19068
4.49553
3.55981
5.07969
4.16644
5.31638
3.78192
3.18555
4.66788
3.12192
4.32149
3.44022
4.77904
4.20847
3.42924
4.91855
3.74753
5.57586
4.76221
2.78636
3.52982
4.67257
4.31798
4.52255
4.28504
3.85446
3.67053
5.46874
3.86687
4.76063
4.6512
3.47617
3.24597
4.14673
4.08993
3.58791
5.2542
3.53009
4.45619
3.70926
4.68355
3.51859
4.8428
4.21213
4.00905
3.40626
3.7629
3.66514
4.46252
4.15883
3.66404
3.53936
4.95937
4.62789
5.06648
3.33779
3.60706
4.00041
4.08926
4.96764
3.83778
3.8868
3.31748
3.32692
3.87922
4.21875
3.42014
5.81807
3.61674
4.22525
3.92501
4.07799
4.80614
3.45709
4.23461
3.7163
4.91887
3.82044
4.09152
4.83043
5.1619
4.77268
4.52422
3.7809
5.12448
3.62388
4.59909
5.13154
4.19262
4.08964
4.30308
3.69826
3.20626
3.35374
4.57498
3.21928
3.16521
4.3351
3.84081
4.51572
4.20084
3.63132
3.69998
3.6048
3.01677
4.24186
3.81702
4.94398
3.63379
3.53909
4.11178
3.41473
3.93102
3.11988
3.74682
5.65133
4.16162
4.48184
3.37437
3.87413
3.87425
3.5769
4.74435
4.09083
4.54471
3.89017
4.62485
4.3913
3.8499
4.24605
3.90438
3.77254
4.06262
4.25058
3.89355
3.97696
4.20391
3.91493
4.1342
3.33116
3.43863
3.99191
3.25445
3.72083
4.0936
3.24935
5.43273
4.24078
3.66376
4.31631
4.28277
3.76634
3.67407
3.73327
4.41458
4.07964
4.13906
4.24308
4.16815
5.15952
4.87438
4.03348
3.32767
4.71595
4.1885
4.20569
2.99669
3.72032
3.93135
4.84884
4.11453
4.3034
3.70392
3.32985
4.12186
4.42964
3.61282
4.47796
3.22332
4.8366
3.43159
4.56895
4.60097
3.80417
3.89263
3.94795
5.09248
3.96479
5.67273
4.16084
3.53513
4.2619
4.36515
3.54277
4.65921
4.31906
4.1438
4.22177
4.09634
4.12717
4.98659
4.24837
4.52525
5.04923
3.8228
6.92111
4.73946
4.09735
3.55364
3.69919
4.11041
5.90014
3.96741
4.26763
3.76203
4.10047
3.57
3.59077
3.11616
4.90357
4.68911
4.01992
4.55749
3.75224
4.50944
3.1788
3.63523
3.49368
4.15852
4.27197
4.01289
3.32429
5.82798
3.52662
4.59451
3.76435
3.48005
4.31162
4.48322
3.55648
4.39958
