4.19722
5.01744
4.17382
3.86228
3.98119
3.6086
4.8543
4.05978
5.78024
5.58252
4.22056
3.82651
3.77915
5.33592
4.66758
4.32319
4.23486
4.31101
5.02495
4.50188
5.08901
3.64259
4.49928
4.15077
4.3685
6.22171
5.04529
5.28218
4.16799
3.87037
4.92542
3.79937
5.04056
4.44514
4.15685
4.5087
5.29955
5.59236
5.29783
4.22095
5.1056
4.62935
4.14504
4.60714
3.78527
5.05152
4.55462
3.64383
3.83223
4.52331
5.34102
5.18609
3.2963
4.65342
5.41908
3.76637
4.14045
3.38325
4.48687
4.59825
5.56408
4.31285
3.18301
4.51282
5.60149
2.94709
5.93856
5.26815
4.50798
3.43808
4.50997
3.29853
3.79253
4.48975
4.29404
4.75318
5.15835
4.85327
4.46268
4.42168
4.66894
3.96085
3.61223
4.43243
3.77236
4.35956
4.5808
3.93783
4.07928
5.29128
6.09634
5.32455
6.03091
4.16927
4.22407
5.40789
5.10135
5.70789
4.2825
3.84333
4.22716
4.81177
5.02745
4.84105
4.51302
4.40267
5.39634
4.47
4.43325
5.91097
4.23685
5.60327
4.58152
4.47408
4.59007
3.6221
4.09214
3.76215
3.9329
4.88265
4.92946
4.88967
4.15531
3.67055
4.36217
4.16864
4.05012
3.25557
3.89817
4.17891
4.43463
4.49142
3.87037
5.18236
3.67945
4.6085
5.54986
5.07991
5.02762
5.00962
3.28394
3.39758
5.09395
4.16135
3.65189
4.91707
3.72526
4.01927
3.95455
7.46056
3.40623
3.52902
4.80927
5.09455
4.92335
4.08083
4.79114
4.95001
3.25712
3.70103
3.97759
4.27563
3.79557
3.97484
4.09093
5.69849
6.7763
4.66711
3.57162
5.96157
5.22315
5.22453
5.34252
3.95889
4.64726
4.22022
3.41322
4.49136
4.10893
5.78463
3.3889
4.44869
3.2436
5.77332
4.14546
4.6585
4.19813
3.69298
3.61221
4.39203
4.33869
3.33746
4.44311
5.2164
4.5968
3.55817
3.71135
6.82992
3.86346
6.25685
4.05677
3.36533
4.34557
4.35911
4.89769
4.58697
4.1851
6.25636
4.8645
4.94332
5.63261
5.15127
6.52728
4.11908
4.97058
4.03459
4.22465
4.0963
4.07353
3.45717
4.76544
3.47444
5.14717
3.92639
3.16488
6.96933
4.66793
3.72803
4.21851
5.77938
6.13297
4.18169
4.06111
3.67177
4.00967
4.14252
5.67416
4.50858
3.9828
4.16145
4.36694
5.45613
4.57722
4.0557
5.70715
3.6268
5.22525
4.36946
4.07115
4.16841
4.09455
4.07266
3.97837
4.49357
5.04708
4.70275
4.10551
5.35053
4.54528
5.84061
4.89363
3.86039
5.55436
4.51286
5.6875
4.12715
3.43489
5.33891
3.42873
4.78798
3.72379
5.22301
4.52397
3.70029
5.37205
4.03752
6.13107
5.37619
3.05673
3.90984
5.01046
4.60004
5.12279
4.75295
4.35848
4.0028
6.08559
4.25247
5.08901
5.02752
3.79169
3.55789
4.44179
4.41967
3.90048
6.00382
3.85035
4.83991
4.01629
5.17519
3.84117
5.20742
4.64272
4.31843
3.7197
4.11355
3.97393
4.85475
4.52304
3.95455
3.88406
5.91586
5.12587
5.61712
3.6273
3.87389
4.67191
4.39068
5.43067
4.18964
4.25119
3.58609
3.74495
4.21104
4.58236
3.70395
6.79089
3.94618
4.64086
4.26373
4.39601
5.17728
3.76796
4.6596
3.98167
5.27808
4.1926
4.40944
5.24708
6.10201
5.46488
5.0574
4.12199
5.54503
3.93833
5.11249
5.69093
4.6412
4.51926
4.71664
4.08035
3.48656
3.61477
4.976
3.59662
3.42973
4.69931
4.17635
4.8591
4.61205
4.05388
4.00826
3.96525
3.28225
4.62042
4.34024
5.29987
3.89728
3.8832
4.49434
3.76404
4.29234
3.39592
4.15841
6.63617
4.53724
4.87292
3.6388
4.23437
4.23067
3.96167
5.14339
4.93491
4.91334
4.29781
5.09189
4.73543
4.12574
4.81781
4.28889
4.09615
4.42441
4.62782
4.45375
4.46338
4.62803
4.22105
4.46473
3.63178
3.75751
4.39905
3.59039
4.0703
4.44105
3.50055
5.85319
4.52778
4.07227
4.70691
5.16612
4.0455
4.01567
4.13872
4.816
4.45522
4.58077
4.68832
4.96945
5.77058
5.32123
4.34702
3.70311
5.16234
4.74402
4.53441
3.25149
4.03144
4.2124
5.38737
4.46466
4.74843
4.03006
3.61011
4.44324
4.81008
4.01219
5.24734
3.54237
5.29389
3.74597
4.91236
4.97113
4.09632
4.28192
4.41563
5.94673
4.28725
6.18293
4.54094
3.847
4.5693
4.93822
3.85842
5.05694
4.71981
4.48158
4.60427
4.38378
4.67233
5.57294
4.56458
4.93007
5.41735
4.18188
7.77634
5.12426
4.46615
3.84737
4.03123
4.595
6.84796
4.3993
4.58602
4.12911
4.41602
3.93321
3.95356
3.41255
5.33376
5.04436
4.35527
5.00704
4.12696
5.20329
3.43544
4.001
3.77456
4.49524
4.60126
4.34904
3.63991
6.54549
3.82282
5.00615
4.08329
3.78611
4.64124
4.82974
3.946
4.77392
