2.82422
3.24762
2.67868
2.52949
2.61567
2.35037
2.89435
2.79289
3.37023
3.33952
2.90113
2.42414
2.47453
3.34056
2.90942
2.82642
2.70373
2.80654
3.44207
3.03442
3.53571
2.35431
3.05554
2.64598
2.70722
4.00378
3.36785
3.46915
2.31653
2.08614
3.26735
2.67822
2.80417
3.20008
3.01987
3.26425
3.39008
3.14451
3.26493
2.78804
3.12166
3.21054
2.54639
2.96117
2.4578
3.03828
2.85722
2.46346
2.56352
3.09063
3.43449
3.30198
2.16787
2.79145
3.68527
2.44086
2.78029
2.2334
2.91578
2.97311
3.2689
2.57305
2.00086
2.67817
3.64441
1.66352
4.05986
3.3579
3.10061
2.39487
2.76417
2.24405
2.62239
3.16943
2.69573
2.77773
3.20091
3.22056
2.44371
2.84256
2.45226
2.52034
2.50397
2.90252
2.53325
2.72331
3.03149
2.84535
2.52036
3.32208
2.99783
3.52117
3.33876
2.8434
2.85551
2.74743
3.08734
3.17987
2.70132
2.36732
2.80301
2.83633
3.1406
3.13642
2.92292
3.02033
3.57792
2.97942
2.89324
3.34613
2.8699
2.83504
2.91059
2.63203
3.09963
2.3642
2.57993
2.68923
2.67729
3.27347
3.00309
3.20935
2.62522
2.45952
2.66994
2.63543
2.62784
2.1214
2.66649
2.50437
3.2083
3.07981
2.6025
3.44164
2.47971
2.90682
3.43832
3.24687
3.28615
3.19153
2.17403
2.2316
3.21485
2.60387
2.32047
3.33694
2.52555
2.4351
2.72852
3.58502
2.13807
2.13852
2.84244
3.2919
3.05125
2.58608
3.06918
3.06742
2.32112
2.52994
2.24426
2.67804
2.61766
2.59238
2.63264
3.46647
3.96809
2.85502
2.31448
3.85613
3.82408
3.1527
3.44193
2.58497
2.98846
2.91095
2.25545
3.03487
2.75767
3.25052
2.26456
3.15286
2.21464
3.17852
2.65912
3.23719
2.84781
2.44194
2.44869
2.71354
2.97859
1.81634
3.11443
3.27709
3.20011
2.50197
2.50886
3.70483
2.68105
3.80448
2.51326
2.35759
2.68349
3.02031
2.8696
3.04546
2.52575
2.97957
2.87286
3.10621
3.16973
3.2439
2.58626
2.59112
3.35416
2.76999
2.50484
2.69442
2.51026
2.28494
2.51311
2.33958
3.44523
2.72545
2.15408
4.11661
3.14324
2.40256
2.8144
3.70547
3.41904
2.79053
2.69857
2.38869
2.60802
2.67333
3.05741
3.10557
2.63075
2.4647
3.02478
3.24017
2.86963
2.77154
3.45778
2.46556
3.29182
2.97856
2.47221
2.88648
2.72693
2.86167
2.8787
2.7075
3.23418
3.18958
2.76922
3.27735
3.10492
3.3671
3.16945
2.63318
3.45758
2.96238
3.96847
2.58217
2.3569
3.04149
2.19777
2.74006
2.51248
3.34901
3.03423
2.5157
3.56793
2.76325
3.90575
2.93249
1.92443
2.37641
3.39418
3.37087
3.08579
2.89136
2.44756
2.64533
3.25383
2.73342
3.60951
3.41686
2.48711
2.34139
3.16614
2.9967
2.6111
3.18321
2.57732
3.15919
2.75492
3.28215
2.54963
3.55452
2.9736
2.94894
2.39753
2.6214
2.67709
3.17099
2.99418
2.70238
2.45371
2.89233
3.13187
3.38791
2.38813
2.66933
2.51874
3.07273
3.43804
2.67308
2.70512
2.4508
2.33028
2.87877
3.13699
2.48334
3.2303
2.57211
2.95251
2.78076
3.00937
3.49791
2.46072
3.01435
2.79348
3.61022
2.71698
2.99136
3.46447
3.40701
3.07852
3.0063
2.72899
3.76634
2.61942
3.05491
3.19949
2.82859
2.69677
2.94402
2.51076
2.32646
2.48238
3.23761
2.14108
2.32276
3.00781
2.70581
3.22806
2.85396
2.46835
2.61821
2.55155
2.1785
3.03044
2.41872
3.71066
2.7463
2.54212
2.8237
2.44208
2.7836
2.27385
2.57918
3.45359
2.83054
3.29733
2.51013
2.65916
2.73207
2.43825
3.28845
2.6972
3.20291
2.57487
3.03701
3.13053
2.88989
2.7476
2.80695
2.68254
2.91865
3.0017
2.59573
2.79885
2.91103
2.91019
2.94831
2.40182
2.47448
2.71718
2.25249
2.70901
3.03025
2.39963
3.914
3.19999
2.54312
3.12134
2.39893
2.84198
2.67649
2.62183
3.19463
2.91803
2.88383
2.94747
2.6969
3.44793
3.233
3.0263
2.36405
3.31074
2.78037
3.10607
2.25212
2.7013
2.98338
3.29852
2.90975
2.97231
2.59489
2.43148
3.01166
3.15724
2.53196
2.7837
2.29349
3.2659
2.44849
3.34532
3.34046
2.76301
2.74109
2.76055
2.91467
2.83927
3.83626
2.88512
2.50128
3.11761
2.77646
2.54858
3.28935
3.07229
3.04224
2.99243
3.10685
2.86658
3.18456
3.13333
3.18177
3.72156
2.90001
3.82498
3.42212
2.86849
2.60121
2.71176
2.71467
3.09685
2.73918
3.17418
2.6279
2.99838
2.47931
2.53464
2.2052
3.42021
3.37706
2.92346
3.16577
2.56827
2.85298
2.3609
2.59872
2.52136
3.03786
3.14133
2.89991
2.34201
3.60616
2.56354
3.27517
2.74719
2.48433
3.18466
3.27802
2.51203
3.13821
