5.00139
4.94256
6.067
5.20609
5.67039
4.39453
5.32566
5.84464
5.90833
6.26625
4.75821
5.30193
5.02598
5.30187
5.81697
5.23013
4.42561
4.81564
5.45702
5.73613
5.84003
4.74328
6.79324
5.83535
4.9176
5.53527
6.23518
4.68691
5.28373
4.88795
4.90823
5.10545
4.9622
6.00853
5.50467
5.8837
5.25136
5.47877
5.22731
4.87048
6.79483
6.80386
4.84662
5.14809
5.91097
4.98618
5.74218
5.14395
4.96085
4.93873
5.09826
5.53618
5.21045
5.25821
5.35523
4.94199
5.29647
5.17652
5.68183
4.41831
6.24696
4.91964
5.43342
5.0448
6.4805
4.56872
5.66963
5.05583
5.70476
5.01067
5.14412
6.04412
4.61462
5.37829
5.48769
6.16258
5.35335
5.47318
4.83106
6.00662
5.24661
5.44313
4.55874
5.14323
5.93748
4.81193
4.99423
7.77922
5.01651
5.53947
5.0623
5.0492
4.53777
4.95175
4.77276
7.03137
5.01397
8.8167
4.5384
5.55372
6.42937
5.55408
5.63065
6.03576
4.6744
8.39912
5.60644
4.32724
8.07423
5.32944
4.93054
5.52125
4.8701
5.30158
5.52618
4.27645
5.72643
4.45826
5.13125
4.74088
4.72958
4.93468
4.93209
5.81406
6.65907
9.3116
5.12045
4.60772
4.44689
4.68353
5.93479
5.92221
4.65979
5.11406
5.22233
4.97431
6.27055
5.68967
5.77883
6.00137
5.18692
5.75435
6.22221
5.44449
6.95612
4.66641
6.16016
4.66074
4.21152
6.04566
5.51456
4.74397
5.60288
4.91671
4.54463
5.01361
5.21235
5.54998
5.01923
5.4997
4.92148
4.86472
5.69067
6.30026
5.60437
5.66846
4.84687
7.9315
5.21882
5.45208
4.91597
4.33454
5.22054
5.07058
4.69357
5.33247
4.78674
4.59604
5.36225
5.53005
5.49039
5.30003
6.40221
5.12101
4.99611
5.40796
5.4707
4.73285
4.55655
5.27325
4.44468
6.61591
5.46403
4.90931
4.81222
5.56971
5.96665
5.43574
5.40558
5.78747
6.07459
5.20585
5.48399
6.37986
6.10182
4.93542
4.94493
4.80379
6.57403
5.77919
5.66518
4.63882
4.51306
5.03782
4.81537
5.11419
4.68488
5.91797
4.50038
5.09591
5.80299
5.30395
5.75921
5.06587
4.64655
4.92427
7.52054
6.38444
4.41975
5.8972
6.23935
4.68253
4.19283
5.02726
4.95999
5.38208
5.51007
6.33074
5.30875
5.20111
4.86408
5.71894
4.82413
5.10987
5.03809
4.93006
5.59761
6.34487
7.20888
5.13841
4.71759
6.70636
5.21852
5.86952
5.36243
5.43014
6.12682
5.23247
5.3285
6.25587
5.24799
5.61527
6.11319
5.2076
5.21719
5.94622
5.56489
4.87861
6.19157
5.10521
4.88035
5.23081
5.74772
5.43562
5.4586
4.78175
8.80128
6.34908
4.81156
6.91898
5.35832
5.3379
4.66676
5.58747
5.56243
5.18479
4.98814
6.09105
4.81131
5.23781
5.87533
5.62511
5.32805
5.25322
5.33048
4.96995
4.44742
5.03396
5.19244
5.41872
6.39798
6.61807
5.00007
5.35739
5.62236
5.77409
5.76733
4.90937
5.17663
6.04835
5.21974
5.39522
5.34186
5.17139
4.74883
4.87852
5.15803
6.02471
4.20624
4.44173
5.93552
4.58929
5.62497
5.05805
5.06243
6.04047
5.6137
4.92462
4.5245
4.93239
4.98941
5.17453
5.6838
5.91684
5.95848
4.81921
5.50155
5.06659
5.51928
5.02513
5.69605
5.37547
5.3848
5.2507
6.26493
5.70484
5.07923
5.34369
5.46338
5.18492
4.92347
4.86653
5.26486
5.1699
7.3116
6.32724
5.02493
5.62408
6.40837
5.66368
5.00657
5.94251
6.14809
5.26578
5.06602
5.23672
5.20186
5.13084
4.96099
4.87987
5.49045
5.63628
5.15454
4.75166
5.22801
5.31763
4.54463
4.76923
4.63088
6.35489
4.95495
5.02125
5.22186
5.11335
5.21773
5.69505
5.42653
5.28156
5.08006
5.79804
5.06919
4.46539
6.96566
4.87886
4.99584
4.91505
4.9572
5.64277
4.26187
5.50544
4.51385
5.18553
5.25141
5.80555
4.89923
4.86798
4.92079
5.51834
5.2172
5.56443
5.88078
5.99285
4.86221
5.31067
4.60792
4.88237
5.39136
4.61674
4.48852
5.77757
5.88142
5.15348
5.84979
5.05786
5.06978
5.79698
5.08101
8.51769
5.08643
5.76717
5.58621
6.11628
4.86492
4.81437
6.08194
5.08916
6.43733
5.43272
5.90959
5.25259
5.58651
5.6775
7.41023
5.09543
4.93521
5.30776
5.37456
7.26824
5.14022
5.99739
5.65247
5.85262
5.6269
5.36558
5.35366
5.41004
5.44638
6.43507
6.53726
5.95287
5.31946
5.0162
5.77766
5.52359
4.85282
4.88901
5.10218
5.68411
4.71819
5.38174
4.33608
5.33986
6.11776
4.93879
5.29623
4.93381
6.22823
5.01875
4.58501
4.96666
7.03142
5.90252
5.32324
5.5651
6.5376
5.36162
4.42395
4.69504
5.56313
5.48606
4.99887
5.33893
5.33017
5.50743
5.55112
4.98611
5.98722
4.82259
5.40601
5.35692
