7.14975
6.58496
7.13955
6.71425
6.40939
6.58496
7.11894
7.57743
8.45943
7.39232
7.52356
5.61471
6.37504
6.32193
7.45943
7.79442
6.10852
6.30378
8.58496
7.91289
6.04439
7.32193
6.80735
7.2384
5.72792
8.93664
7.26679
6.24793
6.96578
6.58496
7.35755
6.58496
7.43463
7.34873
7.26679
6.47573
6.62936
6.83289
7.8392
7.13955
7.89482
7.27612
7.18982
6.70044
6.42626
8.47978
6.42626
7.20945
7.44294
7.08746
8.49185
7.21917
7.13955
7.48382
6.64386
7.11894
6.64386
6.67243
6.40939
6.37504
7.48382
8.53528
7.52356
5.67243
9
7.39232
7.82018
7.53138
8.92184
6.55459
9.95274
7.18982
5.78136
7.65105
6.14975
6.91886
7.53916
7.71425
6.2854
7.21917
7.83289
5.9542
7.94251
6.49185
7.36632
7.01123
6.2854
10
7.35755
7.50779
7.76818
7.39232
7.04439
10.1599
8.13443
6.59991
7.16993
7.06609
6.45943
6.06609
7.04439
8.30378
6.32193
7.06609
6.52356
7.58496
7.16993
7.42626
7.59246
6.47573
6.89482
8.19967
6.58496
8.0607
6.04439
6.20945
7.05528
6.6865
7.10852
7.65821
7.39232
6.87036
6.24793
8
7.12928
7.59246
6
7.14975
6.91886
6.80735
6.75489
8.46761
7.01123
6.24793
8.3966
6.78136
7.04439
7.22882
6.89482
7.12928
6.82018
6.35755
6.89482
7.17991
7.13955
7.89482
7.37504
6.56986
8.42626
7.41785
6.52356
6.83289
8.2854
8.72792
6.9542
7.70044
6.64386
6.91886
6.70044
7.08746
6.39232
6.2854
7.6865
7.35755
6.70044
7.39232
7.27612
7.04439
8
6.87036
7.60733
7.32193
6.24793
8.09803
7.74147
7
6.35755
9.73302
6.49185
7.9542
6.72792
6.71425
8.42626
7.05528
7.11894
6.80735
7.2854
6.74147
8.25739
7.13955
7.70044
6.75489
6.58496
7.07682
6.40939
7.56986
6.80735
7.40088
7.16993
7.29462
7.70044
6.39232
6.98868
7.91289
6.67243
6.18982
7.2384
7.27612
9.29921
7.96578
7.19967
7.58496
7.16993
6.42626
7.12928
7.40088
6.9542
8.55459
6.70044
7.98868
6.16993
6.98868
6.79442
7.71425
6.87036
7.42626
7.46761
6.47573
7.49185
7.14975
7.2384
6.78136
7.07682
5.97728
6.71425
7.58496
6.6865
6.33985
6.2854
6.90689
6.55459
7.37504
6.76818
6.2854
8.17991
8.12412
8.38802
8
6.56986
8
8.05528
6.6865
7.30378
7.49985
7.45943
7.70044
6.24793
6.96578
7.45943
7.39232
5.75489
6.6865
8.224
7.36632
6.37504
6.93074
7.09803
7.37504
7.63662
7.48382
7.46761
7.76818
6.6865
5.75489
7.46761
6.72792
7.55459
6.62936
7.33985
6.49185
5.90689
7.53916
6.75489
6.50779
8
7.42626
7.85175
8.42206
6.89482
6.88264
6.79442
6.33985
6.85798
6.39232
6.62936
6.33985
7.32193
7.26679
10.9009
7.83289
7.30378
7.35755
7
6.35755
6.72792
6.62936
7.05528
7.20945
5.88264
7.72792
7.33985
6.40939
6.65821
6.49185
7.08746
8.11894
6.84549
7.69349
7.61471
7.14975
6.30378
8.47978
6.89482
7.49185
10
7.58496
7.56986
7.07682
6.56986
7.27612
6.18982
8.97154
6.70044
6.35755
6.62936
7.61471
6.20945
7.73471
6.90689
6.52356
8.60363
7
6.72792
6.52356
9.41363
7.53916
7.07682
7.32193
6.91886
7.16993
6.49185
7.06609
6.42626
7.07682
7.33092
6.26679
8.09276
7.10852
6.37504
7.06609
6.22882
7.91886
7.10852
6.61471
7.80735
6.67243
6.49185
6.72792
6.93074
6.67243
6.96578
7.42626
6.37504
8.3443
6.24793
6.47573
8.20945
6.33985
7.49185
7.34873
6.75489
7.19967
6.55459
6.58496
8.02791
7.61471
7.22882
8.24317
6.6865
7.33092
6.52356
6.40939
8.58496
7.33092
8.07146
6.58496
7.88874
8.49586
6.14975
6.91886
7.9542
7.08746
6.70044
7.01123
6.44294
6.39232
7.44294
7.37504
7
6.58496
7.76818
6.72792
7.32193
6.82018
7.99435
6.52356
6.79442
6.84549
7.83289
7.77479
6.9542
6.6865
7.41785
6.9542
6.42626
6.65821
8.71425
7.34873
8.97728
6.14975
9.32643
7.2854
7.55459
7.13955
6.70044
7.24793
6.56986
6.82018
7.91289
7.09803
9
6.70044
7.67243
6.70044
7.32193
7.2854
6.91886
7.16993
6.83289
8.03342
7.22882
7.12928
7.73471
6.80735
6.67243
6.6865
7.98868
6.14975
6.35755
6.78136
8.57365
6.89482
7.39232
6.53916
7.90689
6.49185
6.70044
7.67243
6.58496
7.67243
6.52356
7.2854
10.733
7.02237
7.65105
7.58496
9.99859
6.75489
6.9542
9.09276
7.65821
6.37504
7.49185
7.06609
6.97728
7.8009
7.61471
6.61471
7.32193
8.97728
6.83289
6.22882
7.54689
8.21917
7.94251
8.37504
6.22882
6.78136
6.91886
6.83289
