4.58768
4.62875
4.60894
4.86365
4.82162
5.16184
4.76392
4.86181
4.67891
5.08334
4.65047
5.1181
5.4118
6.22283
6.32336
5.06377
4.95764
5.20786
6.13545
4.57495
4.58651
4.68124
5.06225
5.34189
4.69104
5.0913
5.17039
5.0277
5.15223
5.02668
5.24128
5.69234
5.37101
6.63182
5.53768
5.7673
5.12201
4.70157
5.57643
5.6643
4.55455
5.00252
4.63311
5.19265
4.62647
5.04351
4.64505
4.92754
5.02343
5.15938
4.72611
4.91292
4.87027
4.88163
4.88526
4.75091
5.00032
4.42075
5.11138
4.69461
4.5313
4.77755
5.09071
4.70874
5.78142
5.41694
4.89707
6.37642
5.73954
4.29218
5.20771
5.11142
4.62911
4.68258
4.70773
5.00666
5.75349
6.09325
4.71007
5.88103
4.84032
4.36812
4.74966
4.82249
4.78972
5.07368
5.02603
5.03906
4.98664
4.98137
4.88171
4.72091
5.17337
5.83556
5.37119
5.14208
4.77033
4.82117
4.31557
5.33158
5.13171
5.3005
4.63351
5.76897
4.93783
5.37452
5.15291
4.68284
5.21374
5.16532
4.95548
4.84704
5.25648
5.20381
5.00768
5.15927
6.25411
4.81346
4.92486
6.245
5.99685
5.37977
5.19226
4.69653
5.23148
5.82361
4.38263
5.42128
4.9022
4.68223
5.35948
4.97723
4.80724
4.94558
4.95101
5.14871
4.87819
4.53408
6.06398
4.89906
5.25081
4.91899
4.71544
4.89797
5.04192
5.12034
4.27792
4.72148
4.88153
4.82434
6.00512
4.96411
4.98703
4.72548
4.70968
4.79463
4.74153
5.16675
4.87266
5.46374
5.15974
4.75692
5.58785
4.69001
5.95946
4.61831
5.97006
4.77678
5.00989
6.42402
5.84959
5.00925
5.03945
4.9774
4.96613
5.17721
4.98481
5.55663
4.26758
4.9356
5.07574
4.61282
4.78796
4.96382
4.87287
4.66211
4.9969
4.62358
4.90992
5.35095
5.36073
4.48809
4.97437
4.96446
5.81177
4.93393
4.83331
4.87083
4.64584
4.73432
4.9195
4.72478
4.83598
4.78203
4.49716
4.74538
5.20711
4.84682
4.75103
4.4573
5.25268
5.15551
4.88261
5.17938
4.78846
5.63648
5.05604
5.50762
4.51805
4.61191
5.09224
5.40251
4.8528
4.25088
5.58627
5.83785
5.11897
5.80703
4.7556
4.6858
5.07262
4.80216
5.70423
4.27892
4.26566
4.88737
4.70842
4.74072
5.14884
4.81827
4.92479
4.90955
5.23761
4.75159
5.70308
4.95708
4.59434
4.69662
5.14516
5.70698
5.85285
5.08977
4.2624
4.42049
4.6781
4.37733
4.8313
5.2745
5.08999
4.81691
5.30075
4.6416
5.16171
4.61654
5.06987
5.96287
4.65312
4.53864
4.4452
5.34745
4.30056
5.92981
4.49534
7.2103
5.66087
4.81106
5.02136
5.46613
5.56227
5.3717
5.11666
4.96583
5.07169
4.76177
5.09054
4.57595
5.70674
4.82807
4.81703
5.06308
5.3945
4.98812
4.7356
4.88353
5.03506
5.16759
4.8164
4.74222
4.40831
4.95126
5.26686
5.45912
4.64907
4.32461
4.91057
4.67821
4.47373
4.79624
4.82832
4.68604
4.81117
4.90038
5.02523
4.90492
5.1255
5.47872
4.7564
4.92448
5.06458
4.94473
5.16773
5.47303
4.48553
8.72418
5.9115
5.21127
4.88436
5.06039
5.47562
4.88653
5.05661
5.0675
4.83151
5.24568
5.29817
5.13531
4.93408
5.63037
5.16803
5.29774
5.46499
4.65016
4.53829
5.5106
4.60749
5.33456
5.75193
6.06331
4.27306
4.83305
4.6844
4.70308
4.91024
5.05845
5.06064
4.84699
5.8105
5.41226
5.52187
4.61753
5.31855
5.21573
5.10669
5.05516
4.76317
4.56251
4.61244
5.20383
4.74811
4.52299
5.85442
4.401
5.13857
4.79318
5.14562
5.71594
5.03226
5.10991
4.87734
5.14021
4.4412
4.67071
4.74103
4.70814
4.55135
5.0417
4.87435
4.73023
4.57849
7.58473
4.29069
4.85418
4.71701
5.14792
5.49777
5.2503
4.70401
4.33005
5.06988
4.91608
4.69093
4.90926
5.2032
4.71914
4.64265
5.35831
5.21729
4.66167
5.17668
5.09158
4.63318
4.89356
4.67758
4.76482
5.14518
4.91288
4.82972
4.73822
4.64133
5.26003
4.51644
4.76777
4.7503
4.90464
4.53077
4.9882
5.07303
5.25624
4.67394
4.33242
5.28
4.89085
8.38865
5.05652
5.83072
4.63874
4.8005
4.60828
4.71723
5.39574
5.16354
5.20971
5.38781
5.01247
4.65517
5.15499
4.79969
5.61049
5.289
4.7275
4.91868
5.25134
4.88168
5.1974
5.35242
5.45307
5.10925
5.82488
4.15543
5.059
4.88176
4.51001
5.44977
6.02322
5.26886
4.83897
5.34182
5.37311
5.14292
4.35164
4.65662
4.74421
4.60336
5.73482
5.64647
4.95523
4.71176
5.04013
4.7373
5.96766
5.1122
5.87919
5.29404
5.24919
5.49085
4.94891
4.77202
4.90405
4.96396
5.32186
4.81657
5.23653
5.9339
5.20856
5.21441
5.02604
4.97246
5.37907
4.82369
4.89271
