6.98708
5.38413
6.89789
7.80789
5.64888
6.87487
7.50316
7.53442
8.02035
6.51729
7.92031
6.57958
6.97385
7.28644
7.78339
7.6149
7.02837
6.71505
6.28281
7.37303
7.29679
6.81059
6.66858
8.58358
8.98918
8.37724
8.7864
6.92577
8.15635
6.71662
6.70969
9.80232
6.22741
5.93248
8.80156
7.9787
9.52021
6.32384
6.10324
6.79782
7.21165
6.51738
8.06209
7.18238
6.01061
7.27181
8.4526
6.67322
10.6768
7.53163
8.4071
7.0007
7.82098
6.34851
10.3859
7.51647
7.93586
5.37218
9.38805
9.09364
8.59367
9.02971
8.83983
7.22931
6.7349
9.33771
9.95246
8.28571
8.35736
7.34464
8.74055
7.932
7.11227
10.0018
5.48057
6.6482
5.73462
5.25288
6.55363
10.726
9.98376
6.75243
5.71564
10.2057
6.13432
10.7668
9.49359
6.33661
9.10056
5.73311
8.69779
6.438
5.95231
6.94491
8.77579
9.93757
8.12364
9.88945
7.93883
10.0005
6.98993
6.94101
10.856
6.0775
7.51194
8.38031
8.38588
6.09934
9.7654
6.92016
6.97449
9.81476
9.55266
6.10195
6.32521
11.7367
6.45304
6.93543
9.81638
6.6797
7.23805
9.56814
8.40694
6.90769
7.45745
4.11138
6.72224
7.2436
6.76732
6.05782
9.5155
7.59005
6.76101
8.42061
8.48821
8.44106
7.84451
9.44641
6.38805
8.0972
8.28189
5.56046
8.79445
6.50528
7.92255
6.57884
8.02101
7.61899
8.18537
7.43218
6.60961
7.74618
7.59262
8.27375
7.10759
5.90873
6.89109
9.29043
6.78951
7.54295
6.66239
9.18474
8.17213
8.08248
7.19825
6.09407
7.1365
9.98903
6.58836
7.10786
11.0586
5.64278
6.24928
7.67626
9.82024
6.2618
6.98974
8.16389
8.63412
7.35624
7.32296
10.0079
6.09489
7.54298
8.40437
6.09813
6.40791
4.80848
6.81338
6.19155
9.20443
8.39394
8.70045
6.45697
5.94877
6.74999
9.38063
7.54324
7.8855
6.84116
6.87232
8.88982
7.96602
5.74147
7.53357
7.36248
6.59713
5.86948
6.83627
6.27871
9.80699
7.07018
8.73987
8.01356
8.96344
10.1532
6.06598
9.83557
8.45065
6.50565
8.55329
5.55018
7.83773
7.6955
7.50255
5.67286
9.44218
7.69216
6.33605
7.36267
6.62021
8.08629
7.67747
5.06906
6.95058
7.31573
8.88546
6.23963
7.39633
7.83922
7.4064
7.88476
7.80164
8.3028
7.25008
9.81668
6.64994
6.72229
8.90693
9.14449
9.57886
8.04684
6.6564
6.6268
7.15069
5.91028
9.80544
9.59481
5.906
5.06742
8.98457
9.62846
6.565
8.8066
9.04407
8.269
6.969
9.69298
8.80315
7.68252
6.93336
9.33377
5.63384
6.21889
5.87081
8.84011
5.3443
6.56787
7.35849
6.6146
6.7278
9.14666
8.30924
8.78044
9.20965
6.78631
6.38332
7.66049
8.6173
8.37773
10.1435
5.61068
5.28053
8.67673
9.42026
5.70203
5.03496
9.96357
8.64626
5.56983
7.63751
7.8516
8.12363
8.55792
8.76561
7.53916
6.87064
8.97521
5.06972
9.11104
8.50171
8.87902
6.58546
6.74075
6.59465
9.81173
8.88943
9.11433
7.94741
7.67866
8.5542
7.50985
4.81116
6.62754
6.63777
8.84681
7.17159
8.93857
8.43648
7.41967
4.97408
7.50966
9.11437
7.07757
11.4425
7.29725
7.50322
7.44065
7.41073
10.3918
6.81665
7.86555
10.856
7.19356
8.1097
7.81089
7.69356
6.59132
11.4018
10.0432
7.51718
8.6884
8.17266
12.5515
6.78066
7.2871
10.5154
6.88751
7.96334
9.80706
6.98939
8.10911
6.378
7.42853
8.91364
7.85602
7.3573
7.13735
8.10743
9.26637
7.17073
6.23642
7.69497
7.36857
7.75735
6.50929
9.7971
7.33264
6.44625
9.06113
7.34601
8.51857
8.56244
9.39825
8.12606
8.21142
6.92205
5.08153
7.2282
7.0668
8.3777
7.34545
8.80594
6.53867
6.05774
5.0582
5.69164
6.79937
8.56795
6.84334
8.70391
8.22541
6.93064
6.86855
4.92957
8.17758
5.32446
8.66742
7.16295
5.68499
9.81782
9.80397
9.02197
9.37598
9.41828
10.8073
7.41308
6.18533
9.55079
8.20783
7.31876
5.54632
9.31965
7.70999
7.88101
8.7213
10.3844
7.18183
6.74566
6.9227
6.83411
7.85846
6.70678
6.81813
9.72222
6.77139
7.17635
7.47332
7.09544
7.91901
7.38498
7.01729
6.48795
6.5566
9.7818
6.47153
7.04326
7.94099
5.39164
6.0655
7.22478
9.69195
6.63488
8.55194
13.8222
6.09842
6.52456
7.4536
6.1692
6.40911
12.5704
7.39413
6.02289
8.35871
7.90229
7.09667
11.5873
6.39785
7.79957
6.71185
10.2118
5.41381
5.78545
8.22805
6.89381
5.22366
7.5791
7.22438
9.01048
7.6619
4.75031
6.52669
6.32518
8.26307
6.95674
7.08554
8.95769
10.9437
10.1194
7.41939
7.61117
5.97179
6.9323
6.39482
7.4318
10.5046
6.39611
6.3504
6.9593
6.51129
