3.77418
3.5915
4.44349
3.91827
3.68686
3.23584
3.8958
4.00859
4.05494
4.0202
3.55341
3.81943
3.67554
3.91113
4.00939
3.71778
3.21389
3.49825
4.05533
3.81561
4.39062
3.54268
4.58707
4.19749
3.70359
4.04344
4.386
3.52688
3.76642
3.66966
3.79892
3.90157
3.68748
4.15484
3.73931
3.76223
3.77651
3.86991
3.93863
3.6308
4.75823
3.62575
3.47704
3.7233
3.85639
3.75619
4.19839
3.88191
3.55909
3.44526
3.57681
4.06092
3.89997
3.75164
3.77535
3.54651
3.84617
3.88508
3.96637
3.3738
4.32928
3.67528
4.1013
3.71548
4.7265
3.54461
3.97212
3.69688
4.30902
3.4859
3.60311
4.32484
3.3061
3.88329
3.88889
3.7554
3.98152
3.84157
3.56031
4.51797
3.70132
4.14843
3.32458
3.7263
4.34212
3.49623
3.7473
4.71545
3.82226
4.07481
3.52852
3.76662
3.4248
3.3805
3.61935
4.92108
3.72324
5.33886
3.43164
3.81575
4.54949
3.83349
4.10407
3.85931
3.31856
5.38513
3.96226
3.28583
5.01335
3.92262
3.62246
4.15744
3.48934
3.79362
3.56895
3.23296
3.82772
3.31858
3.76661
3.6127
3.45637
3.70761
3.54053
4.01261
3.99653
5.86319
3.72585
3.37646
3.2391
3.38772
4.23197
4.3387
3.4316
3.72565
3.92558
3.73214
4.42363
4.02413
4.30572
4.15013
3.83647
4.06041
4.76593
3.7926
4.44657
3.4503
4.28266
3.39989
3.2037
4.53013
3.7799
3.45716
4.04312
3.61309
3.12819
3.6551
3.77306
3.67562
3.74922
4.13882
3.69806
3.45348
4.21443
4.54157
4.05465
4.03766
3.50453
4.92273
3.69558
3.93349
3.54834
3.21494
3.92827
3.62179
3.54331
3.86974
3.38696
3.42997
4.02684
4.09191
4.05643
3.84898
4.46181
3.78618
3.60811
4.12024
3.92637
3.36169
3.30887
3.82026
3.35849
4.08829
3.67724
3.69981
3.52043
4.08634
3.96312
3.99241
4.00466
3.65243
4.26896
3.864
4.11129
4.38033
4.52727
3.644
3.42937
3.15141
4.38084
4.05994
4.19436
3.30509
3.26284
3.83007
3.53553
3.69927
3.47148
3.70453
3.32494
3.63079
4.56623
3.84424
4.24011
3.76874
3.51896
3.52498
4.40613
3.63892
3.30529
4.14933
4.52538
3.46812
3.10592
3.90472
3.66462
4.02485
4.0372
4.01051
3.857
3.98063
3.61701
3.81998
3.41405
3.49522
3.53134
3.73602
4.04953
4.67877
4.83834
3.7778
3.41785
4.60061
3.40006
4.05712
4.15692
3.84898
4.39867
4.02208
3.76785
4.47851
3.78494
3.91569
4.34878
3.82257
3.87038
4.28673
4.10608
3.62357
3.89024
3.75645
3.66923
3.88434
3.78316
3.95461
3.71175
3.63168
5.97525
3.78204
3.61724
4.13541
4.03683
3.63587
3.36475
3.83017
4.15903
3.97028
3.71086
4.11716
3.62062
3.72729
4.16869
4.17825
3.82147
3.57523
3.57232
3.81931
3.21918
3.73109
3.75329
3.8335
3.96459
4.49829
3.46759
3.85777
4.26154
4.02435
3.81634
3.56699
3.88868
4.11584
3.79193
3.75015
4.13029
3.57122
3.65211
3.59318
4.00031
4.3917
3.0767
3.35509
4.22548
3.38042
4.07362
3.82509
3.5896
4.2773
4.02992
3.4601
3.30776
3.6352
3.42272
3.86048
3.92506
4.34873
4.51371
3.47409
3.98647
3.72897
3.85144
3.62215
3.77986
3.96719
4.07915
3.98188
4.48575
3.99153
3.63221
3.83297
3.65221
3.97317
3.62619
3.52315
3.88362
4.01265
5.15779
4.09493
3.72631
4.05277
4.47137
4.3166
3.70391
4.16985
4.26431
3.87504
3.67551
3.69618
3.4602
4.03523
3.60081
3.29423
3.73126
3.97129
3.99176
3.33561
3.99012
3.98467
3.42423
3.57815
3.35047
3.93575
3.69492
3.81727
3.86832
3.63297
3.73209
4.00661
3.85792
3.79488
3.68092
3.93555
3.47852
3.33337
4.12005
3.64611
3.76153
3.43847
3.68207
3.87844
3.13951
4.13015
3.37903
3.69305
3.80675
4.2252
3.57137
3.5852
3.60292
3.75036
3.75126
4.09559
4.32764
4.31125
3.51676
3.53206
3.31685
3.51002
3.75386
3.37236
3.31821
4.05751
4.20607
3.77592
4.00816
3.77334
3.72252
4.37521
3.78515
5.37886
3.83436
3.83965
3.90282
4.06742
3.7244
3.64134
4.5725
3.72093
3.98517
4.07176
4.21988
3.79684
3.77513
4.04531
4.74774
3.83174
3.49292
3.87433
3.61463
4.93145
3.76877
4.24512
3.5742
4.4557
4.05168
4.03045
3.84424
3.98133
3.62933
4.74609
4.28287
4.28971
3.73597
3.60383
4.15553
3.84959
3.63583
3.68003
3.41283
4.17779
3.25535
3.76024
3.17886
3.976
4.69964
3.38911
3.81475
3.66449
4.61537
3.67416
3.38859
3.56391
5.53804
4.18662
3.94166
3.94996
4.33309
3.65373
3.33034
3.40862
4.01887
4.08898
3.78109
4.02328
3.94674
3.48413
3.84246
3.72369
4.17186
3.52777
3.89639
3.82483
