2.75015
2.54516
3.19596
2.8147
2.61977
2.42918
2.79887
2.83506
2.89689
2.76857
2.58476
2.67141
2.65213
2.77626
2.70102
2.59544
2.27493
2.51477
2.84373
2.64966
3.12301
2.59703
3.21602
2.85162
2.74459
2.91322
3.15944
2.61649
2.71394
2.70989
2.85683
2.8086
2.6348
2.97735
2.63884
2.55692
2.66973
2.70528
2.82858
2.59212
3.27912
2.28469
2.49936
2.56482
2.6909
2.74418
2.93117
2.86874
2.47813
2.38989
2.57549
2.87293
2.83501
2.62698
2.64868
2.62662
2.84399
2.79403
2.7457
2.49653
2.84694
2.68081
2.95726
2.60318
3.19942
2.68158
2.79998
2.71965
3.09658
2.50049
2.53755
2.86108
2.3814
2.73574
2.79555
2.65424
2.82865
2.78428
2.60562
3.19207
2.56712
3.08619
2.36754
2.61512
2.97583
2.55099
2.79929
2.9647
2.7522
2.97217
2.55563
2.68506
2.51419
2.32952
2.65363
3.18144
2.60734
3.15756
2.50087
2.79349
3.01313
2.64727
3.02411
2.63684
2.40969
3.10923
2.74169
2.43022
3.06562
2.75062
2.56335
3.05119
2.46458
2.76825
2.49236
2.3699
2.60278
2.35175
2.79985
2.66328
2.50954
2.75119
2.52592
2.84681
2.6324
3.23468
2.73314
2.45902
2.26965
2.4628
2.93166
2.99867
2.45885
2.60834
2.82676
2.70198
2.9709
2.851
3.1529
2.69373
2.72874
2.67276
3.44652
2.71622
3.04806
2.42409
3.0144
2.4637
2.36053
3.16961
2.59987
2.52601
2.74559
2.58103
2.24817
2.59867
2.72417
2.53917
2.56098
3.05733
2.79095
2.39419
3.07853
3.19846
2.89116
2.86648
2.51727
2.86528
2.5183
2.74712
2.61525
2.35539
2.85532
2.52655
2.59272
2.80454
2.36121
2.5059
2.84702
2.84333
2.94229
2.80397
2.92303
2.71709
2.66402
3.00666
2.80448
2.40519
2.36201
2.74206
2.45456
2.7205
2.60845
2.71077
2.52871
2.94014
2.66456
2.86662
2.80602
2.56538
2.85177
2.80106
2.98057
2.95981
3.22662
2.57113
2.46309
2.17837
3.11408
2.86202
3.06726
2.33972
2.30681
2.83877
2.56318
2.64095
2.54024
2.5806
2.42295
2.61312
3.34863
2.78412
3.07551
2.7576
2.63372
2.53339
2.64918
2.51961
2.40734
2.89818
2.97906
2.57309
2.29053
2.97763
2.68641
2.88536
2.88759
2.75957
2.64647
2.92955
2.61089
2.6293
2.44941
2.36807
2.44187
2.8187
2.86514
3.26879
3.31118
2.78457
2.40857
3.27271
2.4368
2.88209
3.10386
2.73471
3.15744
2.95522
2.67148
3.02687
2.7692
2.8144
2.90766
2.64986
2.80628
3.04413
2.89297
2.64198
2.43817
2.7178
2.68825
2.86796
2.69172
2.90981
2.55679
2.70326
3.63686
2.66047
2.56972
2.79097
2.90635
2.56708
2.40828
2.76049
2.92103
2.9467
2.7191
2.77357
2.70882
2.68335
2.9587
2.96114
2.78671
2.54984
2.4548
2.8737
2.34985
2.71851
2.71287
2.75366
2.57316
3.17863
2.48922
2.65379
3.03133
2.83403
2.65965
2.57431
2.82669
2.79831
2.76929
2.59895
3.02611
2.35498
2.7329
2.56855
2.97545
3.05599
2.20214
2.50363
2.87811
2.5358
2.85639
2.84771
2.54979
2.88708
2.91223
2.41079
2.4407
2.56133
2.39293
2.81803
2.70331
3.0187
3.10987
2.50017
2.82222
2.62388
2.56346
2.51176
2.7261
2.80096
2.96581
2.87264
3.19894
2.71994
2.65473
2.67974
2.48736
2.94864
2.66053
2.4449
2.80424
2.99989
3.29253
2.71218
2.76874
2.9093
3.04386
3.13251
2.63775
2.84924
2.9144
2.86421
2.63764
2.62104
2.44325
3.01247
2.6543
2.31115
2.61519
2.78648
2.89653
2.35364
2.92359
2.89633
2.57101
2.63378
2.39752
2.80784
2.66297
2.82455
2.79784
2.5214
2.59674
2.68093
2.71644
2.68353
2.54384
2.67192
2.47683
2.48118
2.84166
2.69773
2.74113
2.37465
2.66834
2.6504
2.23822
2.96789
2.49124
2.62117
2.81252
2.96413
2.52929
2.59481
2.64195
2.75289
2.61146
2.96967
2.99487
2.95395
2.4219
2.27434
2.32363
2.48918
2.6935
2.37568
2.41208
2.77747
3.03743
2.71132
2.66429
2.69365
2.62599
3.13084
2.79907
2.91002
2.86585
2.64039
2.75527
2.83522
2.75624
2.73195
3.20555
2.60172
2.78265
2.91615
2.90256
2.68598
2.67361
2.89256
2.83914
2.82471
2.50213
2.82887
2.56959
3.23589
2.6064
2.95629
2.41664
3.20449
2.92869
2.89613
2.71549
2.87945
2.47689
3.20437
2.89922
2.98561
2.66324
2.64165
2.93892
2.71516
2.63196
2.70971
2.3751
2.90578
2.27454
2.59736
2.34644
2.82069
3.50081
2.42075
2.70456
2.57421
3.20093
2.74794
2.4776
2.6434
3.91516
2.82017
2.80304
2.78128
2.95068
2.53806
2.45839
2.46472
2.85453
2.94473
2.83611
2.91207
2.86665
2.37271
2.66888
2.68742
2.85501
2.52353
2.71352
2.69255
