2.45193
2.47982
2.264
2.57174
2.42639
2.42135
2.75959
2.24552
2.4317
2.9143
2.56116
2.6869
2.4958
2.17742
2.60583
2.40713
2.53506
2.18897
2.22644
2.30516
2.27007
2.49173
2.24244
2.41888
2.58452
2.35165
2.79359
2.34256
2.91974
2.75412
2.18666
2.80147
2.75641
2.48905
2.74345
2.45174
2.40716
2.37569
2.53985
2.51384
2.5005
2.44235
2.07467
2.45996
2.09709
2.57536
2.53615
2.58657
2.52654
2.84557
2.5225
2.60447
2.26228
2.54285
2.79635
2.46011
2.36655
2.28841
2.62348
2.5752
2.45791
2.51528
2.40227
2.97361
2.4895
2.64334
2.52306
2.52951
2.55462
2.57243
2.41509
2.42315
2.27019
2.63641
2.26989
2.33373
2.5474
2.25819
2.81205
2.28592
2.4002
2.41449
2.67787
2.58053
2.44063
2.51221
2.45663
2.51506
2.68173
2.3792
2.28041
2.6181
2.52545
2.7719
2.42945
2.37938
2.52129
2.42991
2.50277
2.49409
2.28977
2.74336
2.58203
2.55521
2.23012
2.5804
2.74435
2.22806
2.72613
2.49592
2.459
2.36102
2.54551
2.60534
2.3645
2.49672
2.4101
2.24523
3.30421
2.45487
2.77355
2.37238
2.65554
2.29199
2.83566
2.75442
3.02355
2.82232
2.75223
2.23594
2.39009
2.71567
2.59435
2.78312
2.33889
2.4336
2.46315
2.44217
2.76553
2.35568
2.25261
2.442
2.43973
2.48547
2.71928
2.26828
2.56513
2.59416
2.33532
2.51004
2.36429
2.48453
2.45024
2.69293
2.72032
2.23009
2.4106
2.25188
2.49103
2.45702
2.21578
2.69831
2.48498
2.33444
2.28836
2.22959
2.52487
2.61523
2.29457
2.4994
2.8111
2.2453
2.22769
2.51051
2.48704
2.59741
2.56995
2.48349
2.36863
2.42813
2.61413
2.96774
2.40901
2.28242
2.44131
2.96559
2.70109
2.66857
2.30522
2.58463
2.64123
2.49454
2.44253
2.4614
2.42783
2.44126
2.25588
2.19254
2.58368
2.23198
2.34987
2.61775
2.42666
2.43345
2.67229
2.36467
2.54703
2.37511
2.59292
2.32147
2.56148
2.52159
2.49285
2.32908
2.87942
2.85524
2.33059
2.54262
1.94857
2.57548
2.41909
2.522
2.22553
2.37584
2.46483
2.59046
2.52379
2.41818
2.49483
2.81821
2.64151
2.24148
2.49253
2.30817
2.54333
2.37581
2.64268
2.43067
2.40712
2.28056
2.471
3.06065
2.24228
2.29168
2.69097
2.36414
2.56998
2.5795
2.41205
2.44921
2.5535
2.3369
2.32561
2.61609
2.36596
2.78927
2.65107
2.54785
2.27908
2.53928
2.70651
2.51598
2.4793
2.92438
2.54302
2.52703
2.30305
2.58605
2.41772
2.33263
2.581
2.46479
2.60802
2.47998
2.35677
2.91046
2.43082
2.56983
2.10525
2.27038
2.3469
2.89471
2.16545
2.36063
3.00639
2.51254
2.56175
2.33177
2.39121
2.31967
2.60047
2.3288
2.835
2.62369
2.53065
2.30788
2.47487
2.52499
2.79354
2.13364
2.43191
2.55473
2.37066
2.25304
2.53961
2.49774
2.59398
2.65591
2.45281
2.80517
2.52845
2.61741
2.83418
2.69864
2.81249
2.34538
2.51562
2.32566
2.33506
2.36245
2.64459
2.3531
2.50162
2.45908
2.45941
2.18831
2.62842
2.54636
2.5155
2.47002
2.49003
2.61876
2.73061
2.18962
2.62113
2.48893
2.47386
2.41919
2.09356
2.11031
2.58836
2.37796
2.38912
2.54781
2.47255
2.64148
2.44396
2.4021
2.32415
2.38605
2.38114
2.67587
2.60714
2.42142
2.59763
2.47936
2.43608
2.51836
2.60973
2.27397
2.53517
2.96595
2.52225
2.3689
2.72093
2.81873
2.38343
2.26639
2.39258
2.73338
2.30265
2.44004
2.59375
2.80309
2.49162
2.33106
2.26263
2.55142
2.69966
2.35003
2.46887
2.74649
2.23197
2.5663
2.39123
2.46928
2.44364
2.28772
2.42685
2.87972
2.2517
2.36896
2.81117
2.19822
2.43353
2.47474
2.62261
2.31969
2.42445
2.67852
2.36495
2.46946
2.66433
2.57706
2.41762
2.21393
2.59691
2.20804
2.39416
2.19858
2.76571
2.66549
2.39652
2.62321
2.57447
2.57828
2.40787
2.35588
2.60283
2.57928
2.60543
2.46257
3.01979
2.59708
2.61593
2.66534
2.58193
2.58956
2.3223
2.19316
2.13323
2.62177
2.57007
2.45693
2.35355
2.59469
2.43256
2.42006
2.47811
3.00631
2.48411
2.4449
2.71166
2.42551
2.37691
2.51051
2.56987
2.65883
2.68223
2.33826
2.46723
2.44171
2.48305
2.39047
2.44897
2.61621
2.53082
2.2451
2.83766
2.63491
2.31146
2.32593
2.80368
2.56956
2.30788
2.5596
2.66867
2.46959
2.67445
2.35669
2.51489
2.20297
2.64716
2.72729
2.34841
2.51999
2.4942
2.33938
2.55333
2.56159
2.19918
2.57706
2.58884
2.49793
2.75777
2.80051
2.9576
2.45512
2.38999
2.80416
2.18701
2.36891
2.69335
2.58329
2.39624
2.36778
2.34755
2.5567
2.49728
2.50393
