2.48382
2.87015
2.34184
2.22837
2.30034
2.06846
2.51732
2.50296
2.95328
2.91501
2.58911
2.08723
2.18089
2.88147
2.5448
2.47908
2.36764
2.46573
3.0369
2.68065
3.13383
2.09149
2.68103
2.33607
2.35037
3.51161
2.96378
3.03837
1.96695
1.77076
2.87255
2.41307
2.44868
2.86491
2.72019
2.93863
2.95237
2.70501
2.83223
2.43553
2.73736
2.83978
2.2252
2.60391
2.15976
2.5946
2.4741
2.1518
2.26361
2.73525
3.027
2.94607
1.90199
2.43389
3.29702
2.13895
2.46036
1.97728
2.54802
2.59314
2.82659
2.20495
1.78077
2.30648
3.20354
1.43265
3.60136
2.98343
2.77097
2.14361
2.41996
2.00053
2.33549
2.85844
2.38125
2.39039
2.71525
2.86922
2.11143
2.47721
2.11832
2.24501
2.23176
2.55824
2.25337
2.34801
2.68538
2.56327
2.20024
2.84825
2.51349
3.06602
2.87091
2.50606
2.52296
2.41118
2.70212
2.78337
2.36586
2.03986
2.45604
2.45632
2.70195
2.74641
2.5607
2.68782
3.17055
2.62151
2.57337
2.8772
2.55236
2.44805
2.52292
2.27366
2.71606
2.06681
2.23671
2.42273
2.36699
2.90543
2.64445
2.81509
2.27091
2.1875
2.34053
2.3237
2.31643
1.87848
2.3766
2.13429
2.878
2.7305
2.32258
3.02152
2.20229
2.55221
2.99028
2.84032
2.85186
2.79818
1.91321
1.96556
2.81896
2.27782
2.0326
2.9764
2.23829
2.11955
2.45637
3.04382
1.86365
1.87494
2.44708
2.90485
2.65631
2.25201
2.67506
2.63401
2.08577
2.25126
1.97544
2.33644
2.32862
2.28289
2.29595
3.00747
3.40723
2.50064
2.03301
3.32295
3.48395
2.75023
3.0163
2.2588
2.58487
2.58362
1.99063
2.66648
2.46729
2.74837
2.011
2.82662
1.95494
2.69625
2.33674
2.89748
2.5191
2.14063
2.17465
2.36482
2.65375
1.53786
2.77594
2.85658
2.86924
2.23761
2.21598
3.18506
2.40971
3.23639
2.17059
2.10663
2.39833
2.68121
2.48527
2.67804
2.19706
2.55529
2.46593
2.67415
2.71729
2.81918
2.21256
2.24409
2.95331
2.45971
2.17212
2.37831
2.19023
1.9837
2.15854
2.07038
3.05787
2.43422
1.92211
3.49356
2.78483
2.11431
2.49431
3.14431
2.89957
2.46802
2.37667
2.08679
2.29867
2.33515
2.60273
2.74097
2.32914
2.15309
2.69422
2.79039
2.4867
2.46071
2.96667
2.17873
2.89583
2.63308
2.16961
2.56674
2.42847
2.54181
2.58051
2.4036
2.83707
2.81444
2.42583
2.87489
2.73673
2.91769
2.77317
2.35175
2.95874
2.58281
3.53034
2.22611
2.09588
2.66172
1.93449
2.31935
2.23353
2.9269
2.64733
2.21922
3.17181
2.45844
3.46644
2.49367
1.67798
2.06623
2.98078
3.06121
2.69621
2.49854
2.10212
2.35687
2.74936
2.40686
3.21522
3.02989
2.19388
2.072
2.85333
2.66636
2.3238
2.72659
2.28911
2.77068
2.45531
2.86887
2.26911
3.14215
2.62184
2.61587
2.09857
2.28386
2.36889
2.80297
2.63379
2.39274
2.14103
2.52704
2.74177
2.93597
2.08708
2.37676
2.15498
2.75789
2.99798
2.32812
2.3591
2.17996
2.06407
2.59046
2.80024
2.19099
2.77831
2.25229
2.58841
2.43471
2.66397
3.08339
2.16096
2.67539
2.47088
3.17783
2.39384
2.63144
3.06718
3.04024
2.68867
2.5978
2.42077
3.34661
2.31876
2.62409
2.73674
2.46074
2.3101
2.54911
2.19227
2.05679
2.20548
2.83653
1.85007
2.06195
2.56326
2.36379
2.80443
2.47085
2.15804
2.27381
2.25114
1.92895
2.65961
2.07658
3.31425
2.46318
2.26166
2.45283
2.16209
2.44222
2.0305
2.25935
3.01081
2.43253
2.92631
2.23142
2.30557
2.39041
2.13119
2.8628
2.37083
2.76934
2.21732
2.60554
2.7203
2.57127
2.37507
2.50091
2.35481
2.58603
2.62335
2.26179
2.47326
2.54407
2.59072
2.56768
2.12785
2.18637
2.36747
1.97155
2.4207
2.71465
2.12686
3.40322
2.8517
2.25214
2.77797
2.05401
2.54421
2.38999
2.29456
2.85246
2.58347
2.5322
2.57003
2.37665
3.00412
2.76702
2.71747
2.10526
2.90515
2.42112
2.76286
2.02466
2.39111
2.68185
2.87592
2.53505
2.61087
2.25749
2.16473
2.65615
2.7662
2.24063
2.39499
2.03164
2.80503
2.16287
2.93318
2.97326
2.42677
2.42129
2.42814
2.50927
2.49387
3.28667
2.50536
2.19184
2.73528
2.38483
2.24735
2.86052
2.72378
2.69806
2.63894
2.77603
2.56022
2.74968
2.77694
2.79098
3.28496
2.62333
3.10991
3.02129
2.50431
2.31126
2.4065
2.35285
2.57918
2.39188
2.82784
2.31826
2.65341
2.17178
2.23348
1.93855
2.97127
2.92941
2.59919
2.77035
2.23549
2.43496
2.1032
2.30801
2.22671
2.69113
2.7763
2.55415
2.05635
3.07188
2.26425
2.87218
2.44079
2.18782
2.82599
2.90348
2.22573
2.75177
