5.7612
5.72236
6.94794
5.96376
6.70684
5.34812
6.20875
6.83396
6.867
7.32643
5.57813
6.09639
5.85391
6.24742
6.68229
6.09245
5.26313
5.75889
6.27642
6.78384
6.77909
5.56697
7.79996
6.63665
5.74789
6.40732
7.17059
5.59103
6.31578
5.77068
5.68093
5.94535
5.80546
7.00669
6.4383
6.85977
6.07501
6.35085
5.96607
5.72234
7.81126
7.83324
5.72907
6.10585
6.8939
5.79679
6.61289
5.94718
5.78051
5.90764
5.88671
6.34028
6.04768
6.15155
6.2485
5.86041
6.20273
5.98448
6.61025
5.17677
7.15065
5.73604
6.20798
5.81095
7.29757
5.33413
6.63725
6.00118
6.53609
5.95392
6.02185
6.95355
5.50924
6.14003
6.43538
7.2347
6.16346
6.48294
5.65752
6.78938
6.12923
6.37564
5.35907
6.13938
6.81851
5.70405
5.88856
8.69318
5.74074
6.46767
5.92352
5.74915
5.22238
5.92903
5.47491
7.95468
5.76192
9.72669
5.29283
6.57809
7.29101
6.46787
6.60929
6.99253
5.66056
9.32308
6.56302
5.09396
8.98928
6.11166
5.77584
6.37719
5.76468
6.20327
6.55605
4.99976
6.62008
5.17648
6.05906
5.52294
5.51177
5.83802
5.74383
6.85143
7.6362
10.1535
6.06676
5.454
5.23204
5.46483
6.89736
6.71712
5.47114
5.98213
5.99857
5.73553
7.20415
6.60546
6.73287
6.80477
5.98735
6.56172
7.04954
6.46427
7.9613
5.43306
7.19121
5.4805
4.94019
6.96543
6.41361
5.59126
6.5107
5.84257
5.56399
5.81494
6.03155
6.62715
5.83083
6.325
5.76211
5.67938
6.576
7.25994
6.51295
6.6418
5.70777
8.7748
6.17022
6.31749
5.77786
5.13637
6.02024
5.81581
5.40638
6.19796
5.66371
5.32329
6.17999
6.31036
6.36597
6.17143
7.30476
5.88852
5.83326
6.18705
6.35261
5.6854
5.49018
6.23341
5.1891
7.61874
6.41293
5.7303
5.61256
6.37895
6.80104
6.27805
6.20188
6.79206
7.08034
5.96183
6.32655
7.35132
6.8989
5.78145
5.845
5.78321
7.51427
6.70452
6.55725
5.60864
5.40934
5.94147
5.66022
5.93924
5.51919
6.90679
5.34369
6.00866
6.49572
6.2608
6.61346
5.95016
5.45856
5.78167
8.39238
7.43707
5.17495
6.77234
7.10161
5.53559
4.96595
5.8044
5.78843
6.13747
6.42916
7.2151
6.06542
5.97502
5.76151
6.70529
5.76204
6.13015
5.88043
5.82861
6.4434
7.22373
8.208
6.04118
5.47574
7.61227
6.25833
6.90204
6.15935
6.25674
7.15369
6.10003
6.23412
7.10706
6.06313
6.60922
6.92714
6.12765
6.09977
6.91243
6.45367
5.81113
7.16846
5.97359
5.65968
6.08661
6.80077
6.35705
6.52176
5.62084
9.65446
7.2991
5.55654
7.82494
6.13122
6.2295
5.56686
6.60481
6.29308
5.99475
5.77542
7.13497
5.6787
6.08772
6.86756
6.45199
6.34489
6.30037
6.33385
5.72592
5.30744
5.86706
6.12096
6.27601
7.41197
7.66149
5.88578
6.1377
6.43282
6.64807
6.67764
5.73914
5.91601
6.91209
6.1775
6.26895
6.11063
6.08207
5.43961
5.66733
5.89807
6.83486
4.88874
5.2843
6.77877
5.51782
6.49633
5.90065
5.92596
6.9056
6.5453
5.79703
5.48707
5.69121
5.91559
5.99551
6.66941
6.776
6.77254
5.78484
6.47066
5.88919
6.44856
5.87573
6.77419
6.13049
6.1981
6.00089
7.13831
6.66043
5.98255
6.28772
6.44126
6.00005
5.77769
5.68786
6.08289
5.83593
8.12983
7.2215
5.90223
6.51693
7.31065
6.42405
5.74977
6.80055
7.11987
6.22286
5.9605
6.13738
6.19185
5.86516
5.92794
5.75815
6.4017
6.60957
5.91396
5.57487
6.07394
6.19538
5.33802
5.59613
5.56183
7.40432
5.76167
5.80955
6.19127
6.08777
6.11788
6.54883
6.38176
6.15473
5.87571
6.83979
6.15572
5.24016
7.89194
5.7207
5.86379
5.75864
5.76977
6.68433
5.11317
6.31482
5.30342
5.97911
6.16804
6.68964
5.67993
5.66404
5.76431
6.45898
6.10986
6.36455
6.68352
6.97237
5.61475
6.27463
5.40222
5.69946
6.42986
5.50246
5.31675
6.65445
6.7671
5.97884
6.7759
5.83358
5.85011
6.54011
5.94544
9.36897
5.92604
6.85081
6.46791
7.08047
5.6307
5.73538
6.8826
5.8815
7.48591
6.18184
6.82032
6.06085
6.54118
6.54396
8.3758
5.92378
5.82367
6.17989
6.27016
8.25794
5.94089
6.91078
6.65991
6.80216
6.58422
6.10805
6.1425
6.28716
6.42686
7.27982
7.38233
6.77084
6.27018
5.96206
6.66599
6.59302
5.6428
5.66041
5.99447
6.60362
5.61049
6.28795
5.12894
6.15921
6.88975
5.93664
6.16656
5.73087
7.08282
5.99906
5.42372
5.90447
7.79861
6.74489
6.15134
6.56005
7.49038
6.35105
5.16179
5.50899
6.47419
6.32893
5.82752
6.1488
6.22712
6.55672
6.43397
5.78693
6.88178
5.62167
6.27252
6.23328
