6.01187
5.96334
7.20073
6.2201
6.98252
5.6302
6.4815
7.09667
7.12626
7.59431
5.86056
6.33017
6.11406
6.51634
6.93503
6.36075
5.53744
6.02193
6.53576
7.06482
7.05833
5.82355
8.06133
6.87947
6.01002
6.66067
7.42119
5.8886
6.60268
6.0518
5.93768
6.21137
6.0751
7.28123
6.68932
7.131
6.32211
6.60773
6.2041
6.0041
8.07408
8.09245
6.00042
6.38633
7.14832
6.06153
6.87079
6.20152
6.03926
6.19397
6.12734
6.59283
6.29224
6.40839
6.50087
6.12069
6.47695
6.23371
6.87043
5.43549
7.40216
5.99728
6.45415
6.05231
7.54696
5.61377
6.90241
6.27263
6.79344
6.22532
6.28435
7.2253
5.77695
6.37301
6.69019
7.5063
6.40485
6.76205
5.90869
7.02092
6.3896
6.66019
5.63661
6.42647
7.08589
5.97943
6.17185
8.92652
5.97128
6.74789
6.16596
5.96747
5.4534
6.20538
5.71131
8.2092
6.00674
9.9562
5.56089
6.85661
7.53757
6.73675
6.88641
7.24549
5.94758
9.5565
6.83705
5.361
9.22641
6.3594
6.05085
6.64288
6.0414
6.46893
6.82174
5.24161
6.86229
5.42455
6.3239
5.78106
5.76159
6.10421
5.99311
7.11951
7.88337
10.3715
6.35004
5.72833
5.49627
5.7029
7.17258
6.94225
5.73773
6.26407
6.25955
5.98223
7.46569
6.87369
6.99597
7.03141
6.2321
6.80471
7.30262
6.7499
8.22146
5.67833
7.45821
5.73435
5.19929
7.21725
6.66153
5.86058
6.77605
6.12157
5.84994
6.0671
6.29025
6.90816
6.10228
6.58363
6.01849
5.92028
6.84438
7.51477
6.76394
6.91775
5.97128
8.9934
6.45199
6.58464
6.05207
5.39735
6.26937
6.04149
5.63432
6.45139
5.93922
5.5728
6.44247
6.55551
6.6376
6.42791
7.55908
6.12358
6.09389
6.44143
6.60423
5.96052
5.76881
6.5163
5.42638
7.88296
6.67137
5.98967
5.86621
6.61249
7.02921
6.53174
6.45017
7.04909
7.34834
6.19912
6.5826
7.60322
7.14017
6.0563
6.1102
6.06146
7.76286
6.97612
6.81229
5.9049
5.69649
6.22909
5.92024
6.18518
5.79339
7.16627
5.61228
6.28064
6.72618
6.54078
6.8687
6.23684
5.73656
6.04119
8.6119
7.70172
5.42321
7.0303
7.36624
5.79542
5.23037
6.05705
6.04276
6.37625
6.70757
7.44781
6.30393
6.22267
6.04896
6.97523
6.03585
6.40967
6.12613
6.09929
6.692
7.47694
8.46321
6.31107
5.71204
7.85575
6.5341
7.17443
6.42139
6.50543
7.42946
6.37823
6.49028
7.35188
6.30825
6.87537
7.16254
6.41178
6.37258
7.18757
6.72179
6.09929
7.4342
6.23763
5.90181
6.36309
7.07521
6.62824
6.80319
5.88905
9.88307
7.54068
5.79745
8.06635
6.36729
6.48678
5.83933
6.88707
6.52372
6.277
6.02922
7.40526
5.95909
6.33166
7.14592
6.72005
6.62537
6.58535
6.60536
5.97599
5.5826
6.13917
6.38931
6.52843
7.67632
7.92664
6.14314
6.37692
6.68943
6.89212
6.93881
6.00157
6.15647
7.15018
6.4535
6.5225
6.35226
6.35191
5.66302
5.91575
6.14397
7.07725
5.103
5.57495
7.03055
5.81497
6.75072
6.1701
6.17247
7.14954
6.81018
6.06816
5.77681
5.93455
6.18493
6.24406
6.94392
7.04158
7.02637
6.07822
6.7472
6.14268
6.72561
6.13635
7.05359
6.37733
6.45723
6.24412
7.3829
6.93358
6.25666
6.5633
6.71401
6.26501
6.04509
5.96146
6.33458
6.05084
8.35599
7.45572
6.17161
6.78575
7.55853
6.65997
5.98907
7.04971
7.38193
6.50299
6.21833
6.39531
6.46362
6.12382
6.20507
6.00348
6.65519
6.88737
6.15881
5.8309
6.35625
6.47458
5.59561
5.86547
5.8433
7.66832
6.01216
6.06641
6.47642
6.3604
6.40258
6.81502
6.66383
6.41139
6.11699
7.112
6.44671
5.50059
8.13125
5.99642
6.15253
6.01621
6.01027
6.9649
5.38975
6.56458
5.56052
6.21146
6.42781
6.96017
5.9151
5.91943
6.02962
6.70583
6.36491
6.60772
6.92126
7.24159
5.84424
6.55046
5.66158
5.95886
6.71437
5.79099
5.59704
6.91721
7.01392
6.22701
7.0377
6.09724
6.09825
6.78195
6.21209
9.5864
6.1971
7.12916
6.71827
7.33518
5.8971
6.02873
7.13058
6.14125
7.75352
6.42043
7.07839
6.32275
6.80064
6.80664
8.62764
6.18741
6.08099
6.44571
6.52792
8.51087
6.20431
7.17154
6.9313
7.0791
6.85752
6.35186
6.37698
6.54539
6.7053
7.53398
7.59531
7.00709
6.54228
6.2425
6.9287
6.87718
5.9136
5.92306
6.2518
6.87545
5.8778
6.55138
5.39253
6.42799
7.13478
6.20911
6.424
5.99334
7.33526
6.27395
5.69018
6.17313
8.02718
6.98718
6.41311
6.84184
7.73831
6.62737
5.42361
5.76403
6.73832
6.58088
6.08915
6.41208
6.5062
6.83265
6.69458
6.03149
7.13624
5.8854
6.5426
6.48467
