3.39475
3.34685
2.98442
3.48258
3.34364
3.14694
3.71059
3.07797
3.31306
3.9561
3.53872
3.63817
3.33202
2.95455
3.56713
3.27847
3.33682
2.87413
3.08903
3.06537
3.01338
3.31044
3.15083
3.24125
3.48688
3.17253
3.63666
3.16674
3.79775
3.71571
2.96815
3.83198
3.72803
3.32819
3.6673
3.30009
3.25126
3.21315
3.26907
3.34422
3.36975
3.16626
2.80276
3.38716
2.99161
3.49862
3.31404
3.52596
3.31395
3.79422
3.4402
3.51823
2.96234
3.44378
3.91707
3.27193
3.21923
2.98504
3.4828
3.39489
3.30588
3.25014
3.29379
3.99079
3.36924
3.64256
3.48151
3.39097
3.58129
3.48604
3.24893
3.42643
3.00872
3.59865
3.12627
3.22824
3.47984
3.21757
4.12664
3.0859
3.18492
3.32347
3.71576
3.49597
3.17909
3.40178
3.39542
3.46764
3.63757
3.20085
3.09536
3.52134
3.37291
3.78584
3.26643
3.2029
3.45305
3.38381
3.31167
3.35738
3.02647
3.83392
3.5845
3.49791
3.0145
3.42115
3.68267
3.05557
3.76502
3.38425
3.35324
3.13951
3.42736
3.42343
3.19227
3.3813
3.19567
3.0133
4.39393
3.30167
3.83564
3.13926
3.52314
3.08976
3.96289
3.62194
3.91915
3.69038
3.68668
3.05631
3.22779
3.76074
3.37975
3.65342
3.3008
3.27878
3.5029
3.25549
3.58049
3.09427
3.02843
3.22018
3.2988
3.4296
3.57008
3.19419
3.44177
3.44688
3.13472
3.36885
3.20081
3.31915
3.25701
3.56581
3.66056
3.03121
3.16245
3.05137
3.22424
3.55222
2.94008
3.74137
3.37027
3.14232
3.01538
2.89763
3.34788
3.50157
3.14715
3.35712
3.82039
3.00382
2.99756
3.51408
3.43043
3.45206
3.52186
3.32096
3.28274
3.3384
3.47934
4.07542
3.28242
3.11552
3.36935
4.18868
3.71421
3.80815
3.11671
3.46976
3.51594
3.29676
3.29781
3.36613
3.59126
3.23192
3.1475
3.01923
3.46114
3.18657
3.06785
3.64514
3.26967
3.23054
3.51979
3.30228
3.27091
3.20698
3.43798
3.19974
3.35199
3.2813
3.30067
3.11488
3.78526
4.05038
3.21289
3.30048
2.61644
3.40332
3.15501
3.4501
3.02131
3.29724
3.39741
3.70745
3.43484
3.22306
3.37221
3.72454
3.50941
3.00362
3.33702
3.01741
3.5333
3.33977
3.46536
3.29919
3.17203
3.02377
3.60569
4.17883
3.05376
3.09284
3.65826
3.22305
3.46418
3.46417
3.44123
3.27235
3.36904
3.05511
3.12025
3.59254
3.1774
3.71335
3.49444
3.47916
3.27304
3.28531
3.58936
3.32854
3.31345
4.05272
3.44545
3.48676
3.03302
3.46564
3.29364
3.13459
3.55471
3.33384
3.52484
3.27507
3.20427
4.03149
3.21437
3.44841
2.85473
3.1031
3.14796
3.80535
2.87706
3.22353
3.9963
3.3953
3.44376
3.11593
3.18756
3.09495
3.47732
3.13902
3.65088
3.51014
3.35745
3.07979
3.28106
3.50456
3.79002
2.83765
3.30389
3.78693
3.16625
3.06764
3.40184
3.4361
3.72867
3.6377
3.28521
3.74591
3.4489
3.71623
3.76892
3.64286
3.62435
3.28278
3.53429
3.24503
3.11539
3.29227
3.45365
3.13869
3.3874
3.25828
3.17939
2.92281
3.51988
3.26243
3.43063
3.45722
3.36778
3.53912
3.62709
2.91612
3.44136
3.3381
3.31445
3.26812
2.84286
2.8735
3.51627
3.51545
3.19175
3.38921
3.28476
3.57881
3.26002
3.36172
3.05496
3.25037
3.23244
3.72543
3.53587
3.24723
3.41667
3.38547
3.238
3.32569
3.86588
3.14072
3.4741
3.94961
3.47901
3.17146
3.64769
3.70901
3.22243
3.16517
3.29377
3.89367
3.07544
3.33177
3.41277
3.72762
3.48486
3.05792
3.02797
3.4991
3.5938
3.09207
3.27648
3.59981
3.01148
3.53432
3.14662
3.22844
3.35779
3.1895
3.32878
3.86208
3.02223
3.14308
3.94784
2.86978
3.28622
3.23092
3.46651
3.11042
3.21411
3.58886
3.17812
3.31715
3.60346
3.41926
3.2847
2.98992
3.43041
2.97745
3.41399
2.91526
3.65479
3.52588
3.32879
3.46934
3.38818
3.39196
3.25728
3.14951
3.49205
3.45056
3.816
3.39435
3.89672
3.41562
3.48626
3.57325
3.40458
3.658
3.29471
3.03369
2.90714
3.46802
3.41381
3.21845
3.25412
3.41877
3.21358
3.2945
3.34558
4.018
3.31589
3.25629
3.62466
3.28835
3.12647
3.40257
3.5553
3.58227
3.49567
3.14246
3.42325
3.38628
3.27148
3.20139
3.55608
3.55736
3.38002
3.06797
3.7891
3.44766
3.06412
3.19775
3.74619
3.53685
3.12996
3.48124
3.64953
3.38254
3.70618
3.09036
3.33634
2.94949
3.488
3.59499
3.05227
3.46855
3.40342
3.24722
3.36246
3.43051
2.98752
3.47493
3.46759
3.28715
3.78419
3.70604
4.00094
3.30971
3.26993
3.76074
3.02253
3.08385
3.85276
3.47454
3.3304
3.13008
3.28201
3.372
3.28786
3.48012
