3.62672
3.63341
3.72269
3.96755
3.68042
3.92684
3.77493
3.82867
3.70808
4.02121
3.62052
3.84903
4.23579
4.7049
5.08379
3.92289
3.73305
4.0592
4.72761
3.53481
3.64465
3.57208
3.9963
4.24517
3.57566
4.03349
3.9746
4.0333
4.10294
3.99355
3.99618
4.51258
3.93165
4.78601
4.09334
4.36
4.07865
3.71014
4.39947
4.48209
3.60866
3.7661
3.66219
3.79855
3.64799
3.95486
3.79362
3.90234
3.85822
4.05663
3.76503
3.92604
3.6615
3.96436
3.99054
3.79151
3.80167
3.51475
3.82764
3.6054
3.61015
3.72214
3.90658
3.71911
4.37351
3.95897
4.00821
4.87013
4.52904
3.47429
3.8762
3.91585
3.68817
3.68574
3.71282
3.94095
4.43363
4.91987
3.54637
4.03586
3.81784
3.54062
3.80076
3.81973
3.91502
4.14629
3.7708
3.84945
3.93204
3.76289
4.02993
3.80349
4.037
4.12277
4.13823
3.73942
3.73918
3.84604
3.45405
4.03914
3.9647
4.16743
3.64619
4.15226
3.94205
4.28785
3.97866
3.80884
4.11246
4.06898
4.02485
3.82504
4.088
4.13186
3.93008
4.0311
3.94195
3.81096
4.0048
4.64583
4.78785
4.22157
4.18906
3.83482
4.10652
3.9878
3.57441
4.10639
3.92542
3.73726
4.20881
3.88524
3.87542
3.60674
3.74793
3.79373
3.95128
3.57409
4.2426
3.87705
4.23693
3.97302
3.65894
3.82732
3.86227
3.6289
3.4158
3.63288
3.7981
3.75588
4.60093
3.91421
3.90139
3.74549
3.81476
3.79662
3.76771
3.98714
3.92539
4.09792
3.92911
3.76873
4.38442
3.68685
4.41567
3.65527
4.29325
3.75148
3.87361
4.20687
4.29425
3.99273
4.06774
3.87423
3.80146
3.98957
3.96228
3.82572
3.46391
3.98843
3.9751
3.61141
3.87486
3.81114
3.8322
3.80639
3.95828
3.74544
3.98041
3.97
4.25704
3.58095
3.66789
3.91843
4.18382
3.97153
3.82503
3.82973
3.72537
3.81922
3.96798
3.7967
3.8856
3.65334
3.65427
3.8725
3.83569
3.93706
3.78056
3.43964
4.17268
4.14339
3.85048
4.02478
3.86828
4.15464
4.04631
4.17808
3.44069
3.67581
4.02195
4.17721
3.92192
3.41294
4.18839
4.44966
4.12007
4.46208
3.76762
3.63586
3.88423
3.59862
4.60946
3.44602
3.36987
3.84924
3.77442
3.70018
3.91276
3.73918
3.77594
3.95096
4.07191
3.70877
4.25024
3.9279
3.66797
3.73521
4.11472
4.1896
4.62167
3.83239
3.48796
3.39609
3.73522
3.44907
3.84885
3.91278
3.86896
3.81319
4.19001
3.6772
3.94947
3.5543
3.96016
4.62429
3.6873
3.6406
3.61602
3.95348
3.53155
4.05162
3.62036
5.04967
4.02777
3.85339
3.92832
4.10381
3.97923
4.16616
3.96206
3.85407
3.77859
3.65682
4.09371
3.576
4.26189
3.92924
3.8152
4.01774
3.954
3.84356
3.88438
3.77496
3.87315
4.09817
3.82386
3.56209
3.5445
3.88369
4.17529
4.45576
3.76983
3.35486
3.99544
3.59711
3.51476
3.8755
3.72795
3.70567
3.82524
3.82536
3.96459
3.86817
4.02886
3.98475
3.60088
3.8241
3.93842
3.94135
3.86004
3.92223
3.42463
6.09066
4.30107
3.98363
3.97057
3.91321
4.15117
3.76188
3.98346
4.02744
3.94553
3.96496
4.12024
3.94774
3.90974
4.53239
3.97615
4.12793
4.15878
3.64645
3.45849
3.85569
3.62863
4.06243
4.14347
4.36512
3.40487
3.6836
3.69611
3.82414
3.91031
3.90499
4.07904
3.73333
4.39557
4.05208
4.35567
3.76433
4.25566
4.2027
3.88571
3.77574
3.92782
3.57736
3.73462
4.11297
3.86273
3.6016
3.93935
3.51303
4.02141
3.87851
3.95387
4.10898
3.92106
4.06719
3.80742
3.95405
3.52286
3.68329
3.70167
3.7159
3.55603
3.93278
3.87831
3.77492
3.68718
5.23492
3.44355
3.83204
3.83721
4.0963
4.11567
4.25278
3.59631
3.42625
3.84168
3.9633
3.77636
3.8107
3.80055
3.57514
3.68696
4.00445
3.98173
3.67577
4.08541
3.85458
3.61139
3.91323
3.81071
3.79649
3.91354
3.97932
3.81581
3.71148
3.73772
4.06254
3.44472
3.83959
3.721
3.88015
3.53069
3.99677
3.96323
4.05963
3.72722
3.46392
4.04425
3.80884
6.22548
4.028
4.39546
3.66442
3.80782
3.67724
3.75545
4.36799
4.18088
4.08636
4.16041
3.97971
3.65904
3.96574
3.9312
4.57403
4.04884
3.83002
3.79776
4.04501
3.92127
4.12362
3.98938
4.18855
3.89837
4.3921
3.33087
4.03584
3.87784
3.55591
4.34412
4.56513
4.01783
3.70664
3.95073
4.37998
4.0626
3.53233
3.67479
3.8853
3.57241
4.30224
4.56349
4.06923
3.62418
4.04482
3.85646
4.25056
4.098
3.9868
3.95281
4.15932
3.96033
3.81134
3.80113
4.02917
4.07691
4.05376
3.89324
3.62719
4.71983
4.27662
4.02074
4.00687
3.95281
4.02294
3.81563
3.91001
