3.57421
3.57783
3.67334
3.9204
3.62438
3.86546
3.72244
3.77103
3.65582
3.96258
3.56887
3.78579
4.17563
4.61334
4.99899
3.86298
3.67299
3.99729
4.6434
3.48363
3.59222
3.52008
3.94042
4.17992
3.52231
3.97443
3.91473
3.9809
4.04785
3.93738
3.92563
4.44854
3.8645
4.66777
4.02128
4.28097
4.01978
3.65635
4.32905
4.41266
3.55835
3.70173
3.61361
3.73458
3.59573
3.89346
3.74575
3.84659
3.79673
3.99547
3.71345
3.87064
3.6102
3.91086
3.93806
3.7385
3.73822
3.46566
3.75433
3.55038
3.56258
3.67039
3.84193
3.66539
4.2949
3.88621
3.95535
4.77122
4.45814
3.43011
3.81767
3.8544
3.632
3.63332
3.65956
3.87846
4.36886
4.84708
3.4887
3.95222
3.76417
3.4949
3.74844
3.7653
3.86513
4.09347
3.70864
3.78877
3.87494
3.7061
3.9815
3.75584
3.98293
4.05428
4.07354
3.68234
3.68568
3.78888
3.40617
3.96671
3.90264
4.11109
3.59199
4.08512
3.88731
4.22734
3.91297
3.75887
4.04919
4.00904
3.97201
3.77318
4.02227
4.07069
3.87014
3.96951
3.82331
3.75949
3.94972
4.54712
4.71412
4.16104
4.13271
3.78637
4.04746
3.89933
3.52957
4.03131
3.87116
3.68605
4.14527
3.82701
3.82295
3.54548
3.69048
3.73283
3.89835
3.52492
4.14602
3.82242
4.17965
3.9208
3.60728
3.77327
3.80364
3.55944
3.37124
3.57613
3.74487
3.69867
4.51447
3.85879
3.84005
3.69279
3.76342
3.74226
3.71373
3.91964
3.87809
4.02508
3.87628
3.71677
4.31211
3.63367
4.32821
3.60563
4.21086
3.69539
3.81565
4.08493
4.2249
3.93836
4.01227
3.81394
3.74749
3.92309
3.90541
3.7517
3.41852
3.93312
3.91578
3.56032
3.82427
3.75239
3.77715
3.75841
3.90127
3.69632
3.93026
3.90301
4.19421
3.52902
3.60757
3.86273
4.0953
3.91567
3.76984
3.77838
3.67545
3.76867
3.91546
3.74151
3.83158
3.59464
3.60776
3.82235
3.77672
3.88796
3.72593
3.3902
4.11371
4.0839
3.79653
3.96253
3.81572
4.0808
3.98821
4.10795
3.38687
3.62532
3.96592
4.11185
3.86995
3.36599
4.12254
4.37723
4.06462
4.38618
3.71441
3.58616
3.82111
3.53663
4.54592
3.40076
3.32279
3.79583
3.72005
3.64802
3.85306
3.68858
3.71805
3.89742
4.00447
3.65338
4.17803
3.87546
3.61625
3.68156
4.05803
4.11259
4.54665
3.76646
3.44602
3.34369
3.68115
3.39837
3.7945
3.84398
3.80613
3.75997
4.12635
3.62381
3.87954
3.50074
3.90038
4.54005
3.63502
3.59116
3.56923
3.89493
3.489
3.96436
3.57172
4.90773
3.9596
3.80595
3.86883
4.04148
3.90546
4.10233
3.90327
3.7933
3.71905
3.59872
4.03869
3.52122
4.18253
3.87771
3.75972
3.96288
3.89398
3.78386
3.83578
3.72018
3.81592
4.03883
3.76999
3.51089
3.49787
3.82621
4.12039
4.39567
3.72022
3.30563
3.94507
3.54216
3.46594
3.82462
3.66864
3.65266
3.77187
3.76968
3.90705
3.8138
3.97187
3.90366
3.54783
3.76802
3.87964
3.88558
3.79486
3.84886
3.37277
5.82342
4.22332
3.92096
3.91874
3.85282
4.07038
3.69939
3.92048
3.96831
3.89627
3.90202
4.05322
3.88557
3.85848
4.46656
3.91403
4.07147
4.09141
3.5927
3.40569
3.79201
3.57717
3.99695
4.06562
4.26616
3.35779
3.62315
3.64052
3.77437
3.85858
3.84567
4.02151
3.67863
4.33007
3.98577
4.28515
3.71687
4.19291
4.1432
3.81999
3.71729
3.88131
3.52635
3.68383
4.05581
3.81449
3.55429
3.85202
3.46423
3.96327
3.8265
3.8938
4.03734
3.86116
4.00729
3.75107
3.89324
3.47533
3.63085
3.65075
3.66555
3.50312
3.87419
3.82101
3.72314
3.63854
5.0615
3.3988
3.77497
3.78809
4.03657
4.03862
4.19643
3.5387
3.37792
3.7804
3.90894
3.72592
3.75522
3.73012
3.52261
3.63576
3.93506
3.91824
3.62322
4.02679
3.80146
3.55695
3.86027
3.76087
3.74549
3.85494
3.9267
3.76085
3.65447
3.68843
3.99956
3.39107
3.78678
3.66761
3.82445
3.48363
3.94258
3.90397
3.99584
3.67209
3.41518
3.981
3.75247
6.03902
3.96879
4.31013
3.61012
3.75971
3.63087
3.69998
4.30852
4.12615
4.02956
4.09543
3.92487
3.60758
3.9013
3.88189
4.50912
3.9886
3.78187
3.74089
3.98154
3.86701
4.0637
3.92266
4.12394
3.83576
4.30746
3.28548
3.97696
3.82324
3.50296
4.27481
4.48004
3.94895
3.64906
3.88742
4.32326
4.00441
3.48818
3.62405
3.83797
3.51993
4.22984
4.50405
4.01716
3.56885
3.98734
3.8084
4.16658
4.04254
3.9133
3.88377
4.10224
3.88679
3.75717
3.7477
3.98038
4.02607
3.9858
3.8407
3.56765
4.64443
4.2214
3.95633
3.94729
3.89889
3.94789
3.76041
3.85693
