4.70249
4.61677
5.67293
4.9051
5.16369
4.04877
4.96412
5.3599
5.44556
5.69452
4.46095
4.95199
4.68418
4.94239
5.41706
4.86288
4.11005
4.44609
5.12542
5.24634
5.48336
4.42494
6.2776
5.4822
4.60311
5.16078
5.78019
4.38212
4.87327
4.55877
4.62448
4.79688
4.64388
5.54767
5.06427
5.41937
4.89654
5.09617
4.92561
4.56473
6.29252
6.22818
4.49108
4.77199
5.39628
4.68357
5.37846
4.82754
4.61954
4.53992
4.74199
5.19337
4.87167
4.88024
4.9553
4.55167
4.91206
4.85647
5.25896
4.14687
5.81794
4.60677
5.11431
4.7264
6.11667
4.30315
5.23829
4.67861
5.36886
4.6106
4.76003
5.66644
4.26301
5.03614
5.05107
5.57814
5.01811
5.01794
4.49715
5.66021
4.86709
5.10139
4.24604
4.76051
5.56515
4.45934
4.66069
7.2666
4.72515
5.16779
4.66629
4.75212
4.26487
4.53255
4.49115
6.58564
4.70663
8.30267
4.26255
5.07626
6.03123
5.13533
5.21362
5.54098
4.29067
7.889
5.19796
4.05692
7.57215
5.00006
4.61259
5.18273
4.52282
4.90906
4.99809
4.00781
5.28623
4.18178
4.74719
4.45022
4.40983
4.60384
4.58855
5.30012
6.11543
8.83997
4.74631
4.28849
4.14436
4.35686
5.51986
5.56458
4.3535
4.77764
4.91325
4.67061
5.83666
5.28264
5.3702
5.60809
4.85547
5.38325
5.87776
5.01358
6.42165
4.36625
5.65563
4.33513
3.95553
5.65135
5.09241
4.40355
5.22513
4.57421
4.10326
4.68514
4.86404
5.0273
4.71082
5.1638
4.59463
4.51472
5.32231
5.85075
5.19359
5.2476
4.49927
7.46416
4.83316
5.08937
4.55905
4.03469
4.90117
4.73492
4.41069
4.95918
4.43618
4.31009
5.04184
5.19856
5.13545
4.93071
5.97648
4.79757
4.64163
5.09935
5.08455
4.35509
4.21143
4.88905
4.16217
6.08667
5.00768
4.59617
4.49112
5.21028
5.5441
5.07445
5.07287
5.25669
5.63272
4.88533
5.13766
5.89519
5.74146
4.60833
4.56255
4.35582
6.08197
5.36433
5.28628
4.28019
4.18203
4.72416
4.48149
4.76298
4.37441
5.39075
4.18381
4.71751
5.5198
4.91039
5.37529
4.7326
4.35422
4.56208
7.02857
5.79158
4.13179
5.48833
5.86844
4.35469
3.90172
4.73654
4.62663
5.0623
5.13236
5.8576
4.98201
4.90034
4.53785
5.24353
4.44477
4.67595
4.66817
4.60088
5.22746
5.94914
6.67593
4.77345
4.39879
6.24967
4.71447
5.36883
5.06186
5.05716
5.67272
4.92657
4.93775
5.85889
4.88896
5.14511
5.72914
4.86046
4.87178
5.53225
5.20852
4.54639
5.71196
4.76039
4.57194
4.8953
5.21529
5.04969
4.97085
4.48069
8.34798
5.82485
4.52259
6.42377
5.03898
4.92491
4.31501
5.13048
5.24984
4.88571
4.67385
5.58964
4.49686
4.85832
5.44189
5.28747
4.91399
4.78353
4.86067
4.67623
4.11859
4.70552
4.80609
5.03098
5.86727
6.07318
4.597
5.01097
5.29517
5.36414
5.3189
4.57688
4.8691
5.62835
4.83324
4.99592
5.04383
4.7831
4.4764
4.56485
4.87384
5.6529
3.927
4.15271
5.55624
4.25601
5.24158
4.73755
4.67964
5.63756
5.2102
4.55529
4.17466
4.61983
4.58591
4.83967
5.23358
5.55979
5.62619
4.46461
5.10428
4.74058
5.12667
4.67776
5.15754
5.05251
5.06185
4.94555
5.8525
5.29071
4.70359
4.95209
5.0164
4.87948
4.58722
4.5389
4.92054
4.89572
6.90181
5.85963
4.67737
5.22914
5.97904
5.34804
4.70117
5.54507
5.69682
4.87993
4.70437
4.83417
4.73881
4.86274
4.5784
4.47014
5.05678
5.21469
4.8653
4.40094
4.92488
4.97994
4.25199
4.45425
4.28061
5.767
4.63613
4.7196
4.867
4.71612
4.86255
5.32593
5.03811
4.90638
4.74482
5.31072
4.60613
4.17293
6.45345
4.5578
4.68162
4.55644
4.62879
5.17878
3.96841
5.16898
4.21872
4.82257
4.86731
5.43729
4.57082
4.54368
4.57476
5.04175
4.84527
5.21536
5.52778
5.57826
4.54172
4.88325
4.29301
4.54678
4.94289
4.29464
4.18783
5.38575
5.46443
4.80858
5.41264
4.75856
4.74417
5.47906
4.73869
8.04544
4.76386
5.2313
5.17393
5.62164
4.58002
4.49622
5.73466
4.76902
5.88021
5.11396
5.50941
4.90732
5.12947
5.29533
6.90254
4.7736
4.55683
4.93326
4.94558
6.75135
4.81634
5.58265
5.15051
5.49619
5.20851
5.05559
4.9977
5.04687
4.99677
6.06422
6.0673
5.57734
4.90262
4.633
5.38737
5.05936
4.54814
4.59173
4.68689
5.30884
4.33821
4.98139
4.0301
5.01533
5.78587
4.51375
4.92723
4.62859
5.85607
4.62025
4.26776
4.57715
6.70349
5.52166
4.98901
5.14588
6.04188
4.91289
4.145
4.36519
5.18714
5.13648
4.67775
5.02044
4.97696
4.99484
5.15035
4.66824
5.55822
4.50681
5.0423
4.96655
