3.46485
3.46257
3.57019
3.82127
3.50848
3.73879
3.61326
3.65153
3.54705
3.83984
3.46232
3.65588
4.05102
4.42461
4.81634
3.74007
3.55017
3.86924
4.46948
3.37832
3.48276
3.41311
3.82434
4.04284
3.41363
3.85084
3.79109
3.87179
3.93334
3.82078
3.78035
4.31518
3.72744
4.42857
3.87472
4.11904
3.89657
3.54498
4.18208
4.26797
3.45367
3.57045
3.51293
3.60488
3.4873
3.7656
3.64506
3.7307
3.66959
3.86834
3.60645
3.75455
3.5047
3.79844
3.82748
3.62786
3.60725
3.36299
3.60506
3.43652
3.46348
3.56354
3.70857
3.55351
4.1337
3.74057
3.8437
4.56437
4.31053
3.33754
3.6991
3.72745
3.51343
3.52498
3.54863
3.74856
4.23554
4.69316
3.37121
3.78839
3.65312
3.39934
3.63948
3.6515
3.76019
3.98264
3.58106
3.66378
3.75564
3.58931
3.87974
3.65668
3.87189
3.91822
3.93981
3.56654
3.57478
3.6687
3.30556
3.81788
3.77501
3.9934
3.47924
3.94989
3.77309
4.10092
3.7767
3.65376
3.91673
3.88388
3.86085
3.66555
3.88535
3.94312
3.7446
3.84174
3.61339
3.6521
3.83335
4.34522
4.55864
4.03519
4.01504
3.68405
3.92553
3.72633
3.43543
3.87729
3.75811
3.57926
4.01248
3.70632
3.71229
3.42095
3.57267
3.60845
3.78694
3.42284
3.95707
3.70924
4.05938
3.81094
3.50118
3.66212
3.68276
3.42026
3.27831
3.4582
3.63461
3.57994
4.33279
3.74384
3.71199
3.58278
3.65549
3.62873
3.60106
3.7791
3.77919
3.87789
3.76705
3.60852
4.16142
3.52348
4.15169
3.50165
4.04866
3.57866
3.6948
3.8625
4.0841
3.82497
3.89578
3.6888
3.63577
3.7851
3.78651
3.60781
3.32303
3.81664
3.79272
3.45391
3.71814
3.63186
3.6628
3.65797
3.78158
3.59325
3.82549
3.76684
4.06321
3.4198
3.4845
3.74732
3.91942
3.79828
3.655
3.67226
3.57102
3.66274
3.80579
3.62522
3.71794
3.47457
3.51045
3.71695
3.6564
3.78541
3.61118
3.2882
3.99035
3.95946
3.68424
3.83285
3.7053
3.93117
3.86675
3.9643
3.2756
3.52036
3.84985
3.97561
3.76142
3.26751
3.98911
4.22811
3.94817
4.2291
3.60351
3.48299
3.69234
3.40951
4.41092
3.30626
3.22461
3.6859
3.60587
3.54008
3.73149
3.5836
3.5992
3.78613
3.86347
3.53803
4.03127
3.7662
3.50787
3.56939
3.93985
3.95627
4.38917
3.63084
3.35826
3.23543
3.56815
3.29254
3.68101
3.70355
3.67741
3.64934
3.99345
3.51248
3.73529
3.38982
3.77684
4.36191
3.52587
3.48795
3.47077
3.77564
3.39959
3.79265
3.46983
4.62591
3.82188
3.7071
3.74503
3.91381
3.75821
3.97036
3.78168
3.66728
3.598
3.47825
3.9232
3.40742
4.0195
3.7691
3.6443
3.84932
3.77191
3.6607
3.73375
3.60766
3.69847
3.91504
3.65721
3.40577
3.40011
3.70672
4.00665
4.26897
3.61633
3.2032
3.83941
3.42851
3.36431
3.71825
3.54616
3.54177
3.6604
3.65485
3.78663
3.70095
3.85383
3.74017
3.43937
3.65269
3.75912
3.76894
3.66202
3.70257
3.26591
5.21207
4.06773
3.79205
3.81018
3.7289
3.90201
3.56959
3.7887
3.84509
3.79312
3.77382
3.91414
3.75758
3.75096
4.32777
3.78676
3.95558
3.95331
3.48078
3.29619
3.66552
3.47029
3.86154
3.90786
4.0643
3.25985
3.49806
3.52443
3.67013
3.75047
3.72278
3.90045
3.5657
4.19735
3.85087
4.1375
3.617
4.06076
4.01832
3.68393
3.59757
3.78353
3.42062
3.57691
3.93705
3.71341
3.45593
3.68432
3.3622
3.84318
3.71754
3.76995
3.89306
3.73651
3.8815
3.63478
3.76806
3.37657
3.52167
3.54558
3.56113
3.39326
3.75204
3.70092
3.61491
3.53685
4.71205
3.30557
3.65601
3.68498
3.91121
3.88126
4.07806
3.42
3.27695
3.65542
3.79529
3.62084
3.64057
3.58675
3.41399
3.5288
3.79373
3.78737
3.51335
3.90468
3.69201
3.44377
3.74984
3.65576
3.63949
3.73517
3.81605
3.6465
3.53581
3.58522
3.87006
3.28033
3.67588
3.55682
3.70845
3.38634
3.82949
3.78153
3.86341
3.5567
3.31293
3.85082
3.6354
5.62814
3.84446
4.13486
3.49692
3.66034
3.53362
3.58386
4.18304
4.01156
3.91164
3.96058
3.81094
3.50058
3.76856
3.77815
4.37154
3.86545
3.68084
3.6231
3.8508
3.75313
3.93844
3.78766
3.99082
3.70521
4.13159
3.1905
3.85335
3.70915
3.39233
4.12915
4.30552
3.80738
3.53071
3.7591
4.20464
3.88346
3.39568
3.51907
3.73908
3.41132
4.08197
4.37968
3.90727
3.45507
3.86655
3.70751
3.99914
3.92691
3.7702
3.74188
3.98398
3.74229
3.64596
3.63587
3.87789
3.91909
3.8465
3.73055
3.44878
4.48538
4.10458
3.82329
3.82203
3.78696
3.79516
3.6456
3.74575
