4.29168
3.72937
3.91723
3.33179
3.54371
3.63267
4.11164
4.11089
4.58692
4.23835
4.19933
3.012
3.51363
3.71756
4.29272
4.45565
3.56856
3.6052
4.56312
4.32909
3.56484
4.2309
3.99294
4.30464
2.70888
4.93182
4.49524
3.39272
3.91732
3.87838
4.33871
3.68092
4.34244
4.08649
3.95935
3.91
3.7462
4.01798
4.9046
4.19811
4.02457
4.34518
3.63768
3.78503
3.6408
4.68845
3.7556
4.23124
4.21655
4.0087
4.26336
4.24161
4.05969
3.8707
3.70976
4.21219
3.79017
3.71202
3.38323
3.80909
4.41547
4.43067
4.40483
2.97374
4.35093
4.24996
3.78769
4.17257
4.89463
3.71078
5.49013
4.1997
3.06047
4.58227
3.51004
4.24979
4.67019
4.51853
3.46384
4.06308
4.26869
3.4063
4.45553
3.67365
4.14543
3.73094
3.53129
5.8997
4.07968
3.89164
4.94494
4.37568
3.98296
5.04242
4.44483
3.56307
4.07747
3.95747
3.68527
3.48838
3.73195
4.85488
3.4861
3.94135
3.56032
4.22849
3.72686
4.34883
4.52855
3.25662
3.96279
4.30733
3.39861
4.71751
3.35715
3.55064
4.21047
3.70498
4.05634
4.44388
3.70369
4.24746
3.59909
3.45116
3.99343
4.30386
3.3826
3.98173
4.01181
3.97506
3.79314
4.81505
4.02716
3.69769
4.61491
3.6084
4.19607
4.30491
3.6671
3.72588
3.69353
3.36042
3.72833
4.08242
4.35443
4.11251
4.31673
3.66065
5.17836
4.4149
3.87852
3.85716
4.62557
4.56864
4.09263
4.27525
3.912
3.89648
3.83693
4.32038
3.65966
3.40132
4.48777
4.09665
3.7583
4.33237
4.14731
3.87635
4.1699
3.5648
3.55681
3.92462
3.59044
4.74388
4.39613
3.50514
3.59371
5.30757
3.62009
3.75458
3.84703
3.91633
5.05275
3.76638
4.03096
3.89095
4.29368
3.89824
4.95218
4.07883
4.50906
3.4464
3.51993
3.69341
3.51974
4.35131
3.82877
4.2294
4.18999
3.80015
4.42979
3.76885
3.7543
4.64844
3.77474
3.34947
4.03123
4.42879
4.68844
4.03444
4.04765
4.40127
3.96794
3.65678
3.45091
3.92291
3.93288
4.84293
3.53052
4.95176
3.53556
3.42682
3.73398
4.25454
4.07926
4.23796
3.97329
3.54424
4.34188
4.19641
4.41863
3.99366
3.87826
3.24619
3.73216
4.48916
3.66262
3.43443
3.69493
3.94507
3.79151
4.60134
4.07003
3.37904
4.24611
4.49645
5.11813
4.53462
3.78074
3.61687
4.34297
3.80627
4.09426
4.27511
4.24667
4.42394
3.82116
4.2602
4.08834
4.14001
2.95388
3.80113
4.48065
4.27764
3.54047
3.99339
4.10006
4.50448
4.27546
4.28297
4.222
4.89976
3.81498
3.41483
4.2089
3.4922
4.48889
3.63249
4.38491
3.67672
3.31465
3.77985
3.93269
3.73736
4.17781
4.39239
4.15457
4.70124
4.25258
3.78349
3.61688
3.36609
4.17556
3.73161
3.88527
3.60888
4.03156
4.19105
6.17195
4.28181
4.12698
3.82197
4.08812
3.39899
3.77799
3.80414
4.50268
4.13686
3.37278
4.58721
3.24405
3.63383
3.68449
3.37768
3.84007
3.83096
4.07739
4.47613
4.085
4.10592
3.30122
4.5164
3.93769
4.0349
5.94129
4.64185
4.48047
3.67204
3.75061
4.23142
3.49756
4.87054
3.61249
3.82408
3.57137
4.46905
3.46572
3.7022
4.24363
3.38466
4.96739
4.04626
3.63313
3.83409
5.11387
4.07469
3.97862
4.51833
4.06597
4.32383
3.65284
3.80857
3.55128
4.21942
3.94687
3.26348
4.5021
3.97045
3.52343
3.79984
3.61422
4.67227
4.3054
3.62258
4.3178
3.56112
3.62389
3.7432
3.81029
3.66767
3.79281
3.71606
3.25741
5.20548
3.22507
3.32861
5.13493
3.37443
4.09291
3.94209
3.83968
4.08487
3.64339
3.22869
4.83109
4.59714
3.94684
4.07776
3.50713
4.19415
3.78011
3.43306
4.0561
4.16288
4.27062
3.70787
4.31038
4.45243
3.23272
3.95731
4.10122
4.19641
3.84076
3.88881
3.67656
3.36502
4.34425
4.06012
4.11224
3.68227
4.23508
3.55921
4.48977
3.96114
5.10885
3.37041
3.70047
3.66521
4.27252
4.75837
4.08676
3.68581
4.34133
4.10052
3.38026
3.86686
5.49701
4.13139
5.24076
3.23419
5.39548
4.21888
4.31404
4.15207
3.97619
4.37708
3.70856
3.42217
4.31894
4.13455
4.9751
3.74115
3.91254
3.73419
4.27855
4.31921
3.49593
3.77712
3.926
4.44763
4.44606
4.15819
4.57257
3.63319
3.52333
3.39641
4.22233
3.36658
3.66271
3.81835
4.57562
4.03741
4.22795
3.66511
4.18274
3.40502
3.3913
4.5579
3.60219
4.16665
3.40176
4.04577
6.15114
4.17436
4.48251
4.41364
5.652
3.70481
3.95819
5.16991
4.43305
3.50244
4.35084
3.75664
3.68761
4.13642
4.30339
3.69629
3.86319
4.76498
3.63321
3.24721
3.57456
4.75886
4.05575
4.82834
3.3193
3.76536
3.9466
3.55389
