4.95749
5.97347
5.02166
4.60442
4.74656
4.34289
6.0819
4.79158
7.20365
6.87361
4.96175
4.54931
4.53833
6.29746
5.60347
5.22191
5.09885
5.09379
5.77616
5.25958
5.88371
4.59335
5.25448
5.15729
5.34526
7.32139
5.93428
6.13844
5.17378
4.94138
5.70715
4.44268
6.31878
5.07724
4.74996
5.16586
6.20532
6.98568
6.45295
4.95261
6.14535
5.31542
5.18531
5.58796
4.5672
6.05367
5.41013
4.23725
4.637
5.29266
6.6906
6.34995
3.95908
6.05108
6.48726
4.63879
4.90335
4.1471
5.32079
5.59497
6.89495
5.31681
4.16251
5.63975
6.71525
3.77085
6.91641
6.41301
5.23707
4.05931
5.72217
3.92547
4.4769
5.29296
5.40339
5.82208
6.00401
5.9224
5.98612
5.23612
6.2734
4.92174
4.20692
5.4029
4.52741
5.17734
5.54909
4.55952
5.02996
6.09973
7.70806
6.1792
7.46944
4.91592
5.02205
6.98806
6.22433
7.55647
5.09667
4.79555
4.99781
6.05146
5.90744
5.70844
5.52467
5.19245
6.46347
5.23136
5.60825
7.25279
5.09377
7.23859
5.47479
5.57639
5.24046
4.29542
4.92361
4.42665
4.63318
5.75207
6.19521
5.79373
5.08238
4.51759
5.42958
5.15976
5.21904
4.02261
4.60712
5.06962
5.06287
5.23422
4.70049
6.13123
4.39856
5.56147
6.65507
6.1357
5.88111
6.04949
3.97139
4.10854
6.17133
5.22105
4.45682
5.99197
4.40477
5.20716
4.75944
8.9504
4.15179
4.80553
5.94511
6.13506
6.07466
4.96318
5.88967
6.01369
3.80108
4.42514
5.68407
5.28192
4.44127
4.72783
4.92064
6.93334
8.03362
5.82204
4.31016
7.03983
6.04771
6.76332
6.39006
4.74486
5.52022
4.95737
4.11807
5.18518
5.07261
7.1135
4.02525
5.12214
3.83179
6.91421
4.98671
5.43362
4.88656
4.44889
4.30299
5.29109
5.1288
4.56403
5.14339
6.17285
5.33262
4.14667
4.36095
8.31465
4.60833
7.14384
4.85022
3.93146
5.80121
5.18009
6.1447
5.47266
5.09821
7.83896
5.84727
6.015
6.84231
6.12403
8.00393
4.92728
5.74738
4.76928
5.19197
4.90755
4.99649
4.08164
6.28413
4.1743
6.11443
4.62278
3.78836
8.29106
5.56814
4.59215
5.18339
6.66503
7.63114
4.93109
4.84889
4.39648
4.94191
4.96972
6.91598
5.24761
4.7906
5.43546
5.10279
6.82278
5.47579
4.86991
6.74275
4.33906
6.41369
5.1448
5.16812
4.88538
5.11113
4.68307
4.58579
5.94532
6.14158
5.56541
4.9141
6.94318
5.25957
7.20731
5.81706
4.72989
6.65151
5.33001
6.51495
4.90789
4.05875
6.75253
4.27328
5.75523
4.39766
6.25821
5.24032
4.40208
6.45974
4.71913
7.34612
6.7046
3.73239
4.80008
5.70986
5.31421
6.53417
5.82876
5.48342
4.8171
7.19041
5.32284
5.88401
5.90774
4.63904
4.44601
5.16197
5.19998
4.75104
7.48557
4.75431
5.70779
4.84417
6.51082
4.65024
6.01882
5.75772
5.02402
4.47975
4.98615
4.77041
5.73758
5.43054
4.67542
4.75376
7.61167
6.29558
6.84874
4.3855
4.4784
6.34888
5.08648
6.47028
5.02285
5.0946
4.25665
5.03404
5.01347
5.57524
4.40848
8.29885
4.80729
5.67869
5.06237
5.1444
6.0607
4.55199
5.71505
4.64917
6.09709
5.29146
5.12936
6.20796
7.88206
6.9675
6.27511
5.00711
6.5427
4.6996
6.365
6.73501
5.67523
5.47565
5.66139
4.97501
4.33391
4.313
5.87514
4.5993
4.09883
5.57175
4.95576
5.5926
5.51699
5.10988
4.73052
4.94061
3.97742
5.59037
5.57661
6.16336
4.54062
4.76289
5.33488
4.74241
5.20514
4.11544
5.22582
8.36361
5.36655
5.84392
4.31406
5.06118
5.10811
4.89519
5.97502
6.79101
5.7267
5.19474
6.08633
5.51189
4.81994
6.1047
5.21152
4.83647
5.30226
5.51733
5.97842
5.85384
5.62954
4.99829
5.2323
4.40128
4.61422
5.36919
4.44329
4.97191
5.29177
4.11203
6.82019
5.17929
5.08464
5.63161
6.73279
4.72636
4.90873
5.58847
5.76916
5.41603
5.68707
5.90152
6.64695
7.04438
6.21647
5.11217
4.71663
6.2215
6.06869
5.29083
3.97826
4.7683
4.89209
6.64903
5.27722
5.80809
4.80572
4.31443
5.2082
5.73826
5.04025
7.04796
4.40227
6.33375
4.52093
5.70985
5.82124
4.79259
5.296
5.92268
7.43005
5.0493
7.24845
5.4084
4.60586
5.2631
6.25346
4.66235
5.94233
5.62421
5.41066
5.50108
5.07972
6.06912
6.74204
5.28363
5.84466
6.24152
5.53556
9.24412
5.95179
5.28604
4.55685
5.03353
5.72581
8.42228
5.56125
5.34164
5.02514
5.12374
4.93597
5.01841
4.17443
6.2705
5.85235
5.12751
6.03246
5.0135
6.78366
4.12496
4.93003
4.4412
5.36108
5.39458
5.21321
4.44301
8.00757
4.60278
6.01313
4.8704
4.52082
5.40742
5.60886
5.09562
5.71161
