4.29417
2.58464
3.73887
4.86833
3.06047
4.10289
4.78883
4.56129
4.77775
3.91061
4.95283
3.33423
3.93344
3.94126
4.10056
4.80115
3.83646
3.99695
3.13796
4.30954
4.48986
3.85984
4.43558
4.96288
5.74799
4.44271
4.20939
4.48202
5.16744
4.31517
3.65568
5.62427
3.20979
2.64704
4.97426
5.13127
4.84309
3.57116
2.72532
3.91718
4.53798
3.31674
5.01617
3.52101
3.06285
4.59307
4.67558
3.98522
6.75678
4.61641
4.7499
4.206
4.58451
3.6183
5.42092
4.7502
4.99247
2.85293
4.91021
4.92535
5.12178
4.55005
5.90467
4.46261
4.39345
5.47495
5.39111
5.11935
4.75931
4.23562
5.00226
4.71149
3.31831
5.55873
3.01467
3.42688
3.06009
2.68176
3.10849
6.34391
6.24199
4.32669
2.95626
6.23365
3.37778
6.47971
5.08836
3.31796
5.54921
2.85471
5.29183
3.62346
3.08907
4.06032
4.82716
6.73444
4.20873
6.24472
4.76513
5.65841
4.27628
3.95148
6.08035
3.19545
4.31737
4.72362
4.78125
3.5614
5.82117
3.63763
3.75262
4.8179
5.09865
3.24268
3.23564
7.65857
3.67649
3.92172
5.52424
4.11955
4.40606
5.3376
4.54543
4.11859
4.39605
2.04457
3.70045
4.01097
4.01504
3.5964
6.35966
4.79161
3.78531
4.0612
5.15558
5.19557
4.3654
4.68524
3.43241
4.59463
4.61441
2.9326
4.45245
3.44741
4.93985
3.9449
5.26848
4.82214
4.94361
4.21163
2.92021
4.73345
4.56035
4.63235
4.38745
2.85784
3.54057
5.23688
3.99731
4.20968
3.69053
6.09017
5.5741
4.79431
3.58455
3.70724
4.68354
5.45906
3.38806
3.65969
8.39666
2.92286
3.45131
4.37344
5.32799
3.27728
3.95888
5.2322
5.72932
4.18772
3.96869
5.39579
2.89859
4.6481
4.97513
3.2112
3.00023
2.81262
3.72294
3.67778
4.88868
4.90491
4.38197
3.30732
3.23727
3.75756
5.95917
3.69586
4.87844
3.90882
4.31011
5.31204
5.49329
2.94596
3.11145
5.00421
3.86543
2.98444
3.93502
3.46515
5.63741
3.82245
5.32503
4.18031
4.38067
6.42296
3.10047
5.71139
5.24927
3.28879
5.03403
2.95708
3.24468
4.37514
4.47514
2.99566
6.31187
4.50005
3.72642
4.17044
3.62799
4.81515
3.84037
2.57494
3.13154
4.68738
4.57403
3.21528
4.4177
4.3661
4.93696
4.96742
4.87303
4.9879
4.06855
5.96819
4.11135
3.81327
4.90757
6.15387
6.34877
5.04757
3.65119
3.77797
4.06075
3.2042
5.01012
5.50885
3.23679
2.6564
4.86479
5.36694
3.10741
4.5438
5.21444
4.62236
4.18682
6.42592
4.42818
4.48766
3.83472
5.01121
3.05502
3.60655
3.42604
4.97446
2.76817
3.94367
4.60718
3.40092
4.0432
4.68627
4.40656
4.6255
4.3992
2.78514
3.19317
4.11368
4.29326
4.68091
5.90186
2.67717
2.19362
5.42136
6.81733
2.95885
2.62666
5.74549
5.61883
2.91311
4.41912
4.5208
3.7611
3.95332
5.7296
5.00485
4.15538
5.92132
2.5004
5.23152
5.22435
5.58995
3.63422
3.64849
3.90824
4.82588
6.44222
4.29856
4.13477
4.33572
5.47654
4.34267
2.43415
4.20675
3.39263
4.58939
3.8299
5.74004
5.11063
4.56112
2.36735
3.70587
4.9754
4.08572
7.5325
4.57869
3.42843
4.41559
4.75652
5.70294
3.24478
4.48043
5.69692
4.58662
5.12297
4.66311
4.2234
4.00957
6.64625
6.63487
4.56341
4.68315
4.89545
8.78156
4.02965
4.47734
6.71176
4.19456
4.62525
5.99955
4.34523
4.6455
3.29712
4.31216
5.95903
3.93831
4.34508
4.07018
4.51871
5.75435
3.71301
3.23842
3.74399
4.91828
4.58832
3.16285
5.0445
4.44189
3.07377
4.81928
4.2802
4.78428
5.33541
4.81558
5.06005
5.63756
3.09076
2.69852
4.12066
3.96796
4.70658
4.4788
4.23254
3.80295
2.87433
2.70652
2.97238
3.79996
5.31652
3.87988
5.06874
4.88566
3.91722
4.23127
2.49923
5.04084
2.77064
4.84671
3.72837
2.6419
5.52145
5.56086
5.39531
5.39329
6.179
6.39563
4.43928
3.665
6.59975
5.41073
4.38766
3.00437
6.55671
4.96815
4.55688
5.71425
6.13347
4.13734
3.5677
3.9438
4.01034
4.78819
3.87446
3.66464
5.83817
3.79638
4.21455
4.31663
3.96381
4.63462
4.65049
4.24039
3.84863
3.65531
5.37391
3.75474
3.64
4.55379
2.99231
3.47917
3.27663
5.29508
3.48098
4.6963
9.7302
3.51386
2.79969
4.38187
3.16959
3.3159
8.29359
4.27649
2.67119
5.28892
4.8297
4.14686
7.32172
3.56092
4.21449
4.29172
5.4569
2.16739
3.3639
4.57876
4.22977
2.68895
4.54156
4.28002
4.53582
4.86213
2.60928
3.85711
3.32563
4.74064
3.58899
3.5485
6.04445
6.82034
5.37283
4.7319
4.75264
3.0043
4.09986
3.52411
4.1324
5.92658
3.71406
3.19206
3.73932
3.23162
