6.7917
6.18679
6.74174
6.29837
5.98771
6.17132
6.72105
7.18506
8.11334
7.01843
7.12802
5.21405
5.95347
5.93243
7.06655
7.40304
5.72806
5.88504
8.21395
7.53346
5.6338
6.93263
6.40284
6.8511
5.33531
8.57822
6.88502
5.86599
6.58324
6.19552
6.99688
6.17574
7.05263
6.97735
6.86636
6.0991
6.21668
6.4321
7.45654
6.73346
7.51077
6.87366
6.78831
6.29568
6.03706
8.11157
6.04306
6.85196
7.04314
6.67903
8.12978
6.82468
6.74809
7.08599
6.25248
6.73987
6.23648
6.26522
5.99601
5.9842
7.11364
8.16843
7.13752
5.2321
8.66983
7.02675
7.43386
7.15915
8.56589
6.16159
9.65958
6.78902
5.34925
7.28299
5.76381
6.54074
7.17972
7.32718
5.90541
6.82327
7.44699
5.53691
7.5874
6.09678
6.97081
6.61746
5.87103
9.70034
6.95884
7.11221
7.39031
7.00485
6.65701
9.8351
7.76063
6.21102
6.79126
6.67773
6.05292
5.68815
6.67946
7.9267
5.90835
6.66701
6.12735
7.21929
6.77802
7.03606
7.22445
6.09464
6.52492
7.82059
6.19079
7.68099
5.65504
5.82453
6.6619
6.27143
6.70954
7.27162
6.99595
6.48496
5.86874
7.64667
6.7359
7.2393
5.58576
6.75552
6.5289
6.4045
6.35029
8.10969
6.61303
5.86363
8.02083
6.37126
6.64592
6.82677
6.49474
6.72967
6.42182
5.96026
6.50009
6.77366
6.75889
7.51639
6.9861
6.15123
8.05504
7.0327
6.12242
6.45966
7.92609
8.36544
6.54441
7.31473
6.24521
6.52085
6.30158
6.68874
5.97936
5.85629
7.30055
6.96028
6.32233
7.01813
6.89232
6.64115
7.65117
6.46175
7.22965
6.92668
5.84207
7.71577
7.37687
6.59939
5.98135
9.42357
6.10564
7.56963
6.32046
6.30619
8.07647
6.65234
6.7274
6.39321
6.88387
6.32948
7.88328
6.75733
7.31545
6.33759
6.21554
6.67389
6.01476
7.17949
6.39707
6.99896
6.79202
6.90795
7.31251
6.02813
6.60661
7.53898
6.2549
5.78164
6.83942
6.8703
8.95217
7.59052
6.82315
7.2021
6.79595
6.01219
6.73037
6.99896
6.57534
8.19066
6.28226
7.60823
5.80102
6.60277
6.41187
7.3222
6.46747
7.03497
7.06778
6.06704
7.10579
6.74629
6.86531
6.39028
6.68509
5.56888
6.29531
7.19262
6.28064
5.93072
5.88428
6.51526
6.14048
6.99367
6.37684
5.85408
7.80334
7.75422
8.01876
7.69946
6.16367
7.62137
7.681
6.27748
6.90853
7.0994
7.10246
7.31373
5.86126
6.59665
7.08971
7.02698
5.35283
6.27873
7.84742
6.99898
5.95231
6.53119
6.69473
6.99909
7.26234
7.08896
7.07802
7.41048
6.27442
5.34515
7.06832
6.33043
7.16087
6.22815
6.94255
6.101
5.47492
7.15496
6.34031
6.08795
7.61278
7.03585
7.45895
8.04758
6.49019
6.46982
6.39199
5.91498
6.45261
6.0034
6.25039
5.9185
6.9434
6.88863
10.5908
7.44561
6.91233
6.95635
6.61235
5.94791
6.33274
6.23199
6.68463
6.84661
5.47898
7.38188
6.93964
6.00599
6.25215
6.08654
6.67824
7.7483
6.44846
7.31173
7.22366
6.77191
5.89403
8.1231
6.50509
7.10291
9.69656
7.26146
7.18259
6.67993
6.17631
6.89453
5.80028
8.61204
6.28075
5.99363
6.22125
7.22622
5.78501
7.34302
6.53023
6.11663
8.27012
6.62581
6.32055
6.14077
9.0693
7.17791
6.66999
6.93822
6.55298
6.79426
6.08807
6.67006
6.01842
6.6971
6.92921
5.86217
7.71164
6.7184
5.95886
6.66218
5.8062
7.5469
6.70177
6.21678
7.42362
6.26276
6.10142
6.31733
6.52708
6.2742
6.59702
7.03575
5.96948
7.98121
5.85225
6.06335
7.829
5.92299
7.1036
6.94836
6.35863
6.81242
6.16967
6.16473
7.66834
7.2214
6.83484
7.87226
6.28019
6.95369
6.1451
5.98048
8.2173
6.93935
7.70417
6.19344
7.50705
8.15394
5.72061
6.50797
7.57023
6.71517
6.3009
6.61463
6.03781
5.98555
7.04803
6.9872
6.6039
6.16922
7.39563
6.31651
6.94238
6.4206
7.61674
6.11007
6.39943
6.46787
7.44691
7.39919
6.55448
6.30422
7.01745
6.57951
6.00935
6.24925
8.37849
6.96534
8.62523
5.72939
9.00484
6.89841
7.19108
6.73272
6.31228
6.86812
6.15558
6.41852
7.54736
6.70718
8.64151
6.33666
7.28727
6.28729
6.92398
6.88709
6.51899
6.82049
6.43853
7.64632
6.87374
6.73883
7.39909
6.40761
6.25651
6.2829
7.61176
5.72569
5.94924
6.36183
8.2046
6.51612
6.99335
6.12114
7.54729
6.07891
6.29179
7.28697
6.17336
7.2814
6.10768
6.88448
10.4309
6.6534
7.26067
7.22123
9.66492
6.37671
6.55579
8.73581
7.30951
5.96113
7.11135
6.68439
6.56926
7.41244
7.21934
6.19957
6.92505
8.62374
6.45342
5.8142
7.16912
7.8509
7.56351
8.01126
5.79722
6.38729
6.51848
6.42949
