3.41214
3.4582
3.3264
3.58165
3.25948
3.40386
3.27228
3.70311
3.70567
4.02091
3.53291
3.43944
3.51631
3.35356
3.67279
3.33232
3.82832
3.40765
3.56009
3.56963
3.52187
3.49659
3.43187
3.66136
3.81714
3.01782
3.33634
3.24056
4.01164
3.47731
3.14524
3.69109
3.40806
3.66217
3.4849
3.25858
3.18392
3.5329
3.92682
3.55127
3.11312
3.44752
3.41414
3.20744
3.3125
3.50995
3.23561
3.54633
3.74506
3.9022
3.40726
3.49241
3.85151
3.38696
3.36965
4.22807
3.83679
3.55153
3.28006
3.87687
3.22483
3.48093
3.62302
4.27225
3.53313
3.68936
3.79094
3.4787
3.26797
3.55448
3.4017
3.58693
3.46727
4.03758
3.46069
3.27958
3.76858
3.73394
3.19145
3.07741
3.4743
4.0303
3.45795
3.70933
3.45829
3.42925
3.6677
3.71436
3.65713
3.61796
3.41037
3.55746
3.5388
3.77358
3.60097
3.69345
3.27816
3.72614
3.58697
3.53634
3.26621
3.8451
3.52643
3.58786
3.63059
3.25923
3.53179
3.29806
3.49918
3.54997
3.59909
3.42569
3.73016
3.5319
3.51628
3.57168
3.88608
3.65393
3.22248
3.8016
3.46681
3.79702
3.553
3.94536
3.7223
3.38598
4.22468
3.0374
4.07329
3.57411
3.62353
3.7203
3.63329
3.35705
3.66943
3.46464
3.68851
3.70237
3.69043
3.51638
3.66262
3.69534
3.62432
3.83955
3.7105
3.68093
3.43265
3.66885
3.52025
4.14338
3.48858
3.16619
3.81182
3.71345
3.92432
3.61662
3.72308
3.74846
3.59463
3.87386
3.68058
3.33612
3.43356
3.37313
3.69081
3.79512
4.83492
3.88799
3.61435
3.55663
3.63768
3.86658
3.33433
3.46556
3.46002
3.36586
3.40357
3.73313
3.48957
4.17682
3.45226
3.34215
3.69973
3.16582
3.54527
3.65372
3.51255
3.35674
3.4821
3.32137
3.88098
3.5109
4.31492
3.48819
3.57904
3.55553
3.47038
3.50609
3.95362
3.67579
3.24632
3.45108
3.39298
3.75227
3.5912
3.86902
3.45545
3.81524
3.79542
3.55226
3.60676
3.50213
3.40796
3.59648
3.62098
3.62434
3.57309
3.67772
3.45509
3.93142
3.69938
3.72799
3.45635
3.52167
3.67909
3.15612
3.58404
4.05763
3.16293
4.39464
3.86772
3.73293
3.17025
3.28082
3.61026
3.57533
3.14643
3.20569
3.30218
3.46502
3.13183
3.67463
3.602
3.5874
3.44955
4.73432
3.37504
3.68565
3.52287
3.10356
3.2291
3.93136
3.3442
3.52856
3.7516
3.64552
3.1121
3.64049
3.54741
3.53223
3.20991
3.29173
3.39106
3.70764
3.59561
3.91271
3.59022
3.63868
3.45248
3.4053
4.27114
3.22259
3.46279
3.58392
3.707
3.36642
3.92361
3.5281
3.43356
3.53231
4.32716
3.4069
3.63306
3.69128
3.77945
3.568
3.88064
3.87967
3.64722
4.4972
3.42612
3.40534
3.52913
3.84605
3.25877
3.7327
3.29329
3.08117
3.44733
3.66514
3.98134
4.25839
3.61858
3.4682
3.76362
3.15679
3.6389
3.45893
4.10007
3.49361
3.88041
3.57212
3.55261
3.39415
3.72975
3.39507
3.61519
3.4776
4.13825
3.16165
3.55103
3.8444
3.71348
3.49625
3.65652
3.47028
3.6677
3.77727
3.63027
3.19836
3.61345
4.16024
3.10308
3.58564
3.5355
3.10619
3.43469
3.42514
3.75423
3.90472
3.43658
3.44212
3.4105
3.47841
3.41012
3.66008
3.28903
3.24465
3.71609
3.40859
3.47879
3.49458
3.74686
3.49116
3.61369
3.59335
3.616
3.53987
3.45836
3.43895
3.24968
3.30749
3.29388
3.83477
3.56085
3.83503
3.79886
3.59787
3.55468
3.7092
3.47169
4.25979
3.45219
3.40219
3.2308
3.41191
3.54151
3.42551
3.19709
3.62996
3.78365
4.0074
3.36806
4.13199
3.70413
3.48396
3.82145
3.45496
3.50251
3.23347
3.55858
3.8363
3.46183
3.62857
3.37393
3.607
3.71172
3.72458
2.9571
2.95035
3.58696
3.4014
2.9988
3.27878
3.70568
3.81246
3.91069
3.82596
3.51106
3.55723
3.52413
3.54836
3.45686
3.86527
3.23654
3.48191
3.41814
3.71061
3.4226
3.46955
3.42621
3.6436
3.73728
3.1905
3.70479
3.44568
3.35234
3.33296
3.31619
3.5503
3.25575
3.83814
4.02727
3.6436
3.50249
4.18741
3.34152
3.7846
3.42283
3.34568
3.4699
3.39217
3.40686
3.68805
3.64404
3.24334
3.22266
3.36772
3.37843
3.56477
3.82624
3.77055
3.61778
3.59256
3.37578
3.8046
3.63776
3.79337
3.31965
4.20397
3.64012
3.75789
3.09865
3.70638
3.30586
3.70126
3.37858
3.37452
3.85319
3.62956
3.1532
4.06823
3.6596
3.46468
3.25885
3.26433
3.12844
3.46173
3.41931
3.80721
3.36447
3.3812
3.12735
3.42961
3.50131
3.49875
3.79633
3.32588
3.38241
3.81363
3.38057
3.489
3.36176
3.44089
3.72804
3.46077
3.99435
3.58428
3.31575
3.50914
