3.34921
3.34167
3.46061
3.71491
3.38694
3.6063
3.49792
3.52622
3.43202
3.70921
3.35087
3.52092
3.9201
4.22968
4.61547
3.61262
3.42317
3.73527
4.28919
3.26844
3.36668
3.30152
3.7019
3.89652
3.30175
3.71954
3.6616
3.75633
3.81236
3.69801
3.62965
4.17433
3.58557
4.19084
3.72452
3.95228
3.76559
3.42818
4.02687
4.11532
3.34305
3.43561
3.40689
3.47208
3.37324
3.63069
3.53707
3.60856
3.53651
3.73446
3.49389
3.63075
3.3942
3.6783
3.70878
3.51053
3.47035
3.25371
3.45324
3.31698
3.35847
3.45162
3.5695
3.43526
3.96737
3.59426
3.72356
4.34719
4.15497
3.23866
3.5773
3.5946
3.386
3.41151
3.4312
3.61213
4.09592
4.52762
3.25036
3.62748
3.53658
3.29784
3.52433
3.53055
3.64775
3.86425
3.44867
3.5335
3.6289
3.46765
3.7708
3.55179
3.75602
3.78131
3.79976
3.44724
3.45821
3.54015
3.19786
3.66421
3.64243
3.8681
3.36025
3.81192
3.65202
3.96671
3.63363
3.54118
3.77606
3.75097
3.74164
3.55216
3.74074
3.80823
3.61084
3.70755
3.43339
3.53802
3.70808
4.14022
4.392
3.90214
3.89035
3.57358
3.79801
3.55758
3.33459
3.71865
3.63862
3.46609
3.87145
3.57927
3.59328
3.29289
3.45018
3.47982
3.66738
3.31519
3.77393
3.59041
3.93078
3.69308
3.39074
3.5462
3.55627
3.28013
3.1796
3.33378
3.51841
3.455
4.13997
3.6229
3.57637
3.46589
3.54
3.50813
3.48154
3.63108
3.67377
3.72857
3.652
3.49388
4.00329
3.40771
3.97434
3.39054
3.88881
3.45529
3.56673
3.66697
3.93926
3.70475
3.77129
3.55736
3.51805
3.64013
3.66017
3.46676
3.22054
3.69172
3.66327
3.34127
3.60473
3.50678
3.54203
3.55094
3.65362
3.48309
3.71407
3.62732
3.92488
3.30282
3.35745
3.62598
3.74611
3.67279
3.53366
3.56088
3.45988
3.54963
3.68948
3.50051
3.59607
3.35055
3.40684
3.60415
3.53177
3.67646
3.48846
3.18134
3.85905
3.82751
3.56538
3.69584
3.58718
3.77887
3.73781
3.81592
3.15872
3.40967
3.72767
3.83152
3.64633
3.16237
3.85283
4.07249
3.82354
4.06478
3.48608
3.37406
3.56006
3.27791
4.26405
3.2059
3.12042
3.5713
3.48404
3.42664
3.60652
3.47274
3.47558
3.66879
3.71392
3.41594
3.88078
3.65051
3.39225
3.45015
3.81477
3.79702
4.22135
3.48997
3.26466
3.12204
3.44819
3.18026
3.56053
3.55911
3.54433
3.5326
3.85276
3.39452
3.58562
3.27337
3.64757
4.17111
3.41002
3.37843
3.36514
3.65203
3.30374
3.62304
3.36117
4.35526
3.68039
3.6022
3.61424
3.78143
3.61031
3.83196
3.654
3.53489
3.47358
3.35155
3.79981
3.28753
3.85085
3.65232
3.52246
3.73004
3.64591
3.53232
3.62473
3.49048
3.57624
3.78397
3.53701
3.29602
3.29563
3.58079
3.88682
4.13302
3.50575
3.09474
3.72654
3.30927
3.25657
3.60515
3.4182
3.42367
3.542
3.53474
3.65841
3.58202
3.72974
3.57578
3.32697
3.53258
3.63412
3.64489
3.52539
3.55567
3.15416
4.53055
3.91116
3.65806
3.69458
3.60047
3.72557
3.4332
3.64892
3.71486
3.68317
3.64184
3.76823
3.6243
3.63597
4.17888
3.65495
3.8348
3.81
3.36232
3.18082
3.53842
3.35751
3.7196
3.74715
3.85873
3.15645
3.36689
3.40138
3.55914
3.63527
3.59353
3.77082
3.44734
4.06114
3.71207
3.98096
3.50983
3.91928
3.88507
3.54147
3.47352
3.67868
3.30934
3.4623
3.81168
3.60544
3.352
3.52325
3.25364
3.71751
3.60143
3.64042
3.74636
3.60488
3.74721
3.51342
3.63764
3.27221
3.40617
3.43515
3.45108
3.27738
3.62252
3.57305
3.49983
3.42869
4.37669
3.20674
3.53012
3.57469
3.77732
3.71971
3.95147
3.29631
3.16958
3.52671
3.67457
3.50963
3.52028
3.43974
3.29981
3.41501
3.6489
3.65101
3.39638
3.77539
3.57741
3.32426
3.63283
3.54257
3.52761
3.61124
3.69752
3.52559
3.41063
3.47513
3.73543
3.16433
3.55735
3.4401
3.58584
3.28417
3.70959
3.65335
3.72404
3.43411
3.2037
3.71533
3.51196
5.18023
3.71186
3.95459
3.37711
3.5561
3.42954
3.46048
4.04828
3.8894
3.78713
3.81848
3.69073
3.38752
3.6305
3.66696
4.22317
3.73787
3.57267
3.49921
3.71453
3.63158
3.80545
3.64992
3.85179
3.56702
3.94731
3.08938
3.72135
3.58788
3.27483
3.97441
4.12577
3.66099
3.40745
3.62745
4.07866
3.75582
3.29691
3.40881
3.634
3.29724
3.92992
4.24725
3.789
3.33678
3.73734
3.59956
3.83207
3.8045
3.62936
3.59469
3.85967
3.59996
3.53015
3.51681
3.76807
3.80437
3.70273
3.61304
3.32803
4.31499
3.97844
3.68449
3.68816
3.66882
3.63949
3.52452
3.62713
