4.39768
3.81858
4.04194
3.41125
3.63371
3.72475
4.22523
4.24306
4.80019
4.3815
4.32214
3.10374
3.60093
3.80548
4.41006
4.59304
3.64551
3.70081
4.7232
4.4481
3.64748
4.35042
4.10045
4.41172
2.79443
5.14427
4.60756
3.48774
4.03231
3.97074
4.46995
3.77397
4.4709
4.2221
4.07714
3.99512
3.83945
4.12407
5.03679
4.2993
4.18395
4.45099
3.77185
3.88686
3.73368
4.84145
3.84546
4.34154
4.33363
4.10921
4.4637
4.35221
4.19055
3.99905
3.81608
4.32704
3.88732
3.80292
3.47356
3.89647
4.54382
4.63291
4.51576
3.04893
4.66356
4.36661
3.91058
4.33267
5.08041
3.80878
5.87256
4.3032
3.14053
4.71774
3.60074
4.35494
4.78354
4.65518
3.5563
4.17543
4.39034
3.48717
4.61511
3.77553
4.2595
3.85795
3.62207
6.21555
4.19996
4.01553
5.08648
4.48807
4.08944
5.50495
4.60486
3.6521
4.20099
4.07074
3.77791
3.57556
3.84118
4.98255
3.58102
4.05574
3.65
4.34494
3.84341
4.45606
4.64963
3.37186
4.07335
4.46252
3.49489
4.86436
3.4492
3.63283
4.30511
3.79927
4.1676
4.57099
3.82055
4.3562
3.68768
3.65893
4.11878
4.43266
3.46399
4.08253
4.11678
4.06874
3.89496
4.98057
4.13783
3.78716
4.76811
3.70251
4.29579
4.41756
3.7699
3.84848
3.80586
3.46111
3.83424
4.17954
4.4641
4.24909
4.45883
3.75355
5.31063
4.53513
3.968
3.96023
4.80383
4.77073
4.20578
4.42301
3.99864
4.01756
3.94852
4.42796
3.7521
3.48059
4.6234
4.20622
3.86899
4.44189
4.25702
3.99511
4.32068
3.66705
3.68481
4.04684
3.68812
4.90348
4.5282
3.59564
3.6924
5.64168
3.71664
3.89482
3.93643
4.01101
5.21005
3.87887
4.15938
3.98076
4.40428
3.99655
5.10544
4.19021
4.64475
3.55007
3.62242
3.82264
3.62141
4.48421
3.93511
4.33277
4.31052
3.91276
4.5582
3.8625
3.87132
4.78185
3.87312
3.43784
4.15604
4.53289
4.96964
4.18865
4.17821
4.53126
4.08314
3.74958
3.58306
4.03924
4.03679
5.01166
3.63369
5.08331
3.6219
3.54337
3.83171
4.38049
4.17412
4.36583
4.08478
3.6367
4.45861
4.32255
4.53206
4.09195
3.99697
3.32562
3.82865
4.60422
3.75352
3.53332
3.78598
4.04628
3.88452
4.70074
4.15551
3.4678
4.3921
4.65391
5.28006
4.71177
3.87138
3.75884
4.47555
3.91072
4.21701
4.39094
4.37064
4.55657
3.89514
4.36057
4.21083
4.28156
3.03476
3.90196
4.62813
4.39899
3.63817
4.09339
4.21339
4.62435
4.41141
4.40185
4.33661
5.02054
3.9131
3.47963
4.334
3.60812
4.60033
3.72926
4.49513
3.77724
3.38945
3.93669
4.02078
3.82993
4.32269
4.51004
4.30412
4.84383
4.34208
3.88898
3.71919
3.45617
4.26938
3.82233
3.98238
3.6969
4.16598
4.3109
6.59349
4.41611
4.24194
3.93034
4.20624
3.49887
3.88829
3.89384
4.59969
4.26682
3.45246
4.72945
3.381
3.71664
3.77892
3.49294
3.95004
3.99428
4.18151
4.59793
4.22647
4.21112
3.38369
4.70139
4.05397
4.15669
6.22679
4.77169
4.59737
3.76804
3.847
4.34549
3.59078
5.07969
3.70822
3.91788
3.66272
4.58659
3.54435
3.84172
4.34509
3.48638
5.15397
4.16421
3.73759
3.93689
5.35327
4.21898
4.08594
4.62747
4.17419
4.44488
3.75072
3.92381
3.64237
4.32996
4.04818
3.35356
4.63967
4.08249
3.61837
3.91829
3.69661
4.83551
4.40647
3.72419
4.44923
3.65292
3.72669
3.83199
3.9229
3.78082
3.90722
3.84261
3.35048
5.37103
3.32262
3.41777
5.27193
3.46482
4.22092
4.06103
3.94269
4.20493
3.73965
3.32291
4.97131
4.71986
4.05475
4.26951
3.6066
4.3126
3.88285
3.52093
4.26001
4.2862
4.42076
3.80735
4.46791
4.6589
3.31351
4.05216
4.24423
4.30436
3.94199
4.00245
3.77007
3.46102
4.47022
4.16341
4.22088
3.78873
4.3942
3.66065
4.59994
4.06054
5.25521
3.4688
3.80373
3.77662
4.41068
4.87955
4.1898
3.78911
4.45687
4.21026
3.473
3.96486
5.6539
4.25996
5.42865
3.33088
5.64737
4.34787
4.44543
4.25714
4.07403
4.48298
3.80978
3.53435
4.48199
4.23907
5.14641
3.84737
4.05949
3.84336
4.38147
4.42235
3.5822
3.91536
4.03253
4.56973
4.55771
4.28183
4.72636
3.73568
3.62035
3.49918
4.36853
3.45445
3.75098
3.91105
4.73746
4.14379
4.34043
3.75429
4.37869
3.50659
3.49455
4.67182
3.69927
4.29529
3.48428
4.16207
6.57071
4.298
4.6079
4.55466
5.93712
3.81278
4.06442
5.36002
4.56633
3.60188
4.47892
3.87761
3.79052
4.26353
4.42426
3.78523
3.9891
5.00333
3.7378
3.3315
3.70521
4.93134
4.21093
4.98468
3.40454
3.87309
4.04802
3.66761
