3.79541
3.86846
3.67749
3.95655
3.64079
3.76477
3.66062
4.08109
4.16277
4.60588
4.19163
3.82063
4.03874
3.70396
4.12379
3.77874
4.27702
3.78264
3.93606
3.93901
3.90724
3.88108
3.79643
4.07939
4.22968
3.34913
3.65683
3.62114
4.52028
3.83519
3.46406
4.09197
3.7625
4.04043
3.85379
3.61912
3.56346
3.91492
4.49381
3.8671
3.46226
3.89939
3.81632
3.54411
3.82528
3.88857
3.57014
4.01397
4.13905
4.42025
3.79475
3.83715
4.23847
3.75337
3.77347
4.73401
4.23532
3.90275
3.63641
4.27272
3.66611
3.85234
4.07379
4.97035
3.90647
4.13627
4.19747
3.84959
3.60107
3.96379
3.81931
3.95528
3.88835
4.50024
3.8431
3.67183
4.16685
4.1573
3.54792
3.4268
3.85801
4.45723
3.85225
4.16268
3.86835
3.80271
4.10517
4.18314
4.06196
4.06403
3.8258
3.92806
3.97714
4.16804
3.98122
4.31163
3.70565
4.18709
3.97865
3.96255
3.60919
4.26986
3.92388
4.00065
4.10189
3.58921
3.8873
3.67806
3.85935
3.93105
3.98332
3.81246
4.18808
3.94911
3.95472
4.00294
4.27268
4.21203
3.57361
4.21154
3.84702
4.22834
4.05385
4.36404
4.33015
3.77616
4.68963
3.35701
4.54488
3.97159
4.05805
4.10694
4.00473
3.71756
4.04069
3.80431
4.08271
4.08675
4.09921
3.88085
4.12063
4.10416
3.98989
4.2691
4.17568
4.10955
3.73634
4.12291
3.99319
4.68791
3.85558
3.48455
4.2146
4.17107
4.48133
3.95961
4.21873
4.16814
3.98263
4.3818
4.10288
3.718
3.83113
3.72632
4.08381
4.22328
5.3875
4.35237
4.06348
3.97375
4.09721
4.33526
3.69492
3.84259
3.92076
3.76766
3.76898
4.12566
3.85023
4.6342
3.83885
3.77455
4.11106
3.50162
3.92894
4.04506
3.88776
3.71223
3.9577
3.75214
4.3742
3.98945
4.83475
3.8428
3.94876
3.97955
3.81517
3.88783
4.46835
4.13146
3.58839
3.74608
3.7564
4.17252
3.96171
4.27915
3.81059
4.90766
4.26346
3.92312
4.04443
3.89994
3.77722
3.9935
4.04024
4.03605
4.0414
4.03469
3.84261
4.40007
4.3022
4.15583
3.87275
3.85544
4.0603
3.55897
3.9565
4.49318
3.5475
5.10169
4.32105
4.15291
3.60987
3.67779
4.0984
3.99541
3.50597
3.58899
3.68653
3.86344
3.52035
4.04308
4.28932
4.02549
3.80158
6.54465
3.78575
4.05409
3.88967
3.43433
3.58803
4.39801
3.7865
3.88808
4.19895
4.00874
3.4294
4.05909
3.95166
3.90635
3.55142
3.6768
3.73608
4.12424
4.0433
4.4336
4.01783
3.99546
3.96751
3.77555
4.80205
3.59192
4.14964
4.14463
4.15096
3.73173
4.40287
3.95125
3.81594
3.92158
4.77658
3.8397
3.97621
4.08351
4.2955
4.17468
4.28967
4.34719
4.05509
5.1116
3.82537
3.84496
3.89565
4.27545
3.58273
4.12728
3.6824
3.43854
3.81518
4.02829
4.50945
4.87511
4.07267
3.85212
4.17822
3.46611
4.07623
3.87052
4.54256
3.94374
4.36846
4.14364
3.99613
3.7478
4.16322
3.7561
4.01107
3.93087
4.59205
3.76117
4.03591
4.29036
4.23195
3.88273
4.06491
3.83379
4.10074
4.18961
4.09897
3.54006
4.00254
4.64862
3.49263
4.03254
3.98566
3.40125
3.81906
3.76
4.23082
4.34846
3.79162
3.78029
3.8014
3.87165
3.76741
4.04311
3.73718
3.61302
4.13548
3.75468
3.92778
3.94564
4.31566
3.81683
3.98572
4.11722
3.99818
4.01611
3.85226
3.81933
3.59939
3.65591
3.59984
4.33191
3.99307
4.35382
4.27041
4.00744
3.97283
4.1169
3.88405
4.72658
3.8775
3.76794
3.59018
3.81972
3.92471
3.80767
3.57276
4.00424
4.13397
4.46592
3.71357
4.72805
4.08342
3.82208
4.26426
3.8509
3.86645
3.57064
3.96406
4.32954
3.8649
4.04084
3.73901
4.00453
4.12434
4.12615
3.27878
3.27378
3.96719
3.77382
3.30065
3.62701
4.14968
4.26952
4.35704
4.33934
3.86229
3.91303
3.89287
3.99
3.84282
4.38777
3.55941
3.89118
3.76696
4.13386
3.77039
3.86677
3.80468
4.04714
4.14411
3.5367
4.18729
3.79369
3.72436
3.68368
3.66321
4.04268
3.5777
4.37131
4.43356
4.05011
3.89283
4.75978
3.80619
4.19111
3.81939
3.6907
3.8668
3.76813
3.77817
4.27215
4.05444
3.58365
3.56229
3.73874
3.76574
3.90671
4.26436
4.15967
4.0384
4.11661
3.70778
4.29916
4.06598
4.19439
3.66239
4.70325
4.06811
4.21348
3.45407
4.12136
3.71739
4.08629
3.7783
3.85112
4.35067
4.07567
3.51993
4.56463
4.13644
3.84597
3.61411
3.61043
3.48243
3.81472
3.77795
4.27101
3.74849
3.7665
3.46409
3.84798
3.89728
3.86917
4.24332
3.70213
3.72826
4.24055
3.72088
3.85805
3.72718
3.85196
4.18957
3.85186
4.50767
3.98836
3.63507
3.89057
