4.43791
2.69959
3.8699
4.98231
3.18959
4.23726
4.91872
4.69477
4.94575
4.02777
5.11445
3.51424
4.05052
4.10756
4.31418
4.92431
3.98573
4.13685
3.26701
4.44009
4.65841
3.99375
4.52447
5.19709
5.95362
4.71931
4.51721
4.6044
5.31539
4.42505
3.7933
5.89624
3.37638
2.7971
5.2019
5.27951
5.13955
3.70134
2.84066
4.04266
4.70398
3.45165
5.17481
3.6723
3.17127
4.72097
4.90237
4.10661
7.1765
4.77884
4.97589
4.33771
4.7679
3.72313
5.84663
4.86666
5.12956
2.95708
5.28563
5.14174
5.27831
4.88444
6.07281
4.59976
4.51647
5.69981
5.70484
5.30883
4.93268
4.37134
5.24249
4.88132
3.47625
5.92508
3.1086
3.55869
3.16677
2.78361
3.27592
6.71376
6.48783
4.44744
3.08366
6.49381
3.48335
6.82008
5.45295
3.42323
5.74892
2.98919
5.50667
3.73812
3.2073
4.18812
5.01347
6.9454
4.40298
6.46717
4.91291
6.02248
4.40838
4.08869
6.49629
3.31928
4.47591
4.95748
4.95381
3.68936
6.03433
3.78485
3.89302
5.3034
5.44585
3.38684
3.3619
8.11935
3.77508
4.06471
5.83803
4.23958
4.54643
5.56745
4.75568
4.25841
4.54055
2.10483
3.82172
4.1851
4.13531
3.69597
6.61081
4.9523
3.93475
4.29284
5.30967
5.357
4.52113
4.97938
3.56773
4.79938
4.83546
3.04896
4.69318
3.579
5.09348
4.06334
5.42021
4.95222
5.12978
4.37893
3.0713
4.87869
4.72282
4.82621
4.52392
2.98639
3.69908
5.42997
4.11713
4.37328
3.82509
6.28978
5.69582
4.96957
3.76142
3.80478
4.83242
5.74946
3.50496
3.80775
8.64127
3.02604
3.58908
4.53262
5.72161
3.40534
4.11018
5.40967
5.8914
4.37392
4.11998
5.75029
3.01213
4.79013
5.1468
3.36056
3.13096
2.88669
3.89422
3.77858
5.15487
5.12081
4.6104
3.41424
3.35483
3.90159
6.18515
3.88816
5.0335
4.04781
4.44536
5.49865
5.62711
3.05658
3.36472
5.12195
3.9786
3.10217
4.08732
3.61056
5.93157
3.97242
5.51578
4.37695
4.65206
6.66907
3.23358
6.10493
5.42733
3.42061
5.23741
3.05511
3.43984
4.55472
4.62727
3.09906
6.50128
4.64433
3.8491
4.31562
3.76894
4.98692
4.07165
2.68328
3.28099
4.81254
4.8136
3.34689
4.5465
4.52525
5.06052
5.14893
5.03207
5.18774
4.22311
6.21821
4.23886
3.95135
5.12739
6.28742
6.58995
5.18819
3.78001
3.91135
4.18937
3.29249
5.42561
5.80793
3.34702
2.74578
5.21304
5.67815
3.24032
4.83522
5.50754
4.87178
4.32632
6.68076
4.76356
4.64703
3.98795
5.29569
3.15511
3.73944
3.54291
5.20482
2.8672
4.06871
4.73821
3.54354
4.16257
5.08621
4.59098
4.84897
4.757
2.93811
3.32886
4.24134
4.5302
4.87475
6.29341
2.78044
2.29821
5.59256
6.9686
3.05796
2.73303
6.04173
5.79904
3.01077
4.56414
4.7086
3.94974
4.26274
5.89587
5.1277
4.29472
6.12036
2.59904
5.45883
5.38377
5.78174
3.76342
3.79322
4.01143
5.17515
6.60188
4.64303
4.33108
4.51238
5.63917
4.48761
2.51476
4.31159
3.5601
4.84091
3.98226
5.98484
5.275
4.67093
2.4678
3.89867
5.22882
4.22189
7.84829
4.70397
3.59991
4.56308
4.90526
6.05427
3.38808
4.67352
6.2571
4.7097
5.29357
4.82334
4.40861
4.12458
7.0944
6.91727
4.72788
4.89238
5.10172
9.26149
4.1546
4.60392
7.06916
4.32609
4.8057
6.24749
4.47086
4.83586
3.40615
4.45314
6.12303
4.07791
4.46178
4.23169
4.68507
5.93436
3.88361
3.37604
3.893
5.06543
4.74763
3.29626
5.39217
4.5513
3.22761
5.07385
4.42274
5.01901
5.5337
5.15942
5.22287
5.86582
3.25016
2.78764
4.27041
4.08886
4.95759
4.60582
4.60497
3.92677
2.99226
2.79875
3.07482
3.94936
5.54711
4.03446
5.31029
5.08143
4.04296
4.34569
2.58348
5.2266
2.87892
5.05221
3.87254
2.74967
5.85686
5.87836
5.60089
5.61815
6.42362
6.75711
4.55732
3.79805
6.78505
5.57084
4.53788
3.10411
6.74312
5.10754
4.7096
5.87737
6.42556
4.28411
3.71485
4.06047
4.14837
4.94856
3.99303
3.80803
6.13036
3.93993
4.34082
4.50435
4.13291
4.81491
4.78319
4.37425
3.95532
3.77636
5.64797
3.89753
3.79589
4.70768
3.08337
3.59375
3.44234
5.55883
3.62087
4.94612
10.2435
3.61999
2.94957
4.5257
3.30193
3.42922
8.78942
4.42198
2.78144
5.47436
4.98304
4.28732
7.70367
3.69889
4.3806
4.44205
5.8373
2.2874
3.46392
4.76595
4.35365
2.79195
4.69367
4.42527
4.81081
5.00311
2.69308
3.99138
3.43784
4.9164
3.71121
3.69056
6.17834
7.13592
5.72464
4.89301
4.90758
3.15136
4.23687
3.66042
4.27387
6.25045
3.82057
3.33578
3.89487
3.34457
