3.19505
1.81107
2.79063
4.00429
2.12091
3.05037
3.70132
3.55225
3.50494
2.99435
3.6447
2.07253
3.05931
2.80734
2.62435
3.85506
2.78956
2.79731
2.23797
3.35305
3.24011
2.88825
3.65657
3.31946
4.00323
2.83756
2.71526
3.47714
4.0041
3.43536
2.72506
3.99758
2.06923
1.6905
3.5243
3.96467
3.17008
2.55692
1.96936
2.94692
3.1983
2.40058
3.73412
2.49366
2.27181
3.61571
3.10672
3.09882
3.52813
3.3109
3.11702
3.17644
3.2404
2.79507
3.13095
3.7895
3.87127
2.12916
2.97434
3.53149
3.943
2.65249
4.58142
3.42517
3.3714
3.78757
3.52517
3.59635
3.46794
3.22065
3.27115
3.4575
2.336
3.42511
2.29967
2.45221
2.26302
1.94051
2.02612
3.43614
4.49766
3.28835
2.04761
4.31349
2.62312
4.21041
2.9321
2.59763
3.87602
1.92948
3.51711
2.74079
2.27404
3.10013
3.5917
4.86731
2.86018
4.49794
3.53308
3.86372
3.21776
2.9133
3.5459
2.29994
3.202
3.10539
3.63654
2.57816
4.30173
2.56476
2.72551
2.51446
3.00735
2.1919
2.30907
3.89149
2.95885
2.87137
3.71936
3.1889
3.32811
3.72214
3.05367
3.0378
3.3436
1.59376
2.85722
2.70176
3.09377
2.8196
4.00069
3.50875
2.65085
2.56913
3.89814
4.03856
3.2385
3.18574
2.45304
3.15433
3.05556
2.07238
3.0247
2.47953
3.69526
2.99441
3.90713
3.72438
3.45641
2.98937
1.96929
3.60562
3.29572
3.23371
3.36095
2.04826
2.33924
3.901
3.09841
3.0481
2.70612
4.3857
4.57849
3.41091
2.45819
2.9039
3.37953
3.78986
2.54811
2.65309
5.48869
2.14375
2.4215
3.12191
3.22093
2.31999
2.8175
3.8631
4.23191
2.79516
2.9198
3.19147
2.11161
3.54215
3.68115
2.11973
2.10375
2.2354
2.54648
2.90063
3.27955
3.45777
3.05073
2.54258
2.40501
2.74246
4.23414
2.382
3.67503
2.80912
3.22853
3.97841
4.32088
2.16254
1.68047
3.96742
2.99447
2.12487
2.7278
2.38854
3.69736
2.79044
3.85742
2.83445
2.71311
4.54521
2.12642
3.37389
3.79764
2.41546
3.59669
2.27092
2.18402
3.03539
3.3075
2.24606
4.70724
3.34816
2.74936
3.1732
2.62949
3.44085
2.3365
1.77215
2.23819
3.6082
2.83478
2.3389
3.41873
3.16083
3.96204
3.41063
3.60925
3.42145
2.95024
4.19361
3.08077
2.77053
3.45026
5.13191
4.35824
3.88718
2.6977
2.77037
3.07312
2.53552
2.98329
3.55054
2.4318
2.0002
2.5695
3.58645
2.26336
2.95158
3.27949
2.85557
3.02207
4.07155
2.51836
3.38389
2.69604
3.21164
2.32143
2.59842
2.52406
3.44016
2.05137
2.92951
3.62923
2.39659
3.17357
2.6311
3.15989
3.27784
2.64598
1.9448
2.2928
3.12187
2.81554
3.37703
3.31811
1.97595
1.54991
3.96989
5.42595
2.22784
1.84762
3.89441
4.09289
2.21603
3.33246
3.13701
2.71825
2.36509
4.3434
3.98287
3.06365
4.12588
1.813
3.47341
3.99001
4.19044
2.65301
2.60084
3.10819
3.15063
4.91413
2.48527
2.75353
3.0131
4.11178
3.19355
1.84053
3.3845
2.27521
3.12328
2.8272
3.68449
3.81052
3.698
1.69662
2.38829
3.2376
3.01659
5.06629
3.55144
2.41094
3.2543
3.50904
3.73163
2.3481
3.08623
2.5517
3.5387
3.85899
3.47726
2.85918
3.08565
3.67829
4.15215
3.26129
3.26148
3.38376
4.25161
3.05583
3.4371
4.06992
3.1472
3.18282
4.23381
3.35003
3.27567
2.51771
3.2458
4.57588
3.01575
3.42631
2.8634
3.41746
4.33804
2.52689
2.3317
2.72385
3.60963
3.41193
2.25026
3.28071
3.59495
2.07486
3.13957
3.19101
3.17914
3.72938
2.95146
3.70063
3.4792
2.09966
2.0594
3.00935
3.03824
2.99514
3.4625
2.45749
2.86724
2.06862
2.01573
2.21977
2.72466
3.50276
2.69786
3.30884
3.38348
2.94954
3.33856
1.89698
3.60066
1.97034
3.46504
2.76227
1.94773
3.64104
3.60779
3.98362
3.77996
3.97998
4.16685
3.52809
2.61688
4.8641
4.02212
3.19597
2.30116
4.84168
3.78535
3.42229
4.25326
4.09728
2.98488
2.55068
3.05493
2.94586
3.45513
2.97011
2.63419
3.79436
2.73522
3.26215
2.89012
2.75565
3.36939
3.60454
3.19711
3.04237
2.74618
3.69856
2.70029
2.58512
3.41432
2.28185
2.64574
2.21533
3.6558
2.49959
3.03738
4.52078
2.73303
1.79056
3.22359
2.20871
2.53452
4.85906
3.12641
1.87554
3.58268
3.58282
3.10719
4.81565
2.5301
3.02972
3.01691
3.31955
1.37653
2.58972
3.20582
3.2349
1.90913
3.40036
3.16474
2.90777
3.77157
1.9752
2.88889
2.5683
3.48323
2.70491
2.60588
5.02823
4.54877
3.23481
3.31488
3.53885
2.01523
3.02462
2.49614
3.08041
4.15144
2.9432
2.11981
2.66207
2.43288
