4.14165
2.46652
3.60193
4.74923
2.92388
3.95953
4.64858
4.42016
4.59996
3.78601
4.7798
3.14481
3.81045
3.76912
3.8771
4.67142
3.68179
3.84499
3.00486
4.17344
4.31257
3.7201
4.3394
4.71416
5.52293
4.1639
3.91455
4.3503
5.0096
4.19766
3.51486
5.35134
3.03504
2.49411
4.74269
4.97317
4.55059
3.4323
2.60852
3.78507
4.35832
3.17836
4.84498
3.36619
2.94986
4.45798
4.43968
3.8581
6.27283
4.44146
4.50982
4.06585
4.39073
3.50756
4.98292
4.6257
4.84562
2.74535
4.5286
4.70764
4.95745
4.21363
5.72436
4.31695
4.26029
5.23578
5.07489
4.91342
4.57716
4.09271
4.74862
4.53268
3.16033
5.18466
2.91571
3.28858
2.94785
2.57533
2.93673
5.93457
5.98694
4.19513
2.82276
5.95572
3.26888
6.11909
4.70325
3.21038
5.3322
2.7151
5.05657
3.50214
2.96685
3.92588
4.63927
6.50165
4.00795
6.00808
4.60588
5.30212
4.13473
3.80673
5.64267
3.06614
4.1537
4.47644
4.60737
3.42522
5.6006
3.48285
3.60575
4.32264
4.74389
3.09025
3.10343
7.11842
3.5742
3.77248
5.21142
3.99217
4.25694
5.10498
4.32677
3.96941
4.24456
1.98164
3.57551
3.82575
3.88806
3.49105
6.0738
4.61822
3.62649
3.82462
4.9908
5.02784
4.20298
4.40669
3.29066
4.37913
4.38264
2.80956
4.21614
3.3089
4.77495
3.81882
5.10132
4.68227
4.74215
4.03556
2.76836
4.5791
4.3866
4.42725
4.24312
2.72733
3.37243
5.04022
3.87119
4.03895
3.54919
5.87076
5.44358
4.60673
3.40469
3.6026
4.51911
5.17377
3.26732
3.50784
8.10473
2.81434
3.30537
4.20295
4.92631
3.142
3.79837
5.04163
5.55003
3.98835
3.81285
5.03215
2.78157
4.49727
4.79443
3.05316
2.86657
2.7345
3.5438
3.57128
4.61978
4.67975
4.15936
3.1974
3.11492
3.60808
5.71526
3.49794
4.71327
3.76037
4.16508
5.11716
5.3465
2.83119
2.85896
4.87524
3.74575
2.86114
3.77096
3.31096
5.32982
3.66703
5.1222
3.97652
4.10406
6.16169
2.96003
5.28675
5.05783
3.15429
4.82148
2.85622
3.06169
4.18547
4.31379
2.88797
6.10527
4.34561
3.59519
4.02088
3.48146
4.62998
3.59947
2.46056
2.986
4.55117
4.32423
3.0804
4.28125
4.19877
4.80529
4.76807
4.70238
4.77254
3.90659
5.70692
3.97369
3.66668
4.68123
6.01321
6.08234
4.89705
3.5159
3.63669
3.92458
3.11167
4.5936
5.19043
3.12099
2.56318
4.49188
5.05667
2.97429
4.25533
4.90002
4.3555
4.03484
6.13794
4.08346
4.32262
3.67219
4.72147
2.95053
3.46536
3.30191
4.73624
2.66491
3.8089
4.46943
3.25216
3.91853
4.2785
4.21856
4.40333
4.04953
2.64081
3.05468
3.97925
4.05275
4.4816
5.4786
2.57152
2.08939
5.23552
6.65074
2.85498
2.51486
5.44392
5.42202
2.81184
4.26673
4.32197
3.58182
3.65194
5.55071
4.8724
4.00607
5.70079
2.39841
4.98739
5.05635
5.3883
3.49773
3.49671
3.7996
4.4968
6.26397
3.96012
3.92944
4.14863
5.30025
4.18783
2.34988
4.09513
3.21993
4.33954
3.67512
5.46742
4.93429
4.44516
2.26474
3.50437
4.71093
3.94058
7.19112
4.44418
3.26058
4.25869
4.59488
5.35384
3.10168
4.27641
5.07457
4.45363
4.94062
4.49462
4.0277
3.88625
6.16108
6.3123
4.38591
4.4673
4.67646
8.17608
3.89666
4.34139
6.31571
4.05406
4.43201
5.7406
4.21081
4.44574
3.18435
4.16422
5.78232
3.80003
4.2218
3.89946
4.34959
5.56236
3.53526
3.09733
3.59211
4.756
4.41981
3.02665
4.71126
4.32701
2.91672
4.55632
4.12913
4.5394
5.12105
4.47846
4.88429
5.37503
2.93084
2.60604
3.96292
3.84039
4.4432
4.3429
3.87008
3.67165
2.75257
2.60933
2.86532
3.64315
5.06564
3.71533
4.80993
4.67567
3.7843
4.1104
2.41182
4.84071
2.6565
4.63586
3.58162
2.53299
5.18603
5.23477
5.18372
5.15822
5.9044
6.01647
4.31464
3.52234
6.3936
5.23566
4.22646
2.90103
6.3488
4.81771
4.39619
5.53413
5.82464
3.98024
3.41476
3.82094
3.86333
4.61479
3.74912
3.51537
5.52855
3.64488
4.08136
4.11495
3.78603
4.44672
4.50923
4.0979
3.73607
3.52813
5.09884
3.6041
3.47991
4.3926
2.89594
3.35912
3.1103
5.02947
3.33611
4.43522
9.07713
3.40309
2.64536
4.22728
3.03059
3.19972
7.71704
4.12025
2.55649
5.08096
4.66517
3.99929
6.91608
3.41465
4.04261
4.1267
5.06831
2.04454
3.25789
4.38308
4.09751
2.5803
4.38058
4.12534
4.26534
4.71264
2.52084
3.71601
3.21104
4.55759
3.46223
3.40368
5.9033
6.48474
5.01498
4.55423
4.58661
2.8521
3.9536
3.37939
3.98456
5.61115
3.60326
3.04011
3.5777
3.11525
