3.55428
3.35827
4.16573
3.67904
3.43294
3.06584
3.65789
3.75411
3.79663
3.72785
3.34433
3.56431
3.45234
3.66897
3.69434
3.46796
3.012
3.2897
3.79659
3.54149
4.12329
3.34717
4.26556
3.88318
3.49942
3.79753
4.10837
3.33427
3.5287
3.46875
3.60539
3.68547
3.46094
3.88193
3.48008
3.44754
3.52795
3.60187
3.69863
3.4099
4.42535
3.19752
3.26251
3.48421
3.59129
3.53933
3.91737
3.66446
3.32386
3.21561
3.3396
3.7973
3.67782
3.50336
3.525
3.34328
3.62591
3.65545
3.68892
3.19378
3.98504
3.46101
3.86009
3.47694
4.37102
3.36843
3.70669
3.48854
4.0499
3.26094
3.36105
3.9906
3.10293
3.62486
3.65051
3.49025
3.73842
3.61086
3.35624
4.23565
3.44609
3.92953
3.11733
3.49153
4.04619
3.29066
3.54663
4.19224
3.60501
3.83336
3.30789
3.53131
3.23106
3.14433
3.4145
4.51207
3.48904
4.54415
3.23624
3.58696
4.18554
3.56627
3.87531
3.55773
3.11875
4.6916
3.68952
3.10812
4.38912
3.6644
3.39056
3.91813
3.25988
3.56725
3.32112
3.05369
3.54157
3.11358
3.56049
3.41617
3.24851
3.50517
3.31313
3.76715
3.64736
4.81509
3.50763
3.17594
3.02995
3.18083
3.93961
4.03911
3.2212
3.48099
3.69105
3.51153
4.09793
3.75427
4.07025
3.80805
3.59996
3.7466
4.49039
3.54173
4.09025
3.23171
4.00654
3.195
3.02701
4.2617
3.50949
3.25615
3.76111
3.39212
2.93932
3.41983
3.53567
3.42188
3.5081
3.90746
3.5035
3.21887
3.96838
4.25448
3.80795
3.78011
3.2893
4.25985
3.43769
3.67135
3.34029
3.03199
3.69913
3.37563
3.34089
3.63725
3.15552
3.22896
3.78099
3.82066
3.81535
3.61689
4.10512
3.5536
3.39588
3.88364
3.67394
3.15374
3.10854
3.58617
3.17356
3.73107
3.42788
3.49588
3.30315
3.83443
3.63651
3.75218
3.74944
3.40187
3.93617
3.62865
3.87679
4.05524
4.24049
3.41822
3.20099
2.92993
4.08817
3.78533
3.95458
3.09244
3.05831
3.62207
3.32427
3.46529
3.27001
3.4328
3.13597
3.40069
4.32002
3.61654
3.99139
3.55278
3.33081
3.30487
3.78663
3.35833
3.1166
3.86871
4.18065
3.2766
2.93265
3.71205
3.45256
3.77836
3.79335
3.68415
3.58451
3.76261
3.40597
3.54962
3.1997
3.24711
3.28694
3.5452
3.78876
4.37802
4.47827
3.56649
3.19699
4.26886
3.17555
3.80046
3.9417
3.59016
4.12534
3.8026
3.51476
4.14913
3.55366
3.67572
4.01799
3.57226
3.64333
4.01302
3.84494
3.41287
3.4996
3.5325
3.46327
3.65857
3.53709
3.72741
3.45764
3.43657
5.29096
3.48564
3.39514
3.73978
3.79802
3.3855
3.15868
3.5785
3.88554
3.75582
3.49243
3.81087
3.42502
3.49208
3.89601
3.91485
3.59379
3.35169
3.31574
3.62289
3.02845
3.51364
3.52782
3.586
3.6115
4.20216
3.25012
3.5905
4.00871
3.74193
3.54811
3.34432
3.66208
3.7887
3.56794
3.49118
3.90535
3.29822
3.45938
3.36785
3.79096
4.09903
2.88408
3.17496
3.91539
3.19574
3.81078
3.61811
3.36173
3.96341
3.78094
3.22457
3.12315
3.40466
3.18922
3.64146
3.65284
4.05387
4.22473
3.25632
3.73719
3.4905
3.55621
3.38245
3.54202
3.7106
3.84469
3.74944
4.1883
3.6996
3.41018
3.58033
3.37642
3.7605
3.41643
3.29247
3.65307
3.79978
4.69343
3.74817
3.52058
3.80452
4.12999
4.06642
3.46882
3.86403
3.94828
3.66025
3.44908
3.46004
3.22633
3.83103
3.39916
3.06778
3.47621
3.70409
3.77553
3.11293
3.76571
3.75549
3.24068
3.38024
3.1453
3.66971
3.47749
3.60684
3.6358
3.39437
3.47635
3.69497
3.5981
3.55152
3.43289
3.64749
3.25738
3.14914
3.75694
3.44479
3.54819
3.19451
3.46624
3.60387
2.94745
3.8871
3.19029
3.45343
3.58702
3.94253
3.34543
3.37296
3.39754
3.53031
3.50175
3.84609
4.03581
4.01166
3.27674
3.23438
3.09488
3.28206
3.51879
3.16125
3.12331
3.75941
3.95343
3.54626
3.70098
3.53542
3.48573
4.10472
3.57602
4.54562
3.62491
3.5719
3.64085
3.77566
3.52289
3.4509
4.28598
3.47127
3.67352
3.8222
3.92521
3.54642
3.52002
3.77963
4.2372
3.61501
3.27478
3.64961
3.36549
4.53617
3.51565
3.94946
3.28901
4.20262
3.80858
3.78744
3.58738
3.74308
3.35704
4.41203
3.95439
3.99
3.49694
3.39332
3.88343
3.59466
3.42528
3.46948
3.16939
3.90561
3.03222
3.49816
2.9969
3.72545
4.44082
3.16593
3.56814
3.43171
4.31251
3.47962
3.19439
3.36163
5.21815
3.87241
3.69492
3.69045
4.00058
3.39937
3.14603
3.20163
3.75387
3.84743
3.58229
3.78578
3.71478
3.2133
3.56308
3.50367
3.87114
3.30574
3.63293
3.58199
