6.37023
6.2969
7.5473
6.58467
7.34147
6.00264
6.85205
7.44255
7.46655
7.93744
6.24112
6.64422
6.47823
6.86745
7.28501
6.72661
5.91931
6.36009
6.88814
7.42555
7.41839
6.17628
8.39645
7.2066
6.37129
6.998
7.74775
6.2734
6.97147
6.43053
6.30469
6.56467
6.43731
7.63586
7.01919
7.48601
6.65989
6.95577
6.54172
6.37488
8.41087
8.42448
6.37163
6.75301
7.48653
6.42016
7.21847
6.54907
6.40169
6.57153
6.46684
6.95033
6.61818
6.7478
6.84566
6.46664
6.84377
6.57594
7.21805
5.81004
7.7395
6.35546
6.79908
6.40282
7.88755
6.00094
7.24539
6.63775
7.14702
6.58866
6.65068
7.57774
6.13799
6.70443
7.02018
7.85421
6.72947
7.1268
6.25195
7.34974
6.74993
7.03036
6.02192
6.7977
7.44169
6.35438
6.54635
9.23369
6.30736
7.11613
6.48914
6.29186
5.81144
6.57145
6.07816
8.54238
6.36181
10.2502
5.94046
7.21759
7.85999
7.09868
7.24463
7.58005
6.3245
9.85549
7.19837
5.73897
9.53604
6.71265
6.4172
7.00289
6.40735
6.82504
7.16637
5.59217
7.18243
5.79042
6.67746
6.15259
6.11931
6.45524
6.34052
7.46323
8.20438
10.6548
6.7249
6.09867
5.87649
6.0368
7.52839
7.24309
6.10404
6.63855
6.62625
6.33299
7.81331
7.23353
7.33561
7.35306
6.56671
7.1492
7.64552
7.11712
8.55596
6.02645
7.80039
6.08731
5.5641
7.5508
6.99645
6.23939
7.12954
6.49106
6.22661
6.41256
6.65122
7.26868
6.47582
6.94014
6.3713
6.25256
7.20663
7.84188
7.10151
7.27717
6.32778
9.27663
6.82107
6.94353
6.42983
5.76567
6.60789
6.36687
5.96451
6.7931
6.31065
5.93062
6.79864
6.90899
7.00157
6.77816
7.89764
6.46516
6.46103
6.79752
6.95146
6.31852
6.13856
6.88655
5.75289
8.22341
7.01489
6.34291
6.21634
6.93615
7.33991
6.88742
6.78807
7.38031
7.69192
6.54681
6.93232
7.92609
7.48417
6.43142
6.4644
6.43317
8.09069
7.33414
7.15028
6.28964
6.08012
6.60137
6.28862
6.52123
6.17031
7.50907
5.98375
6.6506
7.05914
6.90868
7.22409
6.6126
6.11742
6.40283
8.89418
8.04072
5.78667
7.3824
7.71418
6.14595
5.61485
6.41584
6.38454
6.72588
7.0717
7.75539
6.65314
6.56227
6.42989
7.32832
6.40069
6.76888
6.46033
6.46057
7.01896
7.81975
8.79028
6.67701
6.05331
8.16998
6.89757
7.52864
6.78506
6.85437
7.78321
6.74929
6.83356
7.6893
6.64865
7.22322
7.49851
6.78498
6.73964
7.5426
7.07975
6.47579
7.77685
6.59932
6.23336
6.73686
7.42887
6.99173
7.16496
6.25632
10.1789
7.85033
6.14031
8.38961
6.68918
6.83099
6.20801
7.25055
6.8554
6.65151
6.38684
7.75151
6.3373
6.66423
7.50557
7.08164
6.9857
6.95202
6.9583
6.32677
5.96238
6.51573
6.74435
6.87729
8.01581
8.26629
6.50468
6.71852
7.04322
7.22078
7.2886
6.36973
6.50694
7.46838
6.82037
6.86834
6.69307
6.7161
5.98884
6.25835
6.49102
7.42509
5.41342
5.96206
7.37578
6.20401
7.09598
6.54381
6.50776
7.48601
7.15654
6.43576
6.15612
6.29312
6.54782
6.58053
7.30211
7.39227
7.36684
6.4594
7.10939
6.49232
7.09004
6.49055
7.41182
6.73767
6.81959
6.59899
7.71431
7.28799
6.62645
6.93005
7.07286
6.62713
6.40427
6.33876
6.68063
6.36882
8.65661
7.76256
6.54432
7.14647
7.88202
6.98896
6.32309
7.38967
7.71944
6.87457
6.55453
6.74991
6.82074
6.48846
6.56332
6.34453
6.99854
7.2504
6.49645
6.18993
6.72719
6.84352
5.94038
6.24119
6.22255
8.00648
6.36067
6.42883
6.84442
6.71592
6.77434
7.17352
7.03143
6.76429
6.45049
7.46078
6.81971
5.8614
8.43998
6.37146
6.53109
6.37503
6.33275
7.32552
5.76459
6.9116
5.91108
6.5417
6.76769
7.31802
6.23907
6.27644
6.40086
7.03064
6.70839
6.95045
7.24514
7.58761
6.17742
6.91208
6.02249
6.32304
7.08043
6.1725
5.98075
7.27051
7.34737
6.56557
7.38917
6.4611
6.45031
7.12994
6.57333
9.86523
6.57115
7.48582
7.05723
7.67139
6.27341
6.41344
7.47811
6.49489
8.09638
6.76621
7.42019
6.68971
7.14577
7.16312
8.95179
6.55713
6.4328
6.81036
6.88631
8.83491
6.57321
7.52138
7.28669
7.4352
7.21761
6.70344
6.71837
6.89903
7.07073
7.87008
7.86814
7.33004
6.90786
6.61381
7.28436
7.24167
6.29116
6.29196
6.59575
7.23474
6.24478
6.91056
5.76501
6.79713
7.48486
6.55886
6.76889
6.34567
7.67696
6.63764
6.06025
6.52484
8.33244
7.30402
6.77475
7.20701
8.05767
6.99244
5.80826
6.11048
7.08166
6.92959
6.45858
6.77469
6.87585
7.18652
7.05169
6.36473
7.48503
6.2463
6.90888
6.82313
