5.87785
6.50804
6.09415
5.96883
5.86935
5.76535
5.86695
6.32788
7.044
7.32483
7.3512
6.09279
6.52528
5.81707
6.4667
6.07008
6.57596
5.94183
5.97623
5.98794
6.13405
5.79892
5.88182
6.45033
6.20902
5.15888
5.56786
5.51905
7.05269
5.7216
5.44936
6.09889
5.9601
5.92799
5.8918
5.77193
5.6991
6.16808
7.19939
5.70293
5.64741
6.66952
6.13913
5.70683
6.86228
5.85516
5.52282
6.49359
6.23816
7.04172
5.95468
5.80821
6.30344
5.89109
6.20113
7.41198
6.35933
6.11911
5.7882
6.54932
6.25559
5.92349
6.40089
7.57088
5.97142
6.50585
6.52907
6.00619
5.65964
6.11876
6.24957
6.16627
6.20039
6.81312
6.01575
5.81738
6.17773
6.38947
5.56883
5.59659
5.9845
6.58193
6.21912
6.85568
6.05457
5.86583
6.31674
6.70718
6.31684
6.54208
6.11916
5.90987
6.33722
6.67534
6.01108
7.49401
6.24891
6.96202
6.10711
6.29949
5.64872
6.611
6.11007
6.71142
6.40675
5.50195
5.90873
5.96829
6.03845
6.11284
6.0671
5.88899
6.63868
6.16318
6.71348
6.16747
6.59806
7.06208
5.47235
6.4661
5.78725
6.28413
6.69432
6.58228
7.1578
6.45507
7.00423
4.9998
6.80584
6.22205
6.05272
6.0868
6.14385
5.95349
6.00344
5.90961
6.22353
6.16078
6.14717
5.99372
6.56029
6.16946
6.00287
6.38142
7.01839
6.79879
5.67491
6.39374
6.7229
7.09697
5.97876
5.32371
6.23085
6.52517
7.36555
5.7872
6.86916
6.24802
6.26197
6.6707
6.70429
5.64694
6.01497
5.81239
6.44623
6.42108
8.01258
6.7943
6.31085
6.40894
6.45807
6.44875
5.77324
6.09002
6.2081
6.30237
5.93765
6.51996
5.9154
6.68533
5.85749
6.18321
6.41323
5.46217
5.96576
6.01563
5.81711
5.84268
6.75239
6.35886
6.66764
6.55368
7.05886
5.91896
5.87676
6.0591
5.67952
5.9308
7.14514
6.47359
5.66001
5.30049
5.77484
6.29012
6.23242
6.16788
5.75846
8.73012
6.8189
6.12631
6.3314
5.95994
5.91601
5.96193
6.10659
6.12471
6.25876
6.21715
5.87309
6.6105
6.9156
6.52161
6.48303
5.76688
6.04686
6.22069
5.99155
6.40444
5.59846
7.79552
6.54338
6.47541
6.69456
5.97247
6.40584
6.35055
5.8574
5.82858
5.8554
6.11716
5.84393
5.92126
7.68529
6.30382
5.86404
9.64553
6.05208
6.09028
5.73543
5.42192
5.80524
6.48559
6.59265
5.81201
6.47487
6.25821
5.18186
6.26582
6.20249
5.85379
5.40707
5.77065
5.55834
6.54924
6.10162
6.80802
6.57453
5.82063
7.30842
5.85712
7.17447
5.74332
7.56162
6.7797
6.65951
5.65721
7.25847
6.8652
6.34349
5.95884
6.78995
6.00128
6.07823
6.14135
7.07794
7.49399
6.60711
7.03888
6.26077
7.54494
6.29898
5.98853
6.0357
6.53875
5.6139
6.20846
6.39799
5.63144
5.95109
5.94618
7.28744
7.48764
6.71783
5.96542
6.47165
5.3523
6.29979
6.11233
6.39092
6.29506
6.71798
6.74504
6.31001
5.69849
6.35419
5.71907
6.22627
6.43888
6.77657
7.31845
6.59489
6.34992
6.75157
5.90676
6.10303
5.84876
6.4561
6.22062
6.35681
5.45599
5.99475
6.83215
6.05178
6.37912
7.10162
5.39952
6.01045
5.71422
6.97149
6.34066
5.7305
5.87325
6.10883
6.00638
6.13801
6.27088
6.03247
5.97123
6.42673
5.98003
6.18509
6.42482
6.93867
5.64828
6.27308
6.65392
6.02573
6.72829
6.24866
5.88289
5.64219
5.48339
5.34191
6.80918
6.18282
7.03625
6.58029
6.39211
6.19943
6.14947
6.23944
7.22093
6.26348
5.74043
5.74396
6.00332
6.10656
6.11383
6.0441
6.04916
6.22551
7.08217
5.57162
7.80518
6.09793
5.86201
6.35576
5.82687
5.85628
5.59204
6.15063
6.69103
6.22279
6.35523
5.8185
6.01664
6.23742
6.1805
5.1433
5.235
6.32777
5.82879
4.97076
5.60241
6.24461
6.3437
6.45276
6.86249
5.96454
5.84822
5.84818
6.24335
5.9091
6.74332
5.87112
6.05448
5.8062
6.27551
5.74789
6.19489
6.12267
6.23645
6.31365
5.47431
6.4828
5.90852
5.71656
5.59156
5.48726
7.21509
5.3556
6.67297
6.22564
6.32248
6.14294
6.99709
6.57795
6.46176
6.69308
5.63781
6.04515
6.12928
5.82142
7.11853
6.2526
5.84353
5.59303
5.93394
5.77664
5.89978
6.60629
6.29583
6.20099
6.50234
5.88499
6.53495
6.26164
6.36019
5.66373
7.02528
6.04211
6.38567
5.6728
6.2983
6.07111
5.90701
5.90697
6.91325
6.66905
7.01076
5.61147
7.05648
6.55376
6.13741
5.67633
5.49296
5.40558
5.93009
5.95286
6.55563
5.92439
5.75003
5.37408
6.12121
6.13103
5.97352
6.30842
6.05219
5.63682
6.50785
5.66347
6.1362
5.66483
6.07417
6.42854
6.21682
7.07018
6.15794
5.54985
5.9089
