5.94636
5.96991
5.84444
6.47643
6.50588
6.81272
6.10533
6.22607
6.06243
6.5637
6.15163
6.70855
6.94902
7.66296
7.63671
6.46941
6.51951
6.65919
7.56686
6.01435
6.00634
6.29859
6.50467
6.69715
6.14304
6.53462
6.78879
6.36204
6.62104
6.36578
6.64874
7.24964
6.94
8.07699
7.14602
7.2577
6.57211
6.00493
6.82976
7.00932
5.92655
6.45597
6.08142
6.77736
6.05658
6.42576
5.92542
6.37625
6.54496
6.53353
5.9735
6.18397
6.47846
6.18485
6.14879
6.02958
6.47839
5.7598
6.47928
6.20302
6.01094
6.39246
6.42563
6.18542
7.20256
6.82634
6.18381
7.74913
7.06069
5.64001
6.78915
6.72097
5.88822
6.09784
6.15109
6.23812
7.19588
7.39779
6.22112
7.54496
6.16534
5.69163
6.06647
6.39096
6.02803
6.30662
6.66011
6.5719
6.44804
6.67059
6.11727
6.0959
6.71979
7.50649
6.90855
6.83527
6.29132
6.15191
5.73429
6.90836
6.61042
6.92848
5.9576
7.44896
6.39125
6.75643
6.45458
6.02602
6.62675
6.62373
6.28363
6.37634
6.69631
6.55882
6.47717
6.59939
7.79635
6.3752
6.17176
7.67107
7.36073
6.84487
6.622
6.13385
6.66121
7.43696
5.7554
6.86989
6.21828
6.07863
6.83608
6.37661
6.23255
6.61045
6.46535
6.81164
6.21943
6.00543
7.62905
6.31518
6.60215
6.32355
6.26933
6.34539
6.6027
6.74556
5.70583
6.25685
6.31406
6.29895
7.53839
6.39332
6.45033
6.15228
5.93046
6.23723
6.04741
6.67361
6.4083
6.89001
6.83455
6.21822
7.07435
6.05938
7.49899
6.08562
7.48628
6.13038
6.62293
7.99259
7.50512
6.53407
6.4209
6.46316
6.60952
6.57612
6.36301
7.18509
5.50591
6.19241
6.49714
6.23556
6.21969
6.3636
6.23057
5.96548
6.50555
5.9397
6.27073
6.97822
6.81207
5.82169
6.65005
6.31861
7.34414
6.28447
6.1461
6.33294
5.9882
6.13294
6.39151
5.93216
6.17089
6.21888
5.88242
5.97926
6.90733
6.19179
6.26859
6.06193
6.66474
6.40753
6.35856
6.7553
6.11287
7.24846
6.26092
7.01943
6.00694
5.98606
6.44212
7.00749
6.23523
5.47055
7.23425
7.3627
6.53531
7.2733
6.18532
6.33136
6.49566
6.3009
7.14701
5.52377
5.75263
6.30048
5.95233
6.30159
6.75751
6.49161
6.40703
6.13715
6.67657
6.21902
7.30726
6.50423
5.98798
6.04291
6.53199
7.33785
7.13426
6.62271
5.47934
5.91057
5.96746
5.72912
6.22304
6.79393
6.64647
6.31611
6.66222
5.98743
6.5236
6.26887
6.43625
7.37186
6.16759
5.80353
5.73911
6.98979
5.68159
7.58656
5.84312
8.74091
7.34446
6.37616
6.5204
7.13836
7.10384
6.89806
6.61245
6.3627
6.70246
6.23387
6.57168
5.97146
7.24956
6.15275
6.12303
6.46203
7.07051
6.49078
6.04325
6.28809
6.50704
6.55946
6.34789
6.3613
5.81972
6.42056
6.65876
6.72727
6.11605
5.75777
6.28435
6.18614
6.00821
6.13289
6.20682
6.18472
6.17023
6.28509
6.59857
6.4332
6.60628
7.028
6.29948
6.35055
6.46217
6.30079
6.62933
6.9118
5.92652
10.1286
7.4498
6.83435
6.16286
6.45791
6.97189
6.29482
6.35118
6.40927
6.05892
6.82209
6.7202
6.57565
6.5967
7.06589
6.5867
6.81224
6.95936
5.99014
6.20543
7.1949
6.02812
6.93805
7.40569
7.54925
5.49869
6.40589
6.05208
5.94375
6.34373
6.57322
6.37765
6.42067
7.39758
6.92343
6.83136
6.0779
6.74677
6.4566
6.57837
6.74496
6.09932
6.04309
5.98668
6.74503
6.11559
6.07907
7.41226
5.73112
6.62676
6.04213
6.71068
7.384
6.54611
6.50678
6.37586
6.69522
5.81799
6.13218
6.21178
6.20313
5.92951
6.50102
6.26809
6.12423
5.96967
9.08688
5.55041
6.171
6.00022
6.64835
6.97932
6.75556
6.12982
5.69133
6.60977
6.17021
5.94253
6.48014
6.80216
6.42173
5.97639
6.90803
6.79173
6.13691
6.62285
6.81259
6.04368
6.2674
5.91278
6.22134
6.67278
6.26916
6.21757
6.11214
5.99756
6.74336
6.09888
6.06595
6.33105
6.32226
6.1668
6.44931
6.40108
6.76587
5.99025
5.65979
6.81365
6.46238
9.80989
6.56992
7.26756
5.92956
6.31428
6.10579
6.00539
6.91754
6.52481
6.75683
6.87816
6.4199
6.15197
6.69713
6.18335
6.88402
6.83462
6.1521
6.31011
6.7178
6.22731
6.53969
6.82488
6.92095
6.77688
7.24365
5.3695
6.54601
6.39148
5.86478
6.74533
7.38842
6.77825
6.26837
6.96988
6.70067
6.5121
5.70665
6.02538
6.04203
6.03585
7.35918
7.09208
6.25262
6.16356
6.36228
6.18618
7.57393
6.55722
7.55335
6.8963
6.69605
6.85081
6.42974
6.21918
6.25082
6.30375
6.72191
6.05295
6.90863
7.31378
6.41874
6.66235
6.37693
6.29677
6.79209
6.13515
6.28745
