5.48565
4.77465
5.32254
4.54472
4.62733
4.72323
5.37683
5.61689
6.72076
5.70268
5.63539
4.00416
4.53333
4.74149
5.60932
5.95228
4.46773
4.64976
6.54592
5.88407
4.48315
5.56175
5.16195
5.47873
3.80461
7.096
5.63195
4.55748
5.2249
4.91882
5.68551
4.76918
5.72344
5.57396
5.34337
4.85506
4.79132
5.17879
6.16124
5.32342
5.91486
5.49296
5.23886
4.97108
4.72757
6.50307
4.7722
5.47366
5.55455
5.15938
6.54463
5.44169
5.42989
5.49657
4.91938
5.44487
4.86295
4.81287
4.44668
4.76733
5.76392
6.58797
5.70605
3.89341
7.17674
5.61653
5.71791
5.77975
7.01069
4.84772
8.32223
5.36933
4.01805
5.97284
4.53993
5.3715
5.87334
5.92187
4.56423
5.34994
5.8193
4.29402
6.17096
4.82217
5.42041
5.18492
4.58057
8.37537
5.54995
5.44864
6.25882
5.64116
5.22193
8.35112
6.21579
4.72999
5.40386
5.29201
4.74709
4.50189
5.15688
6.33533
4.55351
5.18204
4.65305
5.71984
5.1767
5.62653
5.86976
4.67594
5.16444
6.17601
4.67085
6.26372
4.40997
4.52592
5.27363
4.83204
5.32685
5.84486
5.27934
5.33435
4.59307
6.04124
5.34583
5.82456
4.31599
5.21921
5.19157
5.09694
4.96793
6.64907
5.2235
4.68879
6.48997
4.72609
5.2991
5.48569
5.00358
5.21592
4.99406
4.58832
5.00084
5.22792
5.5083
5.85713
5.72601
4.7403
6.61463
5.69095
4.87208
5.0619
6.46087
6.79911
5.25782
5.85827
4.92304
5.19102
5.01672
5.44239
4.7132
4.4054
5.91079
5.3837
5.02801
5.59671
5.46826
5.18976
6.08798
4.85667
5.51999
5.36109
4.6522
6.35798
5.90946
4.84384
4.72582
8.02759
4.71798
5.84122
4.86464
4.96686
6.71246
5.11373
5.41362
4.98463
5.49761
4.96614
6.49949
5.36105
5.95241
4.75698
4.76082
5.15527
4.65072
5.7633
5.00477
5.46782
5.45229
5.25831
5.85302
4.8292
5.21442
6.10192
4.88059
4.41655
5.37948
5.5231
7.38825
5.98244
5.47998
5.82475
5.38619
4.72446
5.07739
5.42034
5.16234
6.72006
4.75799
6.25679
4.51463
5.06138
4.91161
5.71587
5.13767
5.62288
5.41732
4.63558
5.67658
5.47051
5.60155
5.08973
5.25736
4.181
4.82056
5.81713
4.80893
4.59527
4.68774
5.12344
4.82955
5.68079
5.05986
4.4031
6.14605
6.23416
6.72476
6.38312
4.81655
5.92101
6.05644
4.95067
5.45967
5.59178
5.63029
5.88825
4.66421
5.34909
5.59866
5.66105
3.96945
4.93903
6.20954
5.65745
4.63292
5.15112
5.33691
5.76354
5.81991
5.62319
5.58288
6.17891
4.90197
4.19157
5.54438
4.85722
5.6982
4.7989
5.54583
4.82962
4.17606
5.62453
4.97652
4.78674
5.94555
5.68417
5.86396
6.40113
5.22037
5.0217
4.85958
4.46813
5.20793
4.74284
4.98277
4.63224
5.49541
5.51976
9.17719
5.85694
5.45756
5.28363
5.35234
4.55236
5.01898
4.85543
5.52796
5.54685
4.2858
6.08759
5.20004
4.59103
4.78953
4.71168
5.15328
6.07984
5.19854
5.86692
5.70244
5.34757
4.35112
6.56077
5.17495
5.51566
8.32536
5.9985
5.78385
4.97314
4.82206
5.54577
4.54363
7.05508
4.73433
4.83641
4.70337
5.77013
4.39122
5.61667
5.31308
4.64328
6.8684
5.32969
4.86638
4.93242
7.52307
5.75506
5.22741
5.68905
5.27729
5.56459
4.7619
5.16719
4.6455
5.42407
5.2709
4.37242
6.14129
5.24365
4.61591
5.15778
4.53291
6.26096
5.37982
4.8102
5.89509
4.76051
4.78725
4.84579
5.09263
4.9419
5.15862
5.38096
4.44559
6.71339
4.44503
4.51663
6.47265
4.46907
5.6092
5.34261
5.0328
5.45634
4.80463
4.43972
6.28654
5.88734
5.24912
6.25468
4.76242
5.56545
4.91858
4.49562
6.55392
5.5168
6.15128
4.86628
6.00437
6.77189
4.19933
5.09423
5.91793
5.41686
4.98068
5.20821
4.75446
4.56632
5.67749
5.43968
5.29654
4.8708
5.94586
4.77185
5.6929
5.05831
6.44022
4.59009
4.98173
4.96446
5.89544
6.05274
5.18386
4.90448
5.62341
5.26529
4.53906
4.92206
7.05704
5.54114
7.14986
4.31317
7.6348
5.58328
5.78154
5.3149
5.05351
5.56484
4.84278
4.85282
6.11998
5.34082
7.05933
4.96921
5.77493
4.92553
5.49204
5.49066
4.78305
5.38952
5.09808
5.99757
5.67714
5.44941
6.1202
4.906
4.76412
4.74284
5.99436
4.39492
4.64771
4.90573
6.59775
5.22932
5.50236
4.70715
6.15354
4.66808
4.72195
5.8473
4.72163
5.68554
4.44693
5.37893
9.06392
5.42953
5.77716
5.87915
8.18691
4.9887
5.14932
7.20886
5.85464
4.65819
5.72403
5.23901
4.96882
5.80442
5.69554
4.76585
5.34692
7.0593
4.93388
4.30594
5.56466
6.50257
5.94433
6.53147
4.37171
4.99662
5.09701
4.93818
