3.89749
3.81432
3.33329
3.95256
3.80814
3.5256
4.21898
3.5484
3.79511
4.54112
4.11509
4.15361
3.75864
3.37043
4.04222
3.74663
3.75372
3.2337
3.55387
3.47678
3.40194
3.74509
3.67863
3.74251
3.98635
3.64833
4.05809
3.61677
4.22783
4.20526
3.3776
4.39457
4.26986
3.7758
4.17737
3.74806
3.66394
3.67769
3.63569
3.78146
3.88904
3.53749
3.20659
3.9088
3.46081
4.00058
3.69745
4.34705
3.72688
4.27306
3.94429
3.9958
3.32083
3.95758
4.54273
3.70876
3.67955
3.33358
3.92334
3.81893
3.75574
3.68117
3.76755
4.52806
3.83009
4.21182
4.06144
3.85304
4.19659
4.01282
3.6803
3.9744
3.38678
4.1509
3.61197
3.71471
3.96068
4.00862
5.13175
3.55021
3.59203
3.83968
4.43478
3.95179
3.57095
3.85729
3.91849
3.97944
4.13714
3.63646
3.55952
4.04521
3.81235
4.30531
3.72353
3.67621
3.99771
3.93264
3.7377
3.81344
3.43664
4.4102
4.10592
4.06555
3.44911
3.87848
4.20727
3.56864
4.32445
3.87513
3.86194
3.55825
3.88321
3.85698
3.63226
3.88361
3.61285
3.40764
4.94992
3.73895
4.56083
3.52893
3.96763
3.4978
4.50783
4.0846
4.3571
4.14935
4.18366
3.50117
3.67268
4.37911
3.79982
4.09181
3.8292
3.76336
4.37766
3.68003
4.06471
3.46815
3.44387
3.63172
3.78842
3.92927
4.00121
3.77506
3.88993
3.92303
3.54178
3.82321
3.66357
3.81956
3.68402
4.01952
4.18425
3.47727
3.54332
3.4772
3.6045
4.17713
3.33005
4.28164
4.01404
3.55033
3.39855
3.25093
3.79637
3.96252
3.5801
3.8761
4.33625
3.39561
3.39551
4.07122
3.95544
3.8864
4.03524
3.76482
3.80095
3.85126
3.92431
4.65997
3.73752
3.59264
3.86978
4.92752
4.28928
4.49804
3.54479
3.92964
4.00648
3.71904
3.75506
3.84207
5.01912
3.62722
3.77129
3.56812
3.90537
3.72012
3.4582
4.23229
3.71539
3.6519
3.94893
3.96568
3.64824
3.65223
3.87327
3.68994
3.77384
3.66229
3.72538
3.56906
4.25783
4.78291
3.72589
3.66899
2.98142
3.84159
3.53616
3.93439
3.4729
3.80634
3.92608
4.34165
3.92346
3.68804
3.87298
4.2554
3.9157
3.39946
3.77367
3.38069
4.21618
3.90581
3.88381
3.81217
3.60289
3.41532
4.33664
4.78075
3.48371
3.54291
4.18347
3.7291
3.94003
3.94343
4.03201
3.7428
3.84844
3.42608
3.6606
4.16731
3.60569
4.20604
3.9396
3.95725
3.86902
3.68215
4.02893
3.74493
3.72514
4.73616
3.9764
4.08777
3.42067
3.92214
3.7712
3.56913
4.12736
3.82638
4.02896
3.72224
3.63876
4.65218
3.61479
3.91146
3.2601
3.54711
3.57344
4.24772
3.24322
3.71728
4.50235
3.87499
3.89355
3.53715
3.59137
3.48662
3.93376
3.5671
4.04239
3.95765
3.78357
3.47039
3.69155
4.11389
4.32934
3.20374
3.75838
4.65637
3.58867
3.54738
3.8453
3.93973
4.43761
4.20637
3.7271
4.30291
3.94056
4.31985
4.25069
4.14665
4.03405
3.79381
4.20402
3.74005
3.55732
3.78916
3.86999
3.53751
3.82557
3.69234
3.56694
3.31978
3.94504
3.61479
3.91103
3.98452
3.81633
4.01977
4.10164
3.3059
3.83416
3.78862
3.77733
3.71806
3.29467
3.27696
4.00752
4.77104
3.59422
3.84009
3.6995
4.07009
3.68827
3.87626
3.4424
3.69658
3.67694
4.31214
4.02709
3.68597
3.80668
3.87359
3.67655
3.74502
4.81047
3.6209
3.9878
4.4555
4.02231
3.58625
4.14851
4.17937
3.6372
3.67083
3.80459
4.60391
3.47246
3.7814
3.84347
4.19544
4.18278
3.44434
3.47812
4.06108
4.13677
3.49397
3.68551
4.05898
3.54076
4.04691
3.53191
3.60606
3.87757
3.71836
4.07563
4.34021
3.46149
3.56235
4.67126
3.22022
3.73125
3.60655
3.90854
3.5333
3.64625
4.07053
3.58405
3.76157
4.12233
3.85727
3.76268
3.41273
3.85223
3.38086
3.99092
3.30877
4.14726
3.95601
3.88366
3.93844
3.82692
3.81817
3.70778
3.60614
3.97595
3.90964
4.5597
3.90261
4.31786
3.83665
3.92943
4.03126
3.84325
4.25776
3.94066
3.51215
3.30784
3.90976
3.87542
3.60521
3.74452
3.83929
3.63071
3.75962
3.80068
4.54769
3.74914
3.66334
4.13858
3.7413
3.51568
3.91319
4.06654
4.11983
3.94474
3.57865
4.01152
3.90246
3.66122
3.63179
4.28086
4.10095
3.84486
3.48377
4.32899
3.84968
3.46064
3.67282
4.23002
4.12371
3.55269
3.96283
4.17688
3.85554
4.60424
3.48728
3.76519
3.35693
3.91287
4.0391
3.40597
4.05702
3.90396
3.73803
3.76961
3.87382
3.38259
3.9461
3.89195
3.7043
4.32993
4.22916
4.49874
3.94546
3.72747
4.28412
3.43708
3.4374
4.52843
3.99011
3.85084
3.51378
3.82934
3.80442
3.69953
3.99856
