6.88108
5.28115
6.77401
7.68906
5.52415
6.76105
7.39179
7.42137
7.90367
6.3835
7.82233
6.47459
6.84311
7.16529
7.67231
7.49337
6.9197
6.59626
6.16265
7.26436
7.21408
6.68662
6.55361
8.46936
8.8801
8.2708
8.67785
6.81242
8.03642
6.59394
6.58674
9.70095
6.12081
5.8161
8.69979
7.86914
9.41022
6.1913
5.97492
6.68747
7.11142
6.39239
7.94448
7.05761
5.87937
7.15948
8.34064
6.55691
10.5987
7.41759
8.30103
6.88497
7.715
6.22757
10.2838
7.39458
7.8183
5.26561
9.2871
8.97657
8.48081
8.93047
8.73147
7.1066
6.62993
9.22453
9.84416
8.16557
8.23859
7.22234
8.63781
7.8213
6.98712
9.91039
5.34712
6.51555
5.60186
5.12071
6.43039
10.6294
9.88298
6.63201
5.5943
10.0985
6.01064
10.67
9.3893
6.21053
8.99401
5.62328
8.58446
6.3183
5.82184
6.8323
8.66081
9.84387
8.00594
9.78656
7.82393
9.91358
6.87048
6.81648
10.7593
5.95507
7.40097
8.26577
8.28379
5.99296
9.65674
6.79211
6.84433
9.71976
9.4582
5.98175
6.19623
11.6629
6.32633
6.81849
9.72222
6.5633
7.11007
9.46132
8.29851
6.77937
7.32689
3.97308
6.59846
7.12636
6.64945
5.92845
9.41884
7.47476
6.63645
8.30427
8.37232
8.33739
7.72266
9.33872
6.26107
7.97561
8.17049
5.43546
8.68905
6.37735
7.80451
6.46598
7.90056
7.50482
8.07101
7.31416
6.47611
7.624
7.48676
8.15784
6.99819
5.7815
6.77376
9.17299
6.66148
7.43492
6.53715
9.08493
8.0498
7.96911
7.08091
5.97819
7.03041
9.8848
6.46343
6.97927
10.9748
5.50809
6.132
7.55499
9.72805
6.13257
6.86093
8.06488
8.52658
7.25148
7.20561
9.90958
5.96031
7.42924
8.28063
5.98368
6.2859
4.71206
6.7177
6.06695
9.09282
8.28153
8.58539
6.32511
5.83586
6.63981
9.27217
7.41902
7.76116
6.72125
6.76892
8.77367
7.86221
5.60944
7.42007
7.24927
6.47074
5.73645
6.71369
6.17128
9.70625
6.945
8.62415
7.90317
8.84482
10.0607
5.94149
9.75125
8.33884
6.38134
8.43339
5.42904
7.72339
7.58772
7.38698
5.55318
9.33398
7.56982
6.20591
7.24972
6.50517
7.96554
7.56077
4.94462
6.83984
7.18959
8.76574
6.12693
7.2725
7.72288
7.31484
7.7742
7.68327
8.19222
7.13444
9.71414
6.52089
6.59516
8.79027
9.02635
9.47593
7.92991
6.52203
6.50297
7.02688
5.77981
9.70567
9.48582
5.77166
4.94304
8.88985
9.53672
6.4446
8.70742
8.93384
8.16292
6.84576
9.59063
8.70226
7.57083
6.8121
9.23344
5.49945
6.10792
5.7649
8.73535
5.22537
6.44781
7.25026
6.48985
6.60792
9.05793
8.19134
8.66784
9.10505
6.67672
6.25765
7.53106
8.50029
8.2563
10.052
5.4784
5.16019
8.56026
9.32032
5.56443
4.92021
9.86096
8.53381
5.44829
7.51186
7.7365
8.00593
8.44671
8.66055
7.42778
6.75356
8.87259
4.96177
9.00289
8.39663
8.76937
6.46881
6.62317
6.47538
9.70513
8.79082
9.00787
7.82819
7.55435
8.44265
7.3811
4.67099
6.51213
6.52192
8.74129
7.05406
8.84089
8.31548
7.29017
4.87404
7.38393
9.00218
6.95226
11.3561
7.17448
7.3845
7.32616
7.30199
10.2927
6.68875
7.75721
10.7594
7.0781
8.00138
7.70416
7.57766
6.45752
11.3083
9.94919
7.39847
8.57635
8.06368
12.4857
6.6577
7.16648
10.4346
6.77514
7.85741
9.7082
6.87045
7.99374
6.24215
7.32166
8.80755
7.73194
7.22881
7.02967
7.99744
9.15076
7.05064
6.10907
7.57105
7.26338
7.63309
6.38336
9.69377
7.20517
6.31872
8.9485
7.21721
8.41389
8.4677
9.3025
8.01727
8.14557
6.79501
4.95915
7.11337
6.93646
8.27407
7.21329
8.70642
6.40179
5.92226
4.92919
5.56575
6.69274
8.46887
6.72831
8.59202
8.10988
6.8007
6.75661
4.80681
8.06752
5.20197
8.55704
7.0388
5.54751
9.72439
9.70345
8.91918
9.2688
9.32293
10.7107
7.28012
6.07826
9.44673
8.0924
7.2061
5.42605
9.22307
7.60641
7.75925
8.60251
10.281
7.0606
6.61612
6.79083
6.70642
7.74252
6.56982
6.69107
9.62759
6.64539
7.04869
7.3608
6.98626
7.80232
7.28552
6.90858
6.3527
6.43483
9.6699
6.36536
6.91838
7.82359
5.26316
5.93707
7.10028
9.5825
6.51114
8.44531
13.7486
5.98521
6.39289
7.32826
6.04605
6.28705
12.4925
7.2698
5.88827
8.2428
7.78592
6.98474
11.4941
6.27844
7.69678
6.62757
10.1078
5.28551
5.667
8.11844
6.77065
5.09273
7.45529
7.09562
8.90594
7.56312
4.62461
6.41675
6.19537
8.14576
6.83721
6.96432
8.84906
10.8498
10.0155
7.30247
7.4919
5.87035
6.81113
6.2693
7.31938
10.4042
6.27753
6.21711
6.85131
6.38637
