1.08319e-06
1.02659e-06
8.84634e-07
9.96003e-07
7.79998e-07
9.04043e-07
7.88677e-07
1.05088e-06
1.1181e-06
1.41497e-06
9.22376e-07
9.16326e-07
9.72851e-07
8.257e-07
1.00839e-06
1.16083e-06
1.1705e-06
1.07622e-06
1.15263e-06
9.534e-07
1.04631e-06
1.02967e-06
9.66056e-07
1.1682e-06
1.0982e-06
7.05291e-07
8.27303e-07
8.51708e-07
1.34967e-06
9.44797e-07
7.61493e-07
1.07156e-06
1.0477e-06
1.11844e-06
9.71346e-07
8.56241e-07
7.58465e-07
9.62607e-07
1.26581e-06
9.47864e-07
7.15395e-07
8.54324e-07
9.68335e-07
7.88102e-07
8.4157e-07
1.24891e-06
9.32593e-07
1.1665e-06
1.23841e-06
1.19873e-06
9.0158e-07
9.90954e-07
1.24785e-06
8.57243e-07
8.49237e-07
1.70083e-06
1.23457e-06
1.29218e-06
9.14154e-07
1.59956e-06
7.4434e-07
1.12031e-06
1.08258e-06
1.44973e-06
9.89637e-07
1.15731e-06
1.09847e-06
9.18519e-07
9.06067e-07
1.01327e-06
9.70728e-07
9.87135e-07
9.07845e-07
1.28368e-06
1.00627e-06
8.30408e-07
1.14531e-06
1.15824e-06
9.13349e-07
9.08953e-07
9.03932e-07
1.36185e-06
8.99696e-07
1.24247e-06
1.04219e-06
9.06793e-07
1.09051e-06
1.07305e-06
1.05064e-06
1.01852e-06
8.779e-07
1.05999e-06
9.97211e-07
1.0862e-06
1.01097e-06
1.11046e-06
1.0988e-06
1.09545e-06
1.01986e-06
1.02097e-06
8.49012e-07
1.18268e-06
1.06684e-06
1.0141e-06
1.05893e-06
9.68218e-07
9.62298e-07
8.01573e-07
1.09301e-06
1.05016e-06
9.97162e-07
1.11828e-06
1.1934e-06
9.68553e-07
9.17981e-07
1.07217e-06
1.22066e-06
1.11329e-06
8.20664e-07
1.09749e-06
1.02494e-06
1.23241e-06
9.21984e-07
1.30042e-06
1.08534e-06
8.46207e-07
1.5047e-06
7.09536e-07
1.49732e-06
1.03943e-06
1.09366e-06
1.13011e-06
1.09887e-06
8.18861e-07
1.10988e-06
1.39875e-06
1.06219e-06
1.10341e-06
1.05892e-06
1.11972e-06
1.04049e-06
1.25368e-06
1.06088e-06
1.35153e-06
1.08133e-06
1.35184e-06
8.96603e-07
1.08389e-06
9.71643e-07
1.44464e-06
9.25916e-07
7.70022e-07
1.10535e-06
1.15636e-06
1.26609e-06
1.02582e-06
1.11291e-06
1.13111e-06
1.0166e-06
1.12268e-06
1.11656e-06
8.91049e-07
1.01587e-06
9.84469e-07
1.08574e-06
1.07402e-06
2.49426e-06
1.17992e-06
1.02231e-06
9.61898e-07
1.07615e-06
1.2405e-06
1.08429e-06
8.83056e-07
1.09201e-06
9.27333e-07
9.76698e-07
1.29516e-06
1.06948e-06
1.85058e-06
9.04891e-07
9.17596e-07
1.12091e-06
8.1599e-07
9.54992e-07
1.04595e-06
9.64558e-07
9.48698e-07
1.02739e-06
9.92193e-07
1.2571e-06
1.00374e-06
2.36372e-06
9.4014e-07
9.70188e-07
1.00291e-06
9.42793e-07
1.05365e-06
1.34673e-06
1.34385e-06
7.87999e-07
9.76294e-07
8.76027e-07
1.14777e-06
1.00196e-06
1.1821e-06
1.06803e-06
1.07091e-06
1.19049e-06
1.0077e-06
1.09143e-06
9.52288e-07
1.00476e-06
1.01944e-06
1.02728e-06
9.70243e-07
9.93728e-07
1.06122e-06
1.07341e-06
1.2294e-06
1.16388e-06
1.28146e-06
9.78569e-07
1.11101e-06
1.07547e-06
9.90978e-07
9.47228e-07
1.38573e-06
7.79948e-07
1.53551e-06
1.2844e-06
1.12586e-06
9.59114e-07
8.57964e-07
1.12045e-06
9.64325e-07
8.20974e-07
7.93077e-07
8.42737e-07
1.01832e-06
9.15377e-07
1.08553e-06
9.29681e-07
9.90078e-07
9.5637e-07
1.3821e-06
9.1351e-07
1.03411e-06
1.01586e-06
6.92134e-07
8.63189e-07
1.23698e-06
8.49421e-07
9.44985e-07
1.16213e-06
1.05584e-06
7.91249e-07
1.21096e-06
1.1033e-06
9.58141e-07
9.05357e-07
8.08537e-07
1.11698e-06
1.15792e-06
1.02541e-06
1.39078e-06
1.07537e-06
1.21488e-06
9.22267e-07
9.59196e-07
1.69472e-06
1.07907e-06
1.15578e-06
9.67615e-07
1.26235e-06
8.62641e-07
1.22079e-06
1.07876e-06
9.91079e-07
1.02973e-06
1.85682e-06
9.11346e-07
1.09611e-06
1.11776e-06
1.13795e-06
1.01019e-06
1.22695e-06
1.33987e-06
1.46095e-06
1.83354e-06
1.18759e-06
8.72036e-07
1.02528e-06
1.25974e-06
8.82236e-07
1.12378e-06
8.13801e-07
7.27877e-07
1.01848e-06
1.11628e-06
1.31678e-06
1.57929e-06
9.47918e-07
9.31344e-07
1.12619e-06
7.51232e-07
1.04416e-06
9.71785e-07
1.63044e-06
9.58126e-07
1.67199e-06
9.63139e-07
1.01635e-06
9.19511e-07
1.37405e-06
8.70109e-07
1.01657e-06
1.24837e-06
1.58293e-06
7.90453e-07
9.80394e-07
1.15763e-06
1.02259e-06
1.05527e-06
1.13666e-06
9.89625e-07
1.03985e-06
1.19698e-06
1.10539e-06
8.13724e-07
1.18153e-06
1.45738e-06
7.7579e-07
1.0331e-06
1.08602e-06
7.46028e-07
9.60685e-07
8.96815e-07
1.12436e-06
1.21644e-06
9.10214e-07
9.63015e-07
9.2825e-07
8.87022e-07
9.50568e-07
1.04055e-06
7.67228e-07
8.35565e-07
1.12964e-06
1.01764e-06
9.44217e-07
9.77407e-07
1.09007e-06
1.23518e-06
1.05624e-06
1.18402e-06
1.05039e-06
1.10685e-06
9.26238e-07
8.93925e-07
7.75392e-07
9.56117e-07
8.69287e-07
1.1573e-06
1.12492e-06
1.20555e-06
1.11849e-06
1.03007e-06
1.08967e-06
1.1464e-06
8.93787e-07
1.66822e-06
9.91444e-07
1.14878e-06
8.87243e-07
9.16593e-07
1.05138e-06
9.98039e-07
8.73711e-07
1.06824e-06
1.25329e-06
1.3583e-06
9.5091e-07
1.33505e-06
1.27614e-06
1.10215e-06
1.17497e-06
8.94078e-07
9.90061e-07
7.78854e-07
9.18612e-07
1.19383e-06
1.30621e-06
1.04865e-06
8.79558e-07
1.00643e-06
1.08297e-06
1.2113e-06
7.18295e-07
6.77358e-07
9.8391e-07
9.32747e-07
6.62055e-07
9.11286e-07
1.16907e-06
1.17991e-06
1.20128e-06
1.19645e-06
1.02189e-06
1.01024e-06
9.81841e-07
1.05876e-06
8.99076e-07
1.58154e-06
7.93371e-07
1.0235e-06
9.73552e-07
1.09781e-06
9.01796e-07
8.93408e-07
9.99818e-07
1.29685e-06
1.149e-06
7.77868e-07
1.09144e-06
9.95997e-07
8.81232e-07
8.9346e-07
9.42495e-07
1.02252e-06
9.35288e-07
1.3239e-06
1.43841e-06
9.98413e-07
9.55362e-07
1.46848e-06
8.55436e-07
1.22708e-06
9.24794e-07
8.41806e-07
9.96058e-07
9.49498e-07
9.20558e-07
1.07651e-06
1.0589e-06
7.74301e-07
7.96186e-07
9.31855e-07
9.62182e-07
1.00501e-06
1.2297e-06
1.10163e-06
1.07139e-06
1.06503e-06
8.65765e-07
1.44764e-06
1.10051e-06
1.13194e-06
8.91151e-07
1.55377e-06
1.05163e-06
1.22656e-06
7.53776e-07
1.20119e-06
1.33231e-06
1.16295e-06
1.10404e-06
1.00336e-06
1.211e-06
1.03068e-06
7.49905e-07
1.44071e-06
1.06065e-06
9.65752e-07
7.91005e-07
9.35028e-07
8.18459e-07
9.69073e-07
1.12044e-06
1.27092e-06
8.88691e-07
8.53754e-07
7.54483e-07
8.89416e-07
1.0312e-06
1.00086e-06
1.20387e-06
8.09932e-07
9.78934e-07
1.31592e-06
9.18731e-07
9.46386e-07
1.18855e-06
8.75367e-07
1.06402e-06
9.75061e-07
1.37817e-06
1.10655e-06
8.8337e-07
1.00606e-06
