3.89794
4.61649
3.83813
3.56532
3.68135
3.32394
4.37827
3.77574
5.11994
5.03644
3.92856
3.53442
3.48418
4.90149
4.26687
3.98727
3.88381
3.98098
4.70317
4.18689
4.76194
3.31529
4.19938
3.77954
3.98704
5.72923
4.68402
4.90211
3.72781
3.4305
4.5816
3.5497
4.45029
4.18936
3.91997
4.24503
4.89825
4.97442
4.83483
3.91848
4.64214
4.33788
3.75494
4.2269
3.48108
4.61753
4.18754
3.40314
3.54764
4.2144
4.86845
4.70132
3.04294
4.16063
5.01663
3.46373
3.83668
3.11805
4.15112
4.23493
4.99887
3.91528
2.87132
4.08588
5.13679
2.6294
5.52993
4.79729
4.20204
3.20672
4.06999
3.06016
3.53361
4.18478
3.88255
4.28987
4.7812
4.45989
3.85914
4.08083
3.9445
3.5955
3.37778
4.07986
3.48839
4.01272
4.22171
3.70273
3.70582
4.90947
5.32769
4.95043
5.36089
3.88324
3.91864
4.55519
4.61522
4.88591
3.93178
3.50776
3.92082
4.31375
4.63258
4.47806
4.14881
4.0948
4.97074
4.15296
4.04098
5.29883
3.91907
4.7874
4.22129
4.02144
4.29697
3.35049
3.75602
3.51796
3.661
4.52489
4.42364
4.5222
3.81561
3.38206
3.93778
3.78647
3.68683
2.98502
3.62263
3.80368
4.18113
4.19202
3.57087
4.80144
3.41006
4.21415
5.05275
4.64336
4.66469
4.58469
3.03035
3.13309
4.6625
3.78129
3.34713
4.55022
3.46005
3.6182
3.66328
6.51452
3.11559
3.13475
4.3418
4.66902
4.48077
3.74276
4.39609
4.53432
3.05196
3.43623
3.37505
3.89404
3.53869
3.66741
3.76907
5.19125
6.15167
4.2199
3.28566
5.52498
4.91067
4.66741
4.91176
3.65618
4.29718
3.93581
3.15166
4.1958
3.77771
5.1946
3.13683
4.17306
3.02229
5.22321
3.80718
4.34983
3.91229
3.41845
3.35292
4.01046
4.03249
2.94289
4.16741
4.79809
4.29513
3.33039
3.45197
6.06852
3.58776
5.80513
3.72346
3.14682
3.83071
4.06062
4.4031
4.23923
3.7941
5.34066
4.42495
4.52197
5.07162
4.73039
5.55796
3.78659
4.63416
3.75496
3.82214
3.78142
3.69674
3.21156
4.11628
3.21905
4.76219
3.66247
2.93519
6.35485
4.3283
3.41641
3.89186
5.38574
5.45596
3.87507
3.7547
3.3916
3.68019
3.81636
5.06111
4.21078
3.66661
3.69885
4.07482
4.90445
4.20139
3.75853
5.22503
3.37265
4.73442
4.06604
3.67188
3.89064
3.75571
3.82695
3.74671
3.94637
4.62948
4.37661
3.82277
4.78681
4.24817
5.22264
4.51538
3.57433
5.1034
4.1838
5.33524
3.79935
3.19786
4.70024
3.13675
4.34537
3.45431
4.801
4.22452
3.4426
4.94051
3.76203
5.60346
4.79283
2.79967
3.54851
4.69003
4.3319
4.54983
4.30789
3.87908
3.68685
5.50178
3.88526
4.77699
4.66986
3.49155
3.26077
4.16136
4.10635
3.60314
5.29161
3.54539
4.47551
3.72407
4.7067
3.53424
4.86124
4.23275
4.02458
3.42172
3.78025
3.68024
4.48222
4.17665
3.67836
3.5563
5.00706
4.65246
5.09365
3.35196
3.62055
4.02998
4.10434
4.99089
3.85529
3.90493
3.33068
3.34551
3.89544
4.2361
3.43415
5.87041
3.63278
4.24549
3.94196
4.0938
4.82487
3.47235
4.2551
3.72942
4.93705
3.83816
4.10748
4.85123
5.2056
4.80595
4.55008
3.79748
5.14523
3.63938
4.624
5.16102
4.21468
4.11115
4.32369
3.7172
3.21977
3.36661
4.59513
3.23729
3.17815
4.35338
3.85763
4.53334
4.22151
3.65146
3.71545
3.62212
3.02975
4.26035
3.84209
4.96178
3.64687
3.55568
4.13113
3.4312
3.94872
3.13331
3.76644
5.7004
4.18074
4.50068
3.38733
3.89224
3.89182
3.59566
4.76496
4.12596
4.56344
3.91067
4.64866
4.40878
3.86362
4.27343
3.92298
3.78877
4.08046
4.26935
3.91848
3.99865
4.22465
3.93001
4.15089
3.34579
3.45398
4.01203
3.27073
3.73758
4.11057
3.26182
5.45388
4.25531
3.68331
4.33548
4.32699
3.78015
3.69046
3.75157
4.43429
4.09801
4.16018
4.26407
4.20389
5.18958
4.89761
4.0489
3.34504
4.73796
4.21441
4.22211
3.00877
3.73575
3.94533
4.87483
4.13207
4.32521
3.72022
3.34366
4.13792
4.44853
3.63172
4.51231
3.23865
4.85969
3.44704
4.58618
4.61965
3.81886
3.91144
3.96861
5.1371
3.98105
5.69889
4.17991
3.55064
4.27754
4.39297
3.55819
4.67922
4.33898
4.16032
4.24079
4.11066
4.15197
5.01645
4.26431
4.54551
5.06788
3.83868
6.96684
4.75896
4.11587
3.56816
3.71492
4.13405
5.95036
3.98782
4.28357
3.78013
4.11639
3.58748
3.60802
3.13059
4.92535
4.70705
4.03664
4.57971
3.77077
4.54146
3.19128
3.65272
3.50781
4.17517
4.28842
4.02949
3.33968
5.86419
3.54114
4.6147
3.78003
3.49521
4.3281
4.50071
3.57464
4.41815
