2.68611
2.63981
2.62073
2.78932
2.51984
2.64769
2.51959
2.91396
2.84275
2.99277
2.64487
2.67495
2.61444
2.64844
2.75904
2.51422
2.90111
2.6504
2.7689
2.77464
2.76457
2.67562
2.65244
2.79512
2.96021
2.32716
2.64648
2.45411
3.02182
2.70462
2.47481
2.83539
2.6539
2.85472
2.70714
2.50995
2.44644
2.77509
2.97294
2.87415
2.41117
2.63771
2.62794
2.51538
2.46131
2.73281
2.51094
2.65216
2.89982
2.91461
2.58587
2.77822
3.01932
2.63111
2.62928
3.24778
3.01265
2.78131
2.54344
3.04366
2.44424
2.67282
2.74017
3.03515
2.76299
2.83487
2.95145
2.74929
2.57768
2.74813
2.58011
2.82418
2.6438
3.12049
2.69829
2.54226
2.94114
2.85867
2.47055
2.36732
2.7066
3.15031
2.6831
2.83248
2.60536
2.64536
2.82938
2.84456
2.83829
2.76575
2.58107
2.80395
2.70331
2.95123
2.79535
2.79725
2.51962
2.87885
2.75626
2.72301
2.54575
3.02333
2.6824
2.78618
2.69856
2.54237
2.78355
2.53247
2.7522
2.77473
2.78443
2.63533
2.86379
2.68786
2.71352
2.72791
3.11818
2.71584
2.48602
2.96448
2.68236
2.92943
2.63045
3.06901
2.77251
2.62326
3.26091
2.35356
3.11902
2.72931
2.75844
2.88088
2.85843
2.6124
2.87995
2.73589
2.89089
2.89668
2.84335
2.73758
2.8067
2.84927
2.84084
2.95503
2.8404
2.82674
2.77883
2.82515
2.64555
3.08594
2.72312
2.47888
2.97304
2.78826
2.95187
2.8814
2.74107
2.89375
2.80987
2.93392
2.83321
2.5408
2.64937
2.63931
2.88459
2.88842
3.64872
2.97756
2.75398
2.75415
2.80196
2.88807
2.61819
2.72254
2.53547
2.5889
2.65753
2.95385
2.72108
3.19213
2.66984
2.52503
2.85951
2.46039
2.7432
2.84368
2.72084
2.61711
2.64617
2.4983
2.89671
2.65269
3.23773
2.75969
2.78112
2.7551
2.68538
2.71709
2.97602
2.78291
2.51144
2.78987
2.6132
2.89868
2.83689
2.98918
2.71863
2.78071
2.89581
2.79717
2.74239
2.71381
2.6643
2.77802
2.75048
2.78013
2.65321
2.93316
2.68678
2.9951
2.62601
2.89632
2.64841
2.83809
2.88919
2.38831
2.81588
3.15387
2.40421
3.20626
2.91115
2.92727
2.46354
2.50138
2.67963
2.7114
2.45178
2.41757
2.54732
2.67534
2.38226
2.87912
2.5987
2.7387
2.72146
2.80952
2.52849
2.90425
2.7297
2.42675
2.48305
2.97326
2.55352
2.76205
2.893
2.88293
2.41396
2.78554
2.7469
2.71729
2.50537
2.52565
2.63988
2.83931
2.72284
2.93051
2.80374
2.86852
2.62764
2.64775
3.17697
2.47302
2.59943
2.58646
2.84499
2.60405
2.98886
2.74516
2.63921
2.74659
3.36196
2.54987
2.90738
2.88933
2.87521
2.65506
3.063
2.96132
2.82612
3.26251
2.66373
2.5701
2.78226
2.9342
2.564
2.91444
2.55487
2.3693
2.66398
2.87978
3.03039
3.09495
2.76088
2.71432
2.91271
2.50526
2.75658
2.60571
3.10088
2.62287
2.87057
2.61562
2.65231
2.65714
2.8071
2.64047
2.81216
2.60798
3.15071
2.34672
2.62148
2.92648
2.76525
2.69566
2.81729
2.6955
2.80353
2.89304
2.7347
2.46952
2.82088
3.13891
2.3466
2.73365
2.73071
2.47906
2.63619
2.72016
2.91337
2.97824
2.69545
2.72755
2.6153
2.71595
2.67692
2.83889
2.45552
2.53433
2.86288
2.69703
2.63117
2.62518
2.74816
2.78695
2.8221
2.68702
2.79853
2.71512
2.70152
2.66709
2.53417
2.55333
2.63893
2.81594
2.70484
2.90329
2.84141
2.77583
2.73917
2.84495
2.63376
3.30304
2.65819
2.64658
2.50124
2.60537
2.74879
2.64551
2.44553
2.87772
3.03312
3.10049
2.64341
3.03479
2.90718
2.76985
2.88919
2.64485
2.73648
2.53052
2.74723
2.8563
2.6643
2.82362
2.59195
2.8061
2.86268
2.90362
2.29678
2.28638
2.81217
2.63235
2.35725
2.54132
2.81708
2.88555
3.00258
2.86085
2.77957
2.79029
2.77424
2.67204
2.67643
2.90079
2.57173
2.65474
2.67824
2.8321
2.70085
2.67262
2.66649
2.83287
2.90416
2.4822
2.77133
2.70485
2.59291
2.60835
2.55875
2.70091
2.55599
2.89815
3.11368
2.80283
2.75266
3.07537
2.48621
2.93008
2.65895
2.63028
2.66798
2.61758
2.6754
2.68535
2.80378
2.55629
2.53344
2.63797
2.58587
2.84144
2.96107
2.9702
2.81671
2.59952
2.6702
2.90381
2.79349
2.95202
2.58381
3.20226
2.76995
2.86835
2.39566
2.87002
2.53831
2.89726
2.55256
2.57938
2.89128
2.78624
2.43905
3.15075
2.76023
2.66891
2.54686
2.51551
2.41456
2.74283
2.70361
2.88854
2.62016
2.5978
2.42736
2.60869
2.68727
2.74503
2.90304
2.56535
2.64334
2.93672
2.65975
2.75485
2.61908
2.61749
2.78621
2.66958
2.99708
2.75535
2.64628
2.70081
