7.04128
5.43497
6.95907
7.86673
5.71327
6.9325
7.55864
7.59024
8.07796
6.58405
7.97047
6.63301
7.0384
7.34645
7.83823
7.67606
7.08286
6.77461
6.34305
7.42669
7.33792
6.8724
6.72695
8.64021
9.04309
8.42983
8.84034
6.98549
8.21601
6.78097
6.77121
9.85237
6.28324
5.99117
8.8518
8.03453
9.57452
6.38989
6.16733
6.85358
7.2639
6.57965
8.12067
7.24412
6.07546
7.3275
8.50819
6.73194
10.7161
7.58814
8.46018
7.05865
7.87337
6.40835
10.4363
7.57681
7.99472
5.42572
9.4379
9.15143
8.6494
9.07875
8.89416
7.29124
6.79131
9.39359
10.0059
8.34574
8.41664
7.4054
8.79172
7.98765
7.17433
10.0469
5.54812
6.71369
5.80141
5.32041
6.61458
10.7737
10.0337
6.81422
5.77915
10.2586
6.19695
10.8146
9.54508
6.39922
9.15317
5.78848
8.75375
6.49733
6.01734
7.00114
8.83255
9.98383
8.18174
9.94025
7.99593
10.0434
7.05
7.00312
10.9037
6.13885
7.56902
8.43756
8.43628
6.15356
9.81904
6.98339
7.03886
9.86166
9.59929
6.16202
6.38953
11.7732
6.51567
6.99436
9.86287
6.73722
7.30208
9.62087
8.46047
6.97325
7.52238
4.18174
6.78475
7.30214
6.8261
6.12381
9.56444
7.6498
6.82396
8.47804
8.54579
8.49238
7.90467
9.49958
6.45195
8.1584
8.33788
5.6228
8.84649
6.56847
7.98186
6.63527
8.08272
7.67741
8.24205
7.49286
6.67562
7.80738
7.64598
8.33099
7.16183
5.97355
6.9499
9.34846
6.85381
7.59653
6.72428
9.23543
8.23383
8.13851
7.25707
6.1517
7.19078
10.0405
6.65024
7.17233
11.101
5.70961
6.3087
7.73617
9.86575
6.32657
7.05459
8.2141
8.68803
7.40894
7.38146
10.0565
6.16139
7.60093
8.46585
6.15477
6.46923
4.85661
6.86062
6.25645
9.25952
8.44979
8.75725
6.5221
6.00474
6.80459
9.43426
7.60506
7.94718
6.90237
6.92703
8.94716
8.01873
5.8069
7.5896
7.42006
6.65995
5.93525
6.89711
6.33256
9.85678
7.13326
8.79706
8.06806
9.022
10.1991
6.12896
9.8772
8.50663
6.56753
8.61393
5.61255
7.89418
7.74894
7.5608
5.73209
9.49668
7.75256
6.40221
7.41875
6.67925
8.14594
7.73547
5.13275
7.00638
7.37813
8.94457
6.29528
7.45858
7.89665
7.45161
7.9403
7.86178
8.35826
7.30721
9.86734
6.71473
6.78622
8.96452
9.20285
9.63008
8.10665
6.72284
6.68941
7.21186
5.97561
9.8547
9.64862
5.97273
5.13111
9.03148
9.67375
6.6249
8.85556
9.09866
8.32222
7.02988
9.74507
8.85298
7.73867
6.99325
9.38331
5.7024
6.27717
5.92439
8.89183
5.40454
6.62893
7.41199
6.67622
6.78943
9.19046
8.36745
8.83602
9.26129
6.84041
6.44559
7.72439
8.67507
8.43772
10.1887
5.67811
5.34063
8.73424
9.47066
5.77131
5.09568
10.0142
8.70264
5.62996
7.69957
7.9086
8.18174
8.61282
8.81845
7.59678
6.93049
9.02667
5.12372
9.16443
8.55409
8.93612
6.64601
6.79919
6.65542
9.86435
8.94005
9.16689
8.00627
7.74085
8.61016
7.57356
4.88105
6.68531
6.6963
8.8989
7.23078
8.98685
8.49621
7.48366
5.02364
7.57174
9.16976
7.13943
11.4852
7.35935
7.56182
7.49811
7.46632
10.4407
6.8798
7.91903
10.9037
7.25113
8.1634
7.864
7.75166
6.65857
11.4479
10.0896
7.57673
8.74371
8.22778
12.5841
6.8418
7.34762
10.5552
6.94417
8.01564
9.8559
7.04917
8.1671
6.44528
7.48222
8.96674
7.91729
7.42167
7.1916
8.16173
9.32346
7.23081
6.30076
7.75616
7.42204
7.81878
6.57147
9.84811
7.39636
6.51033
9.11674
7.41013
8.57109
8.61079
9.44552
8.18035
8.24394
6.9848
5.14235
7.28604
7.13136
8.42987
7.41151
8.85507
6.60666
6.12462
5.12389
5.75593
6.85255
8.61696
6.90099
8.76016
8.28389
6.99581
6.92396
4.9904
8.23194
5.38787
8.7219
7.22542
5.75312
9.86394
9.8536
9.07276
9.42888
9.46578
10.855
7.47873
6.24043
9.60243
8.26521
7.37455
5.60582
9.36769
7.76167
7.94124
8.78021
10.4354
7.24231
6.81002
6.98782
6.89807
7.91644
6.77516
6.88212
9.76961
6.83468
7.2396
7.53022
7.15042
7.97846
7.43435
7.07147
6.55545
6.61772
9.83704
6.52543
7.10599
7.99895
5.45546
6.13024
7.28625
9.74599
6.69706
8.60462
inf
6.15686
6.58957
7.51597
6.23
6.4707
12.6089
7.45552
6.08935
8.41599
7.95976
7.15305
11.6333
6.45858
7.85031
6.7552
10.2632
5.4778
5.84658
8.28241
6.95693
5.28991
7.64139
7.28801
9.06208
7.71117
4.81319
6.58309
6.39063
8.32099
7.01575
7.14538
9.01142
10.99
10.1707
7.4798
7.67043
6.02195
6.99347
6.45755
7.48731
10.5542
6.45621
6.41702
7.01263
6.57296
