3.71716
3.64467
3.20896
3.78408
3.64377
3.38853
4.03553
3.37318
3.62118
4.32848
3.90001
3.9657
3.60448
3.2188
3.87353
3.57793
3.60273
3.10322
3.38509
3.3264
3.26179
3.58679
3.48351
3.55101
3.80445
3.4712
3.90673
3.45305
4.07283
4.02933
3.22965
4.1898
4.07319
3.61243
3.99145
3.5865
3.51772
3.5073
3.50433
3.62314
3.6952
3.40326
3.05821
3.71718
3.29357
3.81748
3.5607
3.98307
3.57743
4.10253
3.75652
3.82384
3.19098
3.76609
4.31649
3.54934
3.5135
3.20879
3.76441
3.66469
3.59325
3.5158
3.59656
4.3331
3.66385
4.00284
3.84734
3.68481
3.96683
3.81904
3.52436
3.77489
3.2506
3.94816
3.43053
3.5382
3.78702
3.67057
4.73291
3.37695
3.44434
3.65054
4.15406
3.78929
3.42776
3.69328
3.72809
3.79419
3.95886
3.47622
3.38797
3.8522
3.65358
4.1196
3.55661
3.50175
3.79149
3.72923
3.58085
3.64759
3.28601
4.20319
3.9197
3.85364
3.28997
3.71213
4.01456
3.3755
4.12294
3.69452
3.67546
3.40702
3.71738
3.69947
3.47248
3.69697
3.46106
3.26512
4.75029
3.58147
4.2786
3.38894
3.80737
3.35118
4.31698
3.91608
4.19994
3.98187
4.00323
3.34015
3.51223
4.149
3.6444
3.93641
3.63633
3.5837
4.00597
3.52689
3.87479
3.33416
3.29306
3.48254
3.60693
3.75031
3.847
3.55521
3.72908
3.7466
3.39594
3.65942
3.49452
3.63131
3.52836
3.85639
3.99325
3.31315
3.40654
3.32158
3.46697
3.9502
3.18796
4.08751
3.75023
3.40386
3.25939
3.12259
3.63208
3.79668
3.42465
3.67918
4.1524
3.25471
3.25225
3.86788
3.76412
3.73009
3.84944
3.60426
3.60985
3.65821
3.76328
4.45219
3.57309
3.41475
3.68851
4.65387
4.08062
4.23817
3.39013
3.76471
3.82759
3.56608
3.58883
3.66978
4.37596
3.48643
3.52466
3.34618
3.74724
3.52584
3.31419
4.0161
3.55264
3.49924
3.79442
3.70848
3.51139
3.48961
3.71683
3.50906
3.62033
3.52559
3.57187
3.39863
4.08573
4.51674
3.53689
3.53741
2.84837
3.68294
3.39826
3.76068
3.30556
3.62013
3.72919
4.11101
3.74718
3.51214
3.68909
4.048
3.77352
3.25691
3.61741
3.25022
3.94596
3.69673
3.731
3.61902
3.44295
3.27313
4.06298
4.56267
3.32846
3.37678
3.99349
3.54175
3.76849
3.76744
3.81597
3.56811
3.66321
3.292
3.44068
3.95493
3.45159
4.02936
3.77711
3.78426
3.64725
3.53696
3.87199
3.59556
3.57772
4.48523
3.78218
3.85769
3.28013
3.75777
3.59671
3.4106
3.9146
3.64659
3.84446
3.55922
3.48365
4.42589
3.47084
3.74479
3.11247
3.38705
3.41874
4.09095
3.11195
3.53162
4.3197
3.69863
3.73328
3.38354
3.4458
3.34628
3.76883
3.41157
3.90355
3.79839
3.63033
3.3298
3.54396
3.88496
4.13272
3.07159
3.59411
4.32327
3.4353
3.36771
3.68641
3.75655
4.17228
3.99847
3.56641
4.09452
3.76294
4.10354
4.07744
3.96334
3.88705
3.60697
3.94392
3.56065
3.39465
3.61032
3.72005
3.39531
3.66874
3.53392
3.42442
3.17536
3.79461
3.48882
3.73808
3.79401
3.65594
3.84642
3.93005
3.16394
3.69478
3.62531
3.60815
3.55507
3.1204
3.13065
3.82879
4.2281
3.45069
3.67631
3.5502
3.89344
3.53332
3.69035
3.30231
3.53647
3.51652
4.09987
3.8497
3.52696
3.66842
3.69605
3.51513
3.59299
4.44706
3.44399
3.80225
4.27416
3.82394
3.43742
3.96488
4.00871
3.48884
3.48709
3.61647
4.33962
3.32974
3.6204
3.68692
4.02787
3.90127
3.30378
3.30894
3.85229
3.93238
3.346
3.53795
3.89014
3.31756
3.86195
3.39362
3.47104
3.68684
3.5221
3.74385
4.17052
3.29875
3.40956
4.40097
3.09319
3.56849
3.47163
3.74748
3.38029
3.48716
3.89657
3.43906
3.60038
3.93168
3.69888
3.58818
3.25876
3.70058
3.23344
3.78041
3.16436
3.96397
3.80188
3.67664
3.76695
3.66722
3.66299
3.54427
3.43585
3.79957
3.7435
4.29149
3.71796
4.16769
3.68457
3.77097
3.86639
3.68336
4.03963
3.69184
3.33643
3.16444
3.74769
3.70592
3.46637
3.56541
3.68827
3.47962
3.58963
3.63538
4.35623
3.59231
3.51822
3.94931
3.57851
3.37448
3.72494
3.88599
3.91922
3.7806
3.41908
3.78779
3.71473
3.52206
3.47528
3.98257
3.90138
3.67606
3.33448
4.12914
3.70631
3.31684
3.50161
4.05501
3.90222
3.3998
3.78819
3.98724
3.68622
4.22473
3.34182
3.61028
3.20803
3.7595
3.8797
3.27833
3.82901
3.72038
3.55985
3.6218
3.71519
3.24166
3.77552
3.74167
3.55307
4.13038
4.03293
4.32427
3.67227
3.56388
4.09474
3.28941
3.31033
4.28271
3.79612
3.66081
3.37683
3.62466
3.64672
3.55171
3.81219
