3.25931
1.85163
2.84389
4.05718
2.17157
3.11286
3.76993
3.61099
3.57861
3.0495
3.72506
2.13689
3.11029
2.86733
2.70004
3.91273
2.84702
2.87315
2.28756
3.40858
3.3121
2.94358
3.70952
3.40314
4.10921
2.91189
2.77626
3.53984
4.0739
3.48926
2.77624
4.07771
2.12614
1.73757
3.5982
4.0348
3.2467
2.61627
2.00922
3.00568
3.27753
2.45005
3.81107
2.54891
2.31722
3.67372
3.18932
3.1493
3.66198
3.38872
3.20202
3.23813
3.31428
2.84607
3.21726
3.85145
3.94135
2.16888
3.04656
3.60478
4.01231
2.73608
4.65991
3.48449
3.43504
3.88164
3.61345
3.68394
3.54204
3.27928
3.36334
3.52852
2.38565
3.52011
2.34214
2.50783
2.30899
1.9824
2.07946
3.57993
4.59755
3.3544
2.09663
4.41684
2.66722
4.31766
3.01874
2.63775
3.97735
1.97791
3.61966
2.79304
2.31802
3.15622
3.65961
4.9849
2.93301
4.60332
3.61033
3.93727
3.28196
2.97397
3.65176
2.35013
3.26508
3.18624
3.69992
2.6351
4.38825
2.62391
2.78412
2.58888
3.10273
2.24868
2.36153
4.04883
3.00084
2.93235
3.8054
3.24467
3.39133
3.8188
3.13591
3.10065
3.40282
1.6206
2.90398
2.77415
3.14878
2.86716
4.14261
3.58405
2.71531
2.64274
3.97641
4.10434
3.30262
3.25339
2.50748
3.22922
3.13784
2.12005
3.09613
2.53381
3.77152
3.0538
3.99404
3.79587
3.54219
3.05726
2.01749
3.67265
3.36875
3.3077
3.42
2.08811
2.40644
3.97697
3.15068
3.11154
2.76137
4.4883
4.64128
3.49281
2.51447
2.95447
3.46051
3.87117
2.59638
2.70819
5.69234
2.18943
2.47929
3.19465
3.30483
2.37418
2.88234
3.94057
4.33166
2.86992
2.97761
3.29436
2.15474
3.60813
3.75722
2.1785
2.153
2.27101
2.60692
2.9474
3.35597
3.53066
3.11836
2.58744
2.45069
2.79864
4.3285
2.45144
3.7466
2.87465
3.29399
4.05239
4.39619
2.20604
1.74126
4.03501
3.04645
2.17337
2.79772
2.44776
3.79243
2.84595
3.94295
2.90448
2.7903
4.65329
2.1796
3.46193
3.88627
2.46172
3.67486
2.3096
2.23582
3.11122
3.3759
2.28877
4.80674
3.4173
2.8082
3.22748
2.68474
3.52175
2.40703
1.81669
2.28415
3.67762
2.93012
2.38494
3.47862
3.23175
4.02131
3.50592
3.68453
3.51024
3.01235
4.29086
3.14224
2.82976
3.52524
5.19396
4.47111
3.96111
2.75243
2.8283
3.13137
2.57578
3.0566
3.63876
2.47692
2.0382
2.67086
3.66904
2.30731
3.02016
3.36571
2.94258
3.0923
4.21395
2.59534
3.4436
2.75899
3.29964
2.36375
2.65595
2.57718
3.51817
2.09194
2.99069
3.68612
2.4505
3.22365
2.70708
3.22813
3.34542
2.71271
1.98626
2.34031
3.18266
2.88674
3.44608
3.42901
2.01417
1.58234
4.06156
5.52125
2.26976
1.89111
3.98717
4.18686
2.25562
3.39615
3.21284
2.77009
2.43019
4.43153
4.0474
3.12722
4.24016
1.85055
3.56981
4.06493
4.26915
2.71007
2.65881
3.15739
3.22182
5.01977
2.56047
2.82654
3.08757
4.19692
3.26214
1.87475
3.43415
2.3328
3.1929
2.88056
3.79887
3.88714
3.75179
1.73212
2.45446
3.32637
3.08059
5.20566
3.61567
2.46262
3.32422
3.5861
3.82095
2.39466
3.16087
2.64744
3.60632
3.92628
3.54485
2.93442
3.14191
3.80467
4.28524
3.33679
3.33617
3.46574
4.41531
3.11395
3.50222
4.19607
3.2109
3.26936
4.33114
3.4095
3.3507
2.56234
3.30914
4.66572
3.06871
3.48364
2.93109
3.4762
4.42261
2.58877
2.37848
2.78044
3.69337
3.47775
2.30085
3.35886
3.64752
2.12532
3.22348
3.25483
3.26129
3.82406
3.03425
3.78605
3.60532
2.14913
2.09565
3.07231
3.09405
3.08111
3.52433
2.52695
2.9209
2.11137
2.05555
2.26298
2.78366
3.60321
2.76547
3.39982
3.46725
3.00723
3.39377
1.93096
3.68132
2.01516
3.5391
2.81504
1.98392
3.72745
3.70048
4.0611
3.86832
4.11059
4.26424
3.58342
2.67811
4.98042
4.11056
3.26643
2.34029
4.95303
3.86156
3.4872
4.34724
4.19904
3.05238
2.60464
3.10798
3.00775
3.53755
3.02349
2.69232
3.89685
2.7949
3.31809
2.96788
2.82054
3.43839
3.66794
3.25895
3.08954
2.79951
3.78182
2.76025
2.64174
3.48034
2.32499
2.69266
2.27036
3.73904
2.55365
3.1181
4.70381
2.7786
1.84236
3.29301
2.26164
2.57803
4.98145
3.19383
1.91993
3.68818
3.66019
3.16665
4.94018
2.58765
3.096
3.09317
3.4092
1.41642
2.63578
3.28332
3.29646
1.95422
3.46552
3.22939
2.98744
3.83669
2.01215
2.94209
2.60956
3.55402
2.75574
2.65593
5.08841
4.66932
3.33433
3.40372
3.6099
2.06558
3.08829
2.55422
3.14187
4.23722
2.98745
2.17955
2.71915
2.4782
