2.87682
2.87318
2.60424
2.98925
2.84489
2.7564
3.19176
2.62235
2.82618
3.37867
2.99523
3.1203
2.88478
2.53197
3.05236
2.7995
2.90666
2.50442
2.61641
2.65196
2.61075
2.86851
2.64406
2.78428
2.99072
2.71969
3.18955
2.71495
3.33739
3.19951
2.5441
3.26958
3.19134
2.87389
3.15813
2.83926
2.80113
2.75435
2.8803
2.89561
2.88494
2.7794
2.40306
2.87574
2.49854
2.99329
2.901
2.98954
2.88875
3.284
2.94204
3.02434
2.58876
2.94952
3.29224
2.83116
2.74972
2.61306
3.02189
2.9579
2.84385
2.85347
2.80667
3.43973
2.89266
3.08904
2.93774
2.92285
3.00761
2.97753
2.80078
2.876
2.61238
3.06276
2.65566
2.73641
2.97823
2.66633
3.35724
2.64411
2.76356
2.81904
3.12275
3.00679
2.78135
2.92298
2.87668
2.94766
3.1167
2.7587
2.64574
3.01962
2.91703
3.23811
2.80886
2.74577
2.94199
2.8557
2.88063
2.89058
2.62169
3.23782
3.03648
2.96971
2.58344
2.96032
3.16794
2.5888
3.19538
2.89866
2.85889
2.71342
2.95564
2.98148
2.74299
2.89476
2.77048
2.60046
3.80911
2.84514
3.22939
2.72857
3.05869
2.66045
3.35901
3.15326
3.4486
3.22236
3.18138
2.60556
2.7718
3.177
2.95883
3.18369
2.77155
2.81259
2.90057
2.81634
3.13965
2.69833
2.60573
2.79859
2.82672
2.91224
3.11378
2.67169
2.96997
2.9818
2.70394
2.90116
2.74133
2.85562
2.82122
3.09342
3.1422
2.59029
2.76063
2.61869
2.83028
2.93819
2.54614
3.17707
2.86762
2.70977
2.62306
2.53656
2.90052
3.02222
2.68805
2.88278
3.27518
2.59376
2.58107
2.95973
2.90978
2.99501
2.99972
2.86606
2.77806
2.8416
3.01689
3.46671
2.8102
2.65521
2.86202
3.49446
3.14792
3.16971
2.67643
2.98952
3.03286
2.86301
2.83354
2.87598
2.88147
2.80825
2.63744
2.55723
2.98799
2.65573
2.68006
3.07683
2.81363
2.79894
3.06739
2.75994
2.88261
2.75606
2.98322
2.71801
2.92429
2.87676
2.86231
2.68316
3.30141
3.36318
2.72029
2.9014
2.24993
2.955
2.75984
2.94483
2.58235
2.78992
2.88572
3.08372
2.93632
2.78268
2.88555
3.23619
3.05023
2.59112
2.87894
2.63587
2.97054
2.80014
3.02907
2.81951
2.75397
2.62217
2.95505
3.56748
2.6109
2.65286
3.12761
2.74299
2.97598
2.98547
2.86581
2.82076
2.92505
2.66982
2.67737
3.04655
2.735
3.20798
3.04121
2.98063
2.71281
2.88472
3.11883
2.89094
2.87085
3.41407
2.93732
2.94967
2.63652
2.99146
2.81439
2.69819
3.0131
2.85106
3.02375
2.83366
2.7448
3.41739
2.79383
2.97116
2.445
2.64623
2.71444
3.32316
2.49239
2.752
3.46544
2.91687
2.96669
2.69007
2.76259
2.67859
3.00399
2.70006
3.22238
3.03299
2.91243
2.66679
2.84832
2.95086
3.24676
2.45671
2.83225
3.06893
2.73461
2.6159
2.93605
2.92498
3.085
3.09073
2.83371
3.22539
2.94627
3.10371
3.26578
3.13023
3.19007
2.76973
2.95591
2.74118
2.68438
2.78198
3.01977
2.71498
2.91619
2.82278
2.7915
2.52104
3.05057
2.88362
2.93215
2.9174
2.89423
3.04022
3.13972
2.52102
3.0094
2.87756
2.85318
2.80684
2.42899
2.45862
3.01436
2.82645
2.76118
2.93224
2.84962
3.06982
2.81853
2.83452
2.65784
2.78272
2.77153
3.14185
3.03174
2.79837
2.9863
2.89182
2.80184
2.89191
3.11819
2.66602
2.95645
3.42072
2.9484
2.73753
3.14679
3.22916
2.77626
2.66493
2.79827
3.23295
2.65839
2.85257
2.97069
3.2334
2.91851
2.6641
2.60525
2.97103
3.09676
2.69133
2.84535
3.14126
2.58269
3.00662
2.74009
2.82467
2.85165
2.68547
2.81732
3.34026
2.59752
2.72109
3.2984
2.50806
2.82965
2.83059
3.01417
2.67888
2.78523
3.09515
2.74368
2.86083
3.09197
2.96481
2.80896
2.56431
2.98475
2.56351
2.8441
2.5238
3.17482
3.06752
2.80869
3.00491
2.94562
2.95512
2.79568
2.71301
3.00705
2.97905
3.1148
2.88293
3.43936
2.97707
3.01809
3.0898
2.96007
3.06259
2.74006
2.56685
2.48606
3.01749
2.95478
2.81047
2.76021
2.97725
2.78899
2.8235
2.87735
3.47155
2.8679
2.82122
3.12401
2.81884
2.7246
2.90788
3.0131
3.07265
3.05077
2.70488
2.88841
2.86681
2.85302
2.76262
2.93601
3.03302
2.91312
2.62601
3.26766
3.01513
2.65733
2.7146
3.24074
2.99844
2.68832
2.98458
3.10984
2.8865
3.10568
2.69269
2.89312
2.54001
3.04008
3.12961
2.67827
2.94292
2.90488
2.74948
2.93439
2.96314
2.56302
2.98908
3.00105
2.86056
3.22692
3.21185
3.44548
2.83932
2.78999
3.23509
2.57414
2.70645
3.19871
2.98412
2.81426
2.72073
2.7654
2.93241
2.85929
2.94508
