1.2782e-06
2.46585e-06
2.28891e-06
1.22682e-06
1.19558e-06
1.11965e-06
1.56244e-06
1.60547e-06
1.84569e-06
2.65077e-06
1.19398e-06
1.51861e-06
1.40875e-06
2.98047e-06
1.48266e-06
1.68736e-06
1.46641e-06
1.31223e-06
2.04759e-06
1.45473e-06
2.54791e-06
9.2552e-07
1.82409e-06
1.16867e-06
1.6709e-06
3.73609e-06
2.56406e-06
2.34213e-06
1.59886e-06
3.19045e-06
1.94665e-06
1.20219e-06
1.70967e-06
1.83973e-06
1.21331e-06
1.48699e-06
3.72531e-06
2.27369e-06
2.2988e-06
1.45451e-06
2.04793e-06
2.04539e-06
1.24184e-06
1.68077e-06
1.3113e-06
2.19676e-06
1.71149e-06
1.09186e-06
1.1697e-06
1.31676e-06
2.40621e-06
2.39005e-06
9.40932e-07
1.97705e-06
2.5806e-06
1.09791e-06
1.36451e-06
1.61265e-06
1.95587e-06
3.04434e-06
1.93459e-06
2.36587e-06
7.18221e-07
1.70977e-06
3.82285e-06
1.27997e-06
4.20348e-06
1.91794e-06
1.96247e-06
1.00354e-06
1.66955e-06
1.08819e-06
1.29241e-06
1.52743e-06
1.50102e-06
1.54983e-06
2.35922e-06
2.21345e-06
1.58666e-06
1.41582e-06
1.46028e-06
1.19081e-06
1.35213e-06
1.371e-06
8.94315e-07
2.45283e-06
1.72396e-06
1.03932e-06
1.24013e-06
2.37535e-06
2.68519e-06
3.39876e-06
4.21275e-06
1.69158e-06
1.38576e-06
2.02886e-06
2.48148e-06
1.86607e-06
2.08181e-06
1.05885e-06
1.8934e-06
1.71223e-06
1.94779e-06
1.99351e-06
1.52873e-06
1.2798e-06
2.10663e-06
1.36638e-06
1.77433e-06
3.30929e-06
1.30389e-06
3.00829e-06
1.73864e-06
1.31061e-06
1.62201e-06
1.37364e-06
1.73729e-06
1.25927e-06
1.30317e-06
2.69251e-06
1.92114e-06
2.47063e-06
1.49048e-06
1.14173e-06
1.42332e-06
1.32632e-06
1.28854e-06
1.15348e-06
1.11005e-06
1.15993e-06
1.80565e-06
1.62213e-06
1.39381e-06
1.9581e-06
1.06938e-06
1.78681e-06
2.25899e-06
2.56705e-06
2.61946e-06
2.47047e-06
1.06539e-06
1.17342e-06
2.1038e-06
1.62481e-06
1.08391e-06
2.42348e-06
8.96418e-07
9.72683e-07
1.05201e-06
4.47831e-06
8.93184e-07
1.11645e-06
1.83205e-06
2.73601e-06
2.1351e-06
1.27159e-06
1.82474e-06
2.36856e-06
1.42514e-06
1.27328e-06
1.28378e-06
1.22778e-06
1.85137e-06
1.72171e-06
1.67471e-06
4.00836e-06
4.82716e-06
2.11673e-06
2.27395e-06
3.56661e-06
2.89469e-06
2.26125e-06
2.73018e-06
9.36461e-07
2.71455e-06
1.57824e-06
8.60007e-07
1.58004e-06
1.02555e-06
2.55193e-06
1.26717e-06
1.76546e-06
9.13365e-07
5.56698e-06
1.41978e-06
1.87102e-06
1.82101e-06
9.46231e-07
1.39085e-06
1.4386e-06
2.25087e-06
9.07853e-07
1.81934e-06
2.88804e-06
1.51619e-06
1.02646e-06
1.65297e-06
3.44398e-06
1.05925e-06
5.04922e-06
1.44634e-06
8.18937e-07
1.31652e-06
1.65926e-06
2.0876e-06
1.53034e-06
1.71758e-06
2.30566e-06
1.90878e-06
2.54319e-06
2.34633e-06
2.32967e-06
2.23157e-06
1.4139e-06
2.23999e-06
1.03534e-06
1.38891e-06
1.5847e-06
1.18057e-06
2.25553e-06
1.42572e-06
8.4502e-07
2.61834e-06
1.33626e-06
7.43924e-07
6.03818e-06
1.96408e-06
1.27506e-06
1.18132e-06
3.21173e-06
4.08593e-06
1.7733e-06
1.10042e-06
1.35785e-06
1.36376e-06
1.63208e-06
3.01013e-06
1.53505e-06
1.5771e-06
1.0194e-06
1.33796e-06
2.30545e-06
2.0032e-06
1.28203e-06
3.19594e-06
7.9613e-07
2.09357e-06
1.55123e-06
1.3485e-06
1.29324e-06
1.17286e-06
1.25582e-06
1.49211e-06
1.9225e-06
2.93959e-06
2.45145e-06
1.04382e-06
2.38707e-06
1.43088e-06
2.21735e-06
2.32605e-06
9.60966e-07
3.11644e-06
1.45586e-06
2.78307e-06
1.2649e-06
1.10163e-06
2.66054e-06
7.99436e-07
2.11904e-06
1.24186e-06
2.80549e-06
1.53134e-06
1.3713e-06
2.51379e-06
1.2064e-06
3.72704e-06
2.24401e-06
7.13271e-07
1.61983e-06
2.09384e-06
2.28678e-06
1.70436e-06
1.84574e-06
1.76453e-06
1.35645e-06
3.81391e-06
1.73865e-06
2.17545e-06
1.91794e-06
1.25037e-06
1.19092e-06
1.65318e-06
1.62153e-06
1.12433e-06
3.43175e-06
9.56108e-07
2.54768e-06
1.18234e-06
1.94423e-06
1.17961e-06
2.79705e-06
1.87117e-06
1.96019e-06
9.92057e-07
2.00106e-06
1.08578e-06
2.74456e-06
2.06925e-06
1.42916e-06
1.32142e-06
1.53198e-06
2.12439e-06
2.89511e-06
1.11835e-06
2.1482e-06
1.77177e-06
2.00329e-06
2.23576e-06
1.53955e-06
2.40024e-06
1.1561e-06
9.92013e-07
1.52508e-06
1.58404e-06
1.40528e-06
5.06042e-06
1.03125e-06
1.78419e-06
1.94729e-06
1.53232e-06
2.48488e-06
1.32608e-06
2.45601e-06
1.83415e-06
2.45007e-06
1.29653e-06
2.58674e-06
2.03938e-06
2.08529e-06
1.81835e-06
2.79825e-06
1.44932e-06
2.77736e-06
1.29914e-06
2.4271e-06
3.07091e-06
2.15856e-06
2.81202e-06
1.82437e-06
1.30477e-06
9.31422e-07
9.85852e-07
2.02346e-06
1.28384e-06
8.79507e-07
2.07883e-06
1.5317e-06
2.67828e-06
1.74559e-06
1.52425e-06
1.68792e-06
1.10422e-06
8.30291e-07
2.4488e-06
1.48201e-06
2.6157e-06
1.1642e-06
2.00575e-06
1.41382e-06
8.39357e-07
1.65945e-06
9.52122e-07
1.37999e-06
2.34708e-06
1.81588e-06
1.95344e-06
1.04092e-06
1.4817e-06
1.17206e-06
1.47749e-06
2.18352e-06
1.69968e-06
2.71308e-06
1.87552e-06
2.09447e-06
2.055e-06
1.58868e-06
1.11781e-06
1.39259e-06
1.42022e-06
1.47325e-06
1.96404e-06
1.72078e-06
2.01164e-06
1.79062e-06
1.61411e-06
3.12574e-06
8.38612e-07
1.48455e-06
1.69153e-06
8.87643e-07
1.81455e-06
2.40948e-06
1.35665e-06
5.90596e-06
1.71375e-06
1.24871e-06
1.6583e-06
1.53076e-06
1.68149e-06
1.10058e-06
1.28405e-06
1.45628e-06
1.589e-06
1.38836e-06
2.38989e-06
1.82409e-06
2.58197e-06
2.28587e-06
2.50211e-06
1.18478e-06
1.79706e-06
2.19233e-06
1.54886e-06
1.67814e-06
2.08716e-06
1.4774e-06
2.23499e-06
1.79374e-06
1.82328e-06
1.62509e-06
1.09568e-06
1.71077e-06
2.40906e-06
1.04832e-06
1.2426e-06
7.71435e-07
2.10554e-06
1.12009e-06
2.19942e-06
2.34874e-06
1.32461e-06
1.31268e-06
1.67404e-06
1.96073e-06
1.65025e-06
4.30994e-06
2.70403e-06
1.25562e-06
2.24721e-06
1.39738e-06
1.17738e-06
2.02828e-06
1.697e-06
1.93505e-06
1.68576e-06
2.45689e-06
1.28274e-06
2.25541e-06
1.78543e-06
2.27239e-06
2.78503e-06
1.07396e-06
9.28982e-06
2.09604e-06
1.56152e-06
1.21627e-06
1.22337e-06
1.67563e-06
3.919e-06
1.11842e-06
1.46702e-06
1.37177e-06
2.40322e-06
9.60701e-07
9.56055e-07
9.69637e-07
2.50178e-06
4.01421e-06
1.32178e-06
1.8412e-06
1.76717e-06
1.80155e-06
9.59681e-07
1.00626e-06
1.66343e-06
1.59437e-06
2.05098e-06
1.36991e-06
1.81102e-06
3.44935e-06
1.2345e-06
2.48231e-06
1.72178e-06
9.47984e-07
1.83139e-06
1.85767e-06
1.0155e-06
1.95043e-06
