3.91766
3.74649
4.62809
4.07404
3.86965
3.34817
4.05329
4.1821
4.23528
4.2246
3.69131
3.98999
3.82364
4.06931
4.22498
3.88586
3.3465
3.63516
4.22325
4.0071
4.56269
3.67096
4.81359
4.40618
3.83764
4.20709
4.57679
3.65344
3.92593
3.80055
3.92434
4.03959
3.83477
4.34496
3.92039
3.99682
3.94338
4.05192
4.09472
3.77491
4.98005
4.00568
3.62137
3.87872
4.04269
3.89827
4.38324
4.02442
3.71603
3.59866
3.74278
4.23561
4.04491
3.91753
3.9438
3.68336
3.99424
4.03444
4.15387
3.49037
4.55944
3.81586
4.25819
3.87149
4.96057
3.6589
4.15181
3.83526
4.47641
3.6404
3.76778
4.54468
3.44187
4.0574
4.04788
3.95239
4.14001
3.99684
3.69537
4.69941
3.87283
4.2908
3.46128
3.87945
4.53459
3.63307
3.87968
5.14115
3.96216
4.23552
3.68049
3.92102
3.55213
3.53997
3.75297
5.19279
3.87566
5.94799
3.55891
3.97409
4.7916
4.01589
4.25624
4.07988
3.45266
5.85902
4.14461
3.40147
5.48924
4.09145
3.77477
4.31425
3.64265
3.94703
3.74133
3.34947
4.02894
3.45203
3.9027
3.73993
3.59536
3.84026
3.69353
4.17542
4.26788
6.56136
3.87163
3.50977
3.37604
3.52733
4.42576
4.53488
3.57045
3.88696
4.07878
3.87621
4.63866
4.20701
4.45847
4.37993
3.9912
4.26902
4.9427
3.96396
4.71342
3.59201
4.46695
3.53609
3.3184
4.70076
3.96522
3.59133
4.22693
3.75744
3.25371
3.81129
3.93332
3.84812
3.90239
4.29176
3.8271
3.60973
4.37789
4.73053
4.21665
4.21033
3.64805
5.4152
3.86554
4.10797
3.689
3.33493
4.07754
3.78794
3.67576
4.02536
3.54167
3.56275
4.18585
4.26813
4.21647
4.00473
4.7
3.93957
3.75278
4.27359
4.09577
3.50063
3.43996
3.97507
3.47852
4.35869
3.85109
3.83306
3.66466
4.25382
4.19673
4.15126
4.17069
3.83514
4.4864
4.01958
4.26428
4.59838
4.716
3.79043
3.58791
3.30506
4.59543
4.24686
4.35299
3.44629
3.39745
3.9653
3.67486
3.85551
3.60494
3.90404
3.44911
3.78616
4.72218
3.99511
4.40411
3.91096
3.64274
3.6726
4.89704
3.86458
3.42841
4.34142
4.74841
3.59509
3.22033
4.02992
3.8051
4.18607
4.19752
4.262
4.03645
4.12229
3.75489
4.00727
3.55835
3.66152
3.69641
3.86117
4.22426
4.87405
5.09068
3.91845
3.56416
4.83798
3.5588
4.22919
4.29613
4.02556
4.58126
4.163
3.93892
4.69582
3.94262
4.0775
4.56833
3.98434
4.01964
4.46935
4.27629
3.76146
4.17094
3.90457
3.80399
4.03492
3.9548
4.10803
3.88208
3.75902
6.44354
4.02644
3.76021
4.4724
4.19175
3.81146
3.50093
4.0047
4.33652
4.11016
3.85571
4.32468
3.74949
3.88712
4.35202
4.35108
3.97472
3.72862
3.74649
3.94737
3.34683
3.87511
3.90283
4.00292
4.22248
4.70077
3.6168
4.0349
4.42386
4.21896
4.01034
3.7165
4.03796
4.34488
3.94108
3.92659
4.27403
3.75293
3.7776
3.74152
4.13562
4.58557
3.20411
3.47295
4.43357
3.5039
4.24676
3.96073
3.74242
4.48641
4.19791
3.61829
3.42984
3.78631
3.58248
4.00482
4.10824
4.54192
4.69631
3.61929
4.15074
3.88495
4.04805
3.78019
3.94433
4.13643
4.23077
4.13215
4.68854
4.18725
3.78272
3.99891
3.84313
4.11131
3.7657
3.67551
4.03623
4.15081
5.4641
4.34775
3.8627
4.21915
4.70411
4.47923
3.85882
4.3782
4.47776
4.01686
3.82585
3.85456
3.62293
4.16557
3.73541
3.45083
3.90882
4.15084
4.12911
3.48751
4.13572
4.13426
3.54561
3.70728
3.4856
4.1286
3.83694
3.95461
4.0202
3.7904
3.90317
4.21615
4.03268
3.9568
3.84408
4.12902
3.62778
3.45586
4.44168
3.77909
3.90054
3.60333
3.82324
4.06259
3.26467
4.28859
3.50301
3.85495
3.95519
4.41266
3.72075
3.72564
3.74011
3.9036
3.91552
4.26268
4.51847
4.50768
3.67448
3.73281
3.46425
3.66313
3.91401
3.51033
3.44683
4.25929
4.37829
3.92826
4.214
3.92918
3.87791
4.55194
3.92308
5.94019
3.97244
4.02056
4.08143
4.27216
3.85537
3.76632
4.75723
3.88514
4.22269
4.23452
4.41613
3.96408
3.9534
4.22823
5.10613
3.97375
3.64053
4.024
3.79108
5.20147
3.93345
4.44458
3.77936
4.61763
4.21399
4.18999
4.01688
4.13872
3.81846
4.96163
4.52123
4.48947
3.89764
3.74575
4.33766
4.02032
3.77343
3.81851
3.58381
4.3536
3.40665
3.93707
3.30027
4.13921
4.86882
3.54195
3.97922
3.81547
4.81198
3.803
3.51673
3.70077
5.73655
4.39647
4.10333
4.12311
4.56813
3.82672
3.45136
3.54676
4.19623
4.24711
3.91199
4.1778
4.0996
3.67758
4.03434
3.86712
4.37474
3.67524
4.07059
3.98671
