4.25517
3.6987
3.87475
3.30487
3.51304
3.60105
4.07274
4.06571
4.51543
4.18899
4.15752
2.9803
3.48365
3.68738
4.25256
4.4086
3.5421
3.57225
4.50894
4.28859
3.53631
4.18998
3.95603
4.26762
2.67965
4.86011
4.45606
3.36048
3.87795
3.84641
4.29343
3.64902
4.29827
4.04017
3.91924
3.88056
3.71408
3.98136
4.85804
4.16318
3.97159
4.30854
3.59248
3.75015
3.60905
4.6363
3.72463
4.19328
4.17647
3.97398
4.19804
4.20338
4.01454
3.82786
3.67326
4.1725
3.75667
3.68085
3.35217
3.77884
4.37106
4.36243
4.36676
2.94803
4.24966
4.21019
3.74727
4.1173
4.83232
3.67732
5.35554
4.16401
3.03302
4.53536
3.47881
4.21342
4.63088
4.47127
3.43218
4.02445
4.22737
3.37831
4.40146
3.63864
4.10595
3.68773
3.50014
5.78884
4.03934
3.84976
4.89519
4.33707
3.94646
4.88101
4.39102
3.53293
4.03497
3.91883
3.65344
3.45856
3.6949
4.81096
3.45345
3.90174
3.52953
4.18906
3.68727
4.31206
4.48688
3.21789
3.92463
4.25479
3.36608
4.6671
3.32552
3.52245
4.17764
3.67277
4.01824
4.40034
3.66438
4.20948
3.56847
3.38774
3.95031
4.26034
3.3546
3.94714
3.97574
3.94308
3.75819
4.75893
3.98885
3.66677
4.5641
3.57598
4.16155
4.26584
3.63239
3.6845
3.65519
3.32632
3.69204
4.04907
4.31629
4.06638
4.26749
3.62878
5.13268
4.37324
3.8476
3.82178
4.56433
4.5018
4.05336
4.22451
3.8821
3.8547
3.79822
4.283
3.62793
3.37428
4.44083
4.05907
3.72061
4.29467
4.1098
3.83554
4.11923
3.52998
3.51439
3.88287
3.55673
4.68902
4.351
3.47432
3.55995
5.19328
3.58689
3.70857
3.81617
3.88363
4.99889
3.72792
3.98708
3.86024
4.25558
3.86416
4.89906
4.04066
4.46229
3.4113
3.48502
3.64937
3.48464
4.30562
3.79212
4.19403
4.14823
3.76193
4.38562
3.73672
3.71505
4.60234
3.74087
3.31927
3.98798
4.39259
4.59545
3.9829
4.00301
4.35662
3.92908
3.62491
3.40671
3.88377
3.89736
4.78586
3.49534
4.90585
3.50576
3.38807
3.70046
4.2114
4.04654
4.19402
3.93557
3.51256
4.30191
4.15268
4.37911
3.95977
3.83793
3.21885
3.69886
4.44979
3.63157
3.40067
3.66345
3.9103
3.75927
4.56672
4.04048
3.34853
4.19703
4.44276
5.06214
4.47469
3.74947
3.57273
4.29801
3.77025
4.05208
4.23531
4.20401
4.37835
3.79557
4.22541
4.047
4.09178
2.92626
3.76645
4.43032
4.23628
3.50692
3.95899
4.06104
4.463
4.22931
4.24225
4.18279
4.85789
3.78101
3.39257
4.16569
3.45281
4.45029
3.59936
4.34665
3.6423
3.28889
3.72762
3.90249
3.70548
4.12895
4.35206
4.10378
4.65227
4.22153
3.74759
3.58193
3.33534
4.14318
3.70033
3.85182
3.57867
3.98541
4.14982
6.02074
4.23605
4.08772
3.78533
4.04732
3.36484
3.74017
3.77335
4.46898
4.09243
3.34531
4.53817
3.19951
3.60525
3.65196
3.3384
3.80257
3.77835
4.04129
4.43422
4.037
4.06992
3.27314
4.45409
3.89749
3.99333
5.8405
4.5969
4.44023
3.63932
3.71724
4.19241
3.46547
4.79941
3.57959
3.79156
3.54018
4.4285
3.43871
3.65583
4.2083
3.35007
4.90386
4.00581
3.59753
3.79862
5.03327
4.02608
3.94195
4.48057
4.02883
4.28178
3.61917
3.76923
3.52023
4.18119
3.91242
3.23265
4.45548
3.93203
3.49087
3.75948
3.58575
4.61596
4.27027
3.5878
4.27336
3.52996
3.58869
3.71287
3.7717
3.62911
3.75394
3.67373
3.22578
5.14702
3.19191
3.2982
5.08675
3.34355
4.04938
3.90142
3.80439
4.04393
3.61049
3.19673
4.7826
4.5547
3.90984
4.01429
3.47333
4.15362
3.74484
3.40295
3.99065
4.12037
4.22041
3.67377
4.25673
4.38633
3.20494
3.9249
4.05324
4.15943
3.80607
3.84996
3.64449
3.33239
4.30073
4.02482
4.07477
3.64581
4.18096
3.52464
4.45174
3.92682
5.05714
3.33689
3.66538
3.62716
4.22553
4.71642
4.05093
3.65044
4.30183
4.0624
3.34876
3.83297
5.44241
4.08707
5.1763
3.20081
5.30841
4.17453
4.26912
4.11574
3.9424
4.34048
3.67376
3.38426
4.26389
4.09867
4.91846
3.70474
3.8641
3.69654
4.24327
4.28372
3.4666
3.73038
3.88924
4.40593
4.40776
4.11528
4.51924
3.5984
3.49036
3.36175
4.17311
3.33653
3.63219
3.78658
4.52203
4.00075
4.18949
3.63446
4.11644
3.37072
3.35641
4.51877
3.56885
4.1228
3.37346
4.0059
5.9982
4.1313
4.43886
4.36503
5.55523
3.66803
3.92168
5.10602
4.38673
3.46847
4.30662
3.71562
3.65255
4.09366
4.26196
3.66574
3.82018
4.68343
3.59754
3.21854
3.53272
4.69958
4.00361
4.77469
3.29026
3.72833
3.91174
3.51529
