9.94818e-07
9.36174e-07
1.48069e-06
1.1169e-06
9.85991e-07
8.03428e-07
1.05289e-06
1.30594e-06
1.49727e-06
1.34261e-06
1.01703e-06
1.21292e-06
1.28236e-06
1.22402e-06
1.1878e-06
1.05506e-06
7.59767e-07
1.15493e-06
1.34593e-06
9.87928e-07
1.55563e-06
1.22864e-06
1.83054e-06
1.52686e-06
1.15383e-06
1.47267e-06
1.55812e-06
9.42863e-07
1.06831e-06
1.04577e-06
1.05106e-06
1.23044e-06
1.55376e-06
1.32299e-06
1.32821e-06
9.97083e-07
1.2509e-06
1.49756e-06
1.1436e-06
1.35585e-06
1.90979e-06
8.66848e-07
9.96354e-07
1.23255e-06
1.14291e-06
1.42113e-06
1.52878e-06
1.30405e-06
9.69034e-07
8.06763e-07
9.9561e-07
1.25008e-06
1.29956e-06
1.28703e-06
1.23102e-06
9.75697e-07
1.24449e-06
1.21537e-06
1.2489e-06
9.13351e-07
1.63271e-06
1.05783e-06
1.38258e-06
1.16196e-06
1.91313e-06
9.87452e-07
1.18936e-06
1.01559e-06
1.69649e-06
1.05612e-06
9.14713e-07
1.52621e-06
7.3894e-07
1.25296e-06
1.19891e-06
1.04941e-06
1.28056e-06
1.11104e-06
9.40058e-07
1.72456e-06
9.83144e-07
1.32922e-06
8.53468e-07
1.07591e-06
1.51863e-06
9.23952e-07
1.20788e-06
1.66894e-06
1.15625e-06
1.19718e-06
1.13525e-06
1.11711e-06
1.01434e-06
7.32409e-07
9.67176e-07
1.92481e-06
1.6692e-06
1.85148e-06
9.16819e-07
1.18403e-06
1.89762e-06
1.0413e-06
1.57957e-06
1.26986e-06
9.08542e-07
2.26961e-06
1.11463e-06
7.95447e-07
1.68022e-06
1.04383e-06
1.0456e-06
1.51087e-06
1.34201e-06
1.5061e-06
9.66084e-07
9.22583e-07
1.53781e-06
1.02848e-06
1.07994e-06
1.00502e-06
1.03924e-06
9.81684e-07
8.7848e-07
1.92449e-06
1.2135e-06
2.09765e-06
1.00038e-06
8.17677e-07
7.7143e-07
1.0674e-06
1.41088e-06
1.47209e-06
1.28286e-06
1.04462e-06
1.28374e-06
1.02484e-06
1.47935e-06
1.20778e-06
1.49188e-06
1.50316e-06
1.14357e-06
1.49902e-06
2.48752e-06
1.01807e-06
1.45063e-06
9.26776e-07
1.87827e-06
1.42165e-06
7.42878e-07
1.87884e-06
1.26189e-06
8.57859e-07
1.4188e-06
1.11123e-06
8.74037e-07
1.03197e-06
1.06735e-06
1.0175e-06
1.13314e-06
1.39583e-06
1.10821e-06
8.3808e-07
1.35501e-06
1.71192e-06
1.35168e-06
1.34494e-06
9.18527e-07
2.04736e-06
1.04372e-06
1.42758e-06
9.07084e-07
8.62685e-07
1.12384e-06
1.00214e-06
1.0342e-06
1.25302e-06
1.05475e-06
9.0929e-07
1.37447e-06
1.33871e-06
1.28914e-06
1.48929e-06
1.47535e-06
1.46709e-06
1.0511e-06
1.4138e-06
1.22086e-06
8.67717e-07
1.00645e-06
1.0933e-06
1.11345e-06
1.16594e-06
9.12113e-07
1.33496e-06
8.72323e-07
1.80127e-06
1.0605e-06
1.29966e-06
1.50498e-06
1.22471e-06
1.78226e-06
1.28321e-06
1.59191e-06
1.55548e-06
1.60564e-06
1.04485e-06
9.50235e-07
7.98704e-07
2.01423e-06
1.31963e-06
1.4798e-06
7.58611e-07
8.26315e-07
1.35126e-06
8.48715e-07
9.49273e-07
8.86989e-07
1.09147e-06
9.72652e-07
9.45802e-07
1.98002e-06
1.16e-06
1.37609e-06
1.13066e-06
1.02925e-06
1.05173e-06
1.42381e-06
1.0863e-06
8.21863e-07
1.4834e-06
1.79325e-06
9.03467e-07
7.30706e-07
1.2721e-06
1.07569e-06
1.26353e-06
1.3735e-06
1.19543e-06
1.22801e-06
1.26588e-06
9.51942e-07
1.26779e-06
8.1035e-07
1.30758e-06
1.09167e-06
1.08563e-06
1.44226e-06
1.91845e-06
2.02994e-06
1.15387e-06
9.25074e-07
2.0078e-06
8.10843e-07
1.31895e-06
1.43586e-06
1.10936e-06
1.46971e-06
1.2644e-06
1.06068e-06
1.77589e-06
1.02177e-06
1.77495e-06
1.30917e-06
1.05854e-06
1.29466e-06
1.53157e-06
1.27606e-06
1.07752e-06
1.2193e-06
1.0945e-06
1.08711e-06
1.10745e-06
1.22594e-06
1.23884e-06
1.07847e-06
9.51953e-07
3.07937e-06
1.10303e-06
1.02628e-06
1.29142e-06
1.34273e-06
9.34066e-07
9.37043e-07
1.06878e-06
1.38595e-06
1.31942e-06
1.14421e-06
1.46216e-06
9.50101e-07
1.06241e-06
1.25276e-06
1.52273e-06
1.44457e-06
1.01495e-06
1.42428e-06
1.12e-06
8.47695e-07
9.79491e-07
1.58432e-06
1.13529e-06
1.2628e-06
1.6836e-06
9.63622e-07
1.34365e-06
1.6551e-06
1.14471e-06
1.36727e-06
9.37904e-07
1.5019e-06
1.23014e-06
1.13023e-06
1.18948e-06
1.74926e-06
1.01159e-06
1.51628e-06
8.95576e-07
1.38231e-06
1.43279e-06
8.19078e-07
9.38089e-07
1.61774e-06
7.75682e-07
1.89277e-06
1.08562e-06
1.04389e-06
1.42989e-06
1.21792e-06
1.17253e-06
1.00541e-06
1.18392e-06
9.80054e-07
1.20984e-06
1.2209e-06
1.91757e-06
1.66924e-06
8.48377e-07
1.29619e-06
1.24328e-06
1.06584e-06
9.86439e-07
1.09716e-06
1.18363e-06
1.31424e-06
1.25549e-06
1.80614e-06
1.44841e-06
1.06207e-06
1.11483e-06
1.06015e-06
1.4377e-06
1.19942e-06
9.1844e-07
1.25948e-06
1.30265e-06
2.30809e-06
1.51882e-06
1.04184e-06
1.38021e-06
1.60224e-06
1.59109e-06
1.35524e-06
1.38411e-06
2.13967e-06
1.09708e-06
1.34436e-06
9.81785e-07
8.37796e-07
1.32391e-06
9.23544e-07
1.07542e-06
1.52658e-06
1.14901e-06
1.30524e-06
8.3542e-07
1.39112e-06
1.33936e-06
8.47989e-07
1.05542e-06
7.92927e-07
1.44872e-06
1.48161e-06
1.01404e-06
1.29192e-06
9.03957e-07
1.05358e-06
1.22213e-06
1.08321e-06
1.23691e-06
1.08632e-06
1.47838e-06
8.56172e-07
1.05354e-06
1.36639e-06
1.14418e-06
1.09657e-06
1.14189e-06
1.11474e-06
1.1054e-06
7.49329e-07
1.65427e-06
8.73182e-07
1.87481e-06
1.10769e-06
1.47359e-06
1.09798e-06
1.02607e-06
1.01405e-06
1.70878e-06
1.56789e-06
1.27187e-06
1.88077e-06
1.91451e-06
9.92685e-07
1.02177e-06
7.7678e-07
9.12103e-07
1.06926e-06
9.25608e-07
8.02286e-07
1.43892e-06
2.06512e-06
1.13615e-06
1.20538e-06
1.12472e-06
1.37457e-06
1.90144e-06
1.16821e-06
1.77434e-06
1.09579e-06
1.09462e-06
1.0584e-06
1.45745e-06
1.08321e-06
9.11685e-07
1.7817e-06
1.04436e-06
1.16714e-06
1.70786e-06
1.40155e-06
1.12478e-06
1.02314e-06
1.22388e-06
1.5374e-06
1.05136e-06
9.92214e-07
1.3139e-06
9.0497e-07
2.19746e-06
1.11096e-06
1.42472e-06
9.86637e-07
1.85328e-06
1.38511e-06
1.43916e-06
1.46589e-06
1.35269e-06
9.18346e-07
2.63955e-06
1.5196e-06
1.32659e-06
1.00099e-06
1.08403e-06
1.34393e-06
1.04982e-06
1.08055e-06
1.17078e-06
1.05082e-06
1.44445e-06
9.88423e-07
1.16772e-06
8.08439e-07
1.23083e-06
1.97959e-06
9.63186e-07
1.13487e-06
1.37338e-06
2.06696e-06
9.79989e-07
8.59921e-07
1.08914e-06
3.64009e-06
1.83865e-06
1.27723e-06
1.11594e-06
1.51719e-06
9.91671e-07
7.89654e-07
8.88181e-07
1.22262e-06
1.30012e-06
1.04375e-06
1.36979e-06
1.22418e-06
1.11671e-06
1.0891e-06
1.14823e-06
1.27903e-06
1.32984e-06
1.16405e-06
9.81876e-07
