3.40493
3.20283
3.98072
3.5167
3.27287
2.95048
3.4978
3.58477
3.62844
3.53956
3.20354
3.39484
3.30259
3.50459
3.49194
3.30257
2.87515
3.14799
3.61998
3.36579
3.93944
3.21354
4.05982
3.6767
3.36102
3.63282
3.92714
3.20352
3.37163
3.33118
3.47215
3.53411
3.30661
3.70627
3.31421
3.25958
3.36365
3.42708
3.53565
3.25961
4.20385
2.98244
3.11987
3.31952
3.41896
3.3924
3.7291
3.51694
3.16643
3.06159
3.18851
3.62122
3.52586
3.33796
3.35892
3.20833
3.47933
3.49856
3.50661
3.06963
3.7583
3.31591
3.69534
3.3151
4.13681
3.2471
3.53198
3.34813
3.87282
3.11451
3.20241
3.76863
2.96719
3.45458
3.49059
3.32475
3.57247
3.45687
3.2184
4.04142
3.27729
3.77918
2.9775
3.33119
3.84507
3.15274
3.41072
3.91386
3.45442
3.67193
3.16391
3.3727
3.09982
2.98805
3.27491
4.24354
3.32887
4.16597
3.10279
3.43747
3.94772
3.39079
3.7206
3.3711
2.98562
4.28792
3.50835
2.98622
4.06267
3.49011
3.2343
3.75639
3.10757
3.41738
3.16006
2.9306
3.35831
2.97367
3.42073
3.28087
3.1099
3.36754
3.16274
3.59996
3.4388
4.32052
3.36208
3.04167
2.88803
3.04422
3.74459
3.83832
3.07945
3.31658
3.53172
3.36162
3.8799
3.57771
3.90778
3.5842
3.43917
3.53818
4.3002
3.37866
3.87494
3.08219
3.82106
3.05768
2.90588
4.07266
3.33326
3.12131
3.56982
3.24183
2.81174
3.26297
3.37943
3.25405
3.33933
3.75139
3.3725
3.06212
3.80333
4.05969
3.63998
3.6086
3.14518
3.90707
3.26389
3.49646
3.20267
2.9076
3.54306
3.21326
3.20341
3.48195
3.00196
3.09377
3.61211
3.63653
3.6535
3.46281
3.87062
3.39703
3.25668
3.72192
3.50706
3.01443
2.97183
3.42841
3.04605
3.51765
3.26704
3.35627
3.15755
3.66594
3.43436
3.58981
3.57531
3.24269
3.71534
3.471
3.71609
3.84057
4.0478
3.26327
3.05459
2.78568
3.90323
3.60557
3.79251
2.94998
2.91965
3.47969
3.18184
3.30936
3.13455
3.26333
3.00721
3.24913
4.14767
3.46287
3.8228
3.40652
3.20329
3.1585
3.48314
3.18996
2.98758
3.6849
3.94774
3.14746
2.81526
3.57989
3.30987
3.61149
3.62762
3.49132
3.4028
3.61328
3.26197
3.37327
3.0575
3.08164
3.1257
3.41501
3.61537
4.17232
4.24771
3.42412
3.04864
4.06299
3.03178
3.62871
3.79334
3.42186
3.94312
3.65061
3.34914
3.92944
3.40246
3.51562
3.79915
3.40085
3.48958
3.8304
3.66745
3.26976
3.2642
3.38155
3.32282
3.50845
3.37674
3.57646
3.28785
3.30343
4.89229
3.31491
3.24248
3.52862
3.6344
3.22512
3.01946
3.41645
3.70065
3.60941
3.34636
3.60955
3.29275
3.33749
3.71571
3.73693
3.44276
3.20406
3.14738
3.48833
2.90122
3.36721
3.37606
3.42461
3.39426
4.0072
3.10713
3.41184
3.83357
3.56036
3.37785
3.19714
3.50889
3.58363
3.41807
3.32097
3.74885
3.1163
3.32758
3.21633
3.64663
3.90274
2.75481
3.0522
3.71204
3.0724
3.63296
3.47736
3.20961
3.75518
3.61629
3.06853
2.99828
3.24846
3.03627
3.49285
3.47199
3.85574
4.02257
3.1115
3.56857
3.32889
3.36107
3.2205
3.38643
3.53849
3.68373
3.58974
3.99509
3.50748
3.26417
3.4097
3.19909
3.61461
3.27581
3.13659
3.49749
3.65422
4.39331
3.53519
3.38194
3.63837
3.91043
3.89591
3.3111
3.66528
3.74219
3.51474
3.29729
3.30246
3.0746
3.6884
3.26351
2.92081
3.31089
3.52739
3.62359
2.96722
3.6122
3.59898
3.11697
3.24481
3.00653
3.50048
3.3292
3.46348
3.47832
3.23302
3.30702
3.49196
3.42695
3.38844
3.26574
3.457
3.11042
3.02553
3.5627
3.30858
3.40226
3.03446
3.31936
3.42151
2.81642
3.72103
3.06212
3.29497
3.44166
3.75436
3.19341
3.22967
3.25952
3.38596
3.33364
3.68045
3.83905
3.81038
3.11493
3.03993
2.94685
3.1311
3.36383
3.0173
2.99167
3.56501
3.78592
3.39189
3.49754
3.37534
3.3254
3.92201
3.43425
4.08685
3.48375
3.39438
3.46923
3.58887
3.38485
3.32118
4.08885
3.30405
3.48747
3.65284
3.72936
3.38037
3.35569
3.60795
3.92644
3.46824
3.13015
3.49852
3.20732
4.27984
3.34383
3.75565
3.11076
4.02648
3.64561
3.62312
3.41815
3.58252
3.18215
4.18423
3.74674
3.79205
3.33887
3.25329
3.70268
3.42557
3.28163
3.32742
3.01355
3.71931
2.88542
3.32527
2.8751
3.55559
4.26544
3.02056
3.4039
3.27272
4.10605
3.34778
3.063
3.22749
4.99014
3.66562
3.5282
3.51748
3.7895
3.23242
3.02075
3.06325
3.57924
3.68319
3.44733
3.62388
3.55806
3.04304
3.38331
3.35362
3.67331
3.15746
3.45657
3.41847
