2.84627
2.63955
3.30948
2.91613
2.71368
2.50785
2.90144
2.94656
3.00603
2.87828
2.67655
2.77631
2.74742
2.88431
2.80861
2.69834
2.36254
2.60907
2.9569
2.75144
3.2429
2.69136
3.33674
2.96547
2.83682
3.01961
3.2719
2.70477
2.80823
2.80291
2.95094
2.92137
2.73194
3.08272
2.73505
2.65365
2.76988
2.80848
2.93122
2.69106
3.41005
2.37635
2.59088
2.67763
2.79571
2.8402
3.04574
2.9639
2.57927
2.48782
2.66313
2.98057
2.93923
2.73041
2.75164
2.71209
2.9376
2.89929
2.85454
2.58368
2.97134
2.7738
3.06741
2.70771
3.32904
2.76893
2.90472
2.81425
3.2102
2.58945
2.63313
2.98766
2.46663
2.8397
2.89714
2.74986
2.93937
2.88355
2.6969
3.31428
2.66869
3.19203
2.45661
2.72089
3.10091
2.63939
2.89165
3.09308
2.85938
3.07508
2.64399
2.7856
2.60186
2.42336
2.74579
3.32506
2.71482
3.28143
2.59124
2.88895
3.14055
2.75475
3.12869
2.73959
2.49398
3.24477
2.85171
2.51412
3.19359
2.8557
2.66013
3.15484
2.55683
2.86402
2.58718
2.45425
2.7107
2.44341
2.89192
2.75634
2.59769
2.84357
2.61788
2.95844
2.74429
3.36178
2.8255
2.54451
2.35924
2.54741
3.04623
3.11774
2.55013
2.71098
2.93109
2.79895
3.09834
2.95418
3.26863
2.81464
2.83318
2.79399
3.57311
2.80933
3.16313
2.5199
3.13191
2.55026
2.44182
3.30812
2.70473
2.61456
2.86388
2.67768
2.33119
2.69416
2.81842
2.64211
2.67674
3.16119
2.87813
2.48986
3.1862
3.32516
3.00207
2.97539
2.60945
2.99216
2.62492
2.85571
2.70073
2.43706
2.95632
2.62536
2.68354
2.90448
2.45179
2.59203
2.96164
2.95753
3.04793
2.89998
3.05439
2.8165
2.7509
3.11191
2.90574
2.49479
2.45189
2.8421
2.54473
2.82904
2.70156
2.80985
2.62031
3.04589
2.76952
2.97438
2.91867
2.66519
2.96714
2.89726
3.09208
3.08322
3.34466
2.6729
2.54672
2.26551
3.23105
2.96744
3.17614
2.4277
2.3969
2.93462
2.65339
2.73807
2.62812
2.67787
2.51101
2.70455
3.4693
2.88452
3.1862
2.85394
2.71898
2.62389
2.75058
2.61443
2.4937
3.01351
3.11432
2.65898
2.36884
3.06891
2.77808
2.99139
2.99744
2.86119
2.75347
3.03398
2.70876
2.73633
2.53769
2.47134
2.54071
2.9098
2.97551
3.39997
3.4437
2.8811
2.50116
3.3817
2.52242
2.99141
3.21002
2.83182
3.27244
3.05969
2.7671
3.15197
2.8608
2.91787
3.03139
2.75856
2.9082
3.15876
3.00575
2.73377
2.5447
2.81572
2.78377
2.96129
2.79182
3.01009
2.66221
2.79357
3.79333
2.75254
2.66747
2.89099
3.01336
2.66094
2.49786
2.8529
3.03173
3.04681
2.81061
2.89185
2.79535
2.77816
3.06704
3.07465
2.88415
2.64829
2.55222
2.96692
2.43078
2.81527
2.81019
2.84977
2.68357
3.29882
2.58021
2.76227
3.15181
2.93551
2.76436
2.66454
2.92863
2.90579
2.86426
2.7033
3.13543
2.46188
2.82212
2.66179
3.079
3.17877
2.2816
2.58521
2.9959
2.61497
2.96928
2.94187
2.64626
3.00994
3.01509
2.50491
2.52406
2.66225
2.48534
2.92056
2.81357
3.13788
3.2434
2.58792
2.93263
2.72659
2.67447
2.61507
2.82205
2.90766
3.07173
2.97909
3.31326
2.83054
2.74177
2.78398
2.58644
3.04959
2.75159
2.5472
2.90789
3.09817
3.43425
2.82606
2.85999
3.01701
3.16385
3.24712
2.73487
2.96514
3.02921
2.9616
2.73447
2.72049
2.53339
3.11721
2.7464
2.39818
2.71587
2.89238
3.00918
2.4423
3.0264
3.00101
2.65222
2.72506
2.48687
2.90686
2.76254
2.91953
2.8964
2.62598
2.69816
2.79298
2.81737
2.78597
2.64822
2.78174
2.56922
2.56225
2.9435
2.78963
2.84061
2.46773
2.76444
2.76063
2.32269
3.08165
2.57603
2.71848
2.90582
3.07719
2.62686
2.68895
2.73486
2.84755
2.71528
3.07386
3.11696
3.07735
2.52111
2.37723
2.41234
2.58203
2.7925
2.47035
2.49756
2.88751
3.15091
2.81246
2.77945
2.7917
2.72778
3.24621
2.89433
3.03894
2.95723
2.74872
2.85698
2.94108
2.85146
2.82125
3.33595
2.70147
2.88008
3.02331
3.02114
2.78485
2.77186
2.99668
2.97844
2.91946
2.59459
2.92881
2.6597
3.38339
2.71181
3.07003
2.512
3.33009
3.035
3.00414
2.81547
2.98299
2.5755
3.34452
3.01901
3.09782
2.76152
2.73222
3.04831
2.81664
2.72975
2.8001
2.46604
3.02342
2.3611
2.70185
2.42386
2.92731
3.61247
2.50606
2.80554
2.67582
3.33279
2.83942
2.56495
2.73006
4.07739
2.93882
2.90913
2.88735
3.06733
2.63663
2.5426
2.55208
2.95804
3.05579
2.92888
3.01614
2.96904
2.46572
2.76793
2.78571
2.97078
2.61535
2.8189
2.80011
