3.36602
3.16271
3.93299
3.47447
3.23232
2.92032
3.45621
3.54077
3.58512
3.49157
3.16696
3.3511
3.26375
3.46174
3.44071
3.25991
2.83948
3.11097
3.57386
3.3211
3.89128
3.17846
4.00745
3.62404
3.32494
3.59011
3.88063
3.16938
3.33124
3.29512
3.43711
3.49392
3.26637
3.66146
3.27207
3.21324
3.32136
3.38239
3.49325
3.22038
4.14677
2.93258
3.08296
3.27616
3.37466
3.35414
3.68045
3.4785
3.12557
3.02157
3.15022
3.57572
3.48603
3.29519
3.31603
3.17346
3.4414
3.45751
3.45982
3.03695
3.70026
3.27813
3.65225
3.27292
4.07706
3.21516
3.48707
3.31154
3.82662
3.077
3.16169
3.71168
2.93203
3.41079
3.44908
3.28287
3.52905
3.41694
3.18248
3.9906
3.23383
3.73966
2.94113
3.28923
3.79272
3.11693
3.37524
3.84817
3.41467
3.63012
3.12694
3.33154
3.0656
2.94776
3.23844
4.17508
3.28691
4.08437
3.06786
3.399
3.8873
3.34564
3.68019
3.32424
2.95116
4.19351
3.46162
2.95421
3.98811
3.44493
3.19377
3.71436
3.0683
3.37865
3.1188
2.89827
3.31161
2.9371
3.38425
3.24532
3.07401
3.3316
3.124
3.55613
3.38687
4.22173
3.32442
3.00687
2.85106
3.00902
3.6943
3.78652
3.04261
3.27395
3.49017
3.32253
3.8236
3.53253
3.86498
3.52709
3.39721
3.48452
4.25029
3.33706
3.8214
3.04311
3.77287
3.02207
2.87413
4.02237
3.28813
3.08627
3.52008
3.20262
2.77849
3.22249
3.33929
3.21073
3.29467
3.71075
3.33842
3.02156
3.76048
4.00887
3.59607
3.56423
3.10779
3.8264
3.21877
3.45124
3.16718
2.87513
3.50233
3.17146
3.16755
3.44169
2.96241
3.05868
3.56781
3.58865
3.61147
3.42303
3.81068
3.35638
3.22089
3.67967
3.46412
2.97826
2.93605
3.3874
3.01246
3.4649
3.226
3.3196
3.11982
3.62232
3.38388
3.54747
3.52982
3.20199
3.65897
3.43023
3.67391
3.78548
3.9979
3.22265
3.01742
2.74863
3.856
3.55949
3.75024
2.91309
2.88348
3.44239
3.14483
3.26905
3.09935
3.22055
2.97349
3.21017
4.10209
3.42284
3.77882
3.36838
3.17001
3.12068
3.41621
3.14772
2.95378
3.6376
3.88753
3.11383
2.78461
3.54522
3.27279
3.5681
3.58432
3.44368
3.35601
3.57413
3.22428
3.32796
3.02078
3.03878
3.08418
3.38088
3.57054
4.11855
4.1891
3.387
3.01015
4.01152
2.99513
3.58415
3.75429
3.3789
3.89599
3.61059
3.30679
3.87288
3.3637
3.47409
3.74303
3.35606
3.44951
3.78315
3.62122
3.23245
3.20656
3.34228
3.28606
3.46972
3.33549
3.53736
3.24383
3.2686
4.79819
3.27279
3.20252
3.47829
3.59156
3.18428
2.9832
3.37521
3.65278
3.57109
3.30858
3.55786
3.2583
3.29774
3.6693
3.69068
3.40374
3.16582
3.10422
3.45303
2.86827
3.32911
3.33662
3.38328
3.34004
3.95697
3.07024
3.36565
3.78744
3.51428
3.33438
3.15925
3.46897
3.53228
3.37923
3.27716
3.70755
3.06934
3.29307
3.17707
3.60865
3.85185
2.72132
3.02011
3.66002
3.04044
3.58665
3.4406
3.17018
3.70159
3.57384
3.02831
2.96571
3.20776
2.99696
3.454
3.42528
3.8045
3.96923
3.07415
3.52463
3.28683
3.31102
3.17833
3.34641
3.49393
3.64157
3.54788
3.94578
3.45826
3.22667
3.36539
3.15402
3.57633
3.23932
3.09596
3.45695
3.61614
4.318
3.48199
3.34586
3.59522
3.85485
3.85138
3.27029
3.61454
3.68966
3.47677
3.25793
3.26165
3.03574
3.65062
3.22817
2.8832
3.26852
3.48192
3.58323
2.92981
3.57204
3.55801
3.08479
3.20931
2.9704
3.45744
3.29041
3.42602
3.43738
3.19098
3.26344
3.44028
3.38302
3.34615
3.22234
3.40804
3.0724
2.99342
3.51579
3.27305
3.36402
2.99344
3.28101
3.37445
2.78218
3.67754
3.02865
3.2541
3.40414
3.70588
3.15392
3.19234
3.22358
3.34865
3.29001
3.6377
3.78805
3.75832
3.07295
2.99038
2.90864
3.09217
3.32384
2.97965
2.9574
3.5154
3.74246
3.35176
3.44523
3.3339
3.28365
3.87458
3.39724
3.9845
3.44708
3.34855
3.42519
3.54141
3.34865
3.28722
4.03715
3.26087
3.44142
3.60875
3.67887
3.33762
3.31374
3.56415
3.85028
3.43003
3.09274
3.45922
3.16723
4.21451
3.29915
3.70603
3.06594
3.97996
3.60327
3.58034
3.37472
3.54078
3.13768
4.12494
3.69394
3.7413
3.29809
3.21701
3.65605
3.382
3.24402
3.29052
2.97389
3.67066
2.8477
3.28079
2.84351
3.51144
4.21981
2.98337
3.36149
3.23119
4.05219
3.31331
3.02874
3.1928
4.92939
3.61268
3.48488
3.47279
3.73608
3.18956
2.98801
3.02739
3.53446
3.64028
3.41205
3.58162
3.51726
3.00012
3.33771
3.31441
3.62255
3.11913
3.41099
3.37586
