4.00584
3.84278
4.7428
4.1695
3.99075
3.41833
4.15127
4.29353
4.35261
4.35778
3.77667
4.09642
3.9159
4.16656
4.36051
3.99134
3.42864
3.72003
4.3261
4.13061
4.66756
3.7506
4.96108
4.5345
3.92056
4.30923
4.69881
3.73186
4.02577
3.88133
4.00138
4.12375
3.92516
4.46733
4.03692
4.15194
4.04776
4.16634
4.19027
3.86352
5.11857
4.27332
3.71221
3.97461
4.16544
3.98587
4.49702
4.11245
3.81413
3.69503
3.84929
4.34383
4.13437
4.0212
4.04977
3.76971
4.08758
4.1262
4.27175
3.56202
4.70252
3.90272
4.35455
3.96756
5.1032
3.72923
4.2652
3.92182
4.5785
3.7389
3.87197
4.67915
3.52701
4.16646
4.14776
4.0884
4.2376
4.09518
3.7796
4.80988
3.98031
4.37855
3.54612
3.97393
4.65253
3.7187
3.96203
5.42275
4.04777
4.33575
3.77799
4.01606
3.6309
3.64071
3.83523
5.35983
3.96935
6.31145
3.63719
4.07646
4.9404
4.13194
4.35189
4.22663
3.53707
6.14217
4.25853
3.47274
5.78427
4.19513
3.86871
4.41087
3.7383
4.04432
3.85347
3.42122
4.15933
3.53405
3.98767
3.81802
3.68238
3.92227
3.78955
4.27823
4.45662
6.94261
3.96289
3.59291
3.46055
3.61517
4.54601
4.65505
3.65651
3.98667
4.17304
3.96488
4.77177
4.32212
4.55273
4.52287
4.08669
4.3982
5.05023
4.07251
4.89256
3.67884
4.58305
3.62109
3.38886
4.80466
4.08309
3.67548
4.33972
3.84643
3.33263
3.90822
4.03401
3.95823
3.99519
4.38681
3.90761
3.70724
4.47978
4.84802
4.31737
4.31875
3.73785
5.71568
3.97085
4.21658
3.77793
3.40925
4.16929
3.89228
3.75742
4.12308
3.6383
3.64509
4.28314
4.37586
4.31617
4.10248
4.8476
4.03456
3.84457
4.36746
4.20181
3.58786
3.52114
4.07144
3.55248
4.54121
3.96357
3.91544
3.75445
4.35814
4.34761
4.25018
4.27264
3.95905
4.61884
4.11596
4.35882
4.73508
4.83246
3.88039
3.68925
3.40443
4.74036
4.36519
4.45184
3.53429
3.48101
4.04848
3.76132
3.95315
3.68796
4.03895
3.52626
3.88394
4.81631
4.08936
4.50626
3.99924
3.71948
3.76532
5.20364
4.03119
3.50444
4.4636
4.88371
3.67433
3.29161
4.10697
3.8926
4.28526
4.29707
4.43326
4.14671
4.20929
3.83999
4.12825
3.64923
3.766
3.80029
3.93881
4.33365
4.99403
5.25402
4.0066
3.65515
4.99187
3.66288
4.33797
4.38149
4.13711
4.69551
4.24895
4.04628
4.8298
4.0425
4.18014
4.70388
4.08317
4.11206
4.58346
4.38087
3.84658
4.35042
3.99669
3.8873
4.12875
4.06688
4.20497
3.98941
3.83753
6.72133
4.20392
3.84734
4.70814
4.28681
3.92501
3.58578
4.11673
4.44464
4.19632
3.94567
4.4557
3.82946
3.9883
4.46709
4.45758
4.07116
3.82731
3.85685
4.02641
3.42692
3.96475
3.99622
4.11057
4.39327
4.83066
3.7125
4.14473
4.52285
4.34252
4.13958
3.81003
4.13041
4.49041
4.03426
4.0386
4.36145
3.86606
3.85486
3.83317
4.2185
4.70588
3.28319
3.54582
4.56292
3.58135
4.35426
4.04462
3.83863
4.61629
4.30376
3.71755
3.50599
3.87952
3.68429
4.09451
4.22374
4.66043
4.80628
3.70981
4.25268
3.98097
4.16992
3.87824
4.051
4.24095
4.32363
4.2241
4.81633
4.30923
3.87784
4.10155
3.96508
4.19623
3.85281
3.77015
4.13129
4.23549
5.64943
4.51369
3.94781
4.32393
4.84985
4.57886
3.95443
4.50926
4.61134
4.10528
3.91951
3.95433
3.72838
4.24485
3.82004
3.55145
4.02358
4.26349
4.21247
3.58377
4.22494
4.22659
3.62111
3.78706
3.56947
4.26026
3.92453
4.03921
4.11361
3.88825
4.0098
4.34616
4.14207
4.05793
3.94487
4.25057
3.72234
3.53229
4.67558
3.86185
3.9862
3.70684
3.91045
4.17821
3.34174
4.38617
3.57986
3.95714
4.04888
4.52873
3.81348
3.81313
3.8263
4.00391
4.01715
4.36714
4.63549
4.62841
3.77182
3.85847
3.55579
3.75906
4.01593
3.59552
3.52671
4.38568
4.48823
4.02315
4.34299
4.02484
3.97392
4.66027
4.0089
6.26357
4.05803
4.13533
4.19482
4.40511
3.93587
3.84381
4.86997
3.98622
4.38475
4.33448
4.53812
4.06831
4.06884
4.34431
5.33024
4.06138
3.73399
4.11784
3.90606
5.372
4.03432
4.56953
3.91434
4.71624
4.31586
4.28838
4.12485
4.23651
3.93968
5.09266
4.68044
4.61338
3.99988
3.83543
4.45161
4.12725
3.85838
3.90411
3.6946
4.46098
3.50235
4.04831
3.37632
4.23925
4.97287
3.63919
4.0818
3.90791
4.93231
3.88362
3.5964
3.78752
5.85475
4.52652
4.20288
4.23132
4.72094
3.93641
3.52635
3.63324
4.30657
4.34473
3.99332
4.27267
4.19442
3.80439
4.15574
3.95543
4.50221
3.7669
4.1785
4.08836
