3.17172
2.79385
2.72452
2.53517
2.64394
2.66559
2.97711
2.8105
2.88395
2.82799
3.00436
2.05131
2.59364
2.7862
3.12416
3.12
2.7443
2.61599
3.0711
3.11759
2.66103
3.0649
2.90137
3.14777
1.84833
3.19581
3.22385
2.48886
2.76465
2.84047
3.03724
2.72616
3.05151
2.78537
2.82461
2.96101
2.75623
2.88123
3.32945
3.11433
2.72209
3.16118
2.47715
2.74883
2.71892
3.16808
2.77436
3.08498
3.03778
2.91396
2.80846
3.05132
2.73924
2.74513
2.62194
2.98428
2.76378
2.76419
2.45466
2.84954
3.06196
2.77932
3.24278
2.19971
2.66854
3.08298
2.72304
2.61514
3.27418
2.74302
2.95122
3.07546
2.22622
3.14559
2.5398
3.11264
3.43272
3.14049
2.52676
2.89389
3.04193
2.51804
3.031
2.60361
2.9004
2.5329
2.58513
3.41072
3.01315
2.741
3.3422
3.19926
2.89581
2.58559
3.10361
2.69653
2.829
2.8397
2.71676
2.612
2.66225
3.51716
2.50194
2.71584
2.59888
3.08275
2.6092
3.20934
3.24103
2.23969
2.79134
2.8861
2.48846
3.25485
2.38643
2.68134
3.117
2.75378
2.91421
3.18407
2.63814
3.00585
2.62691
2.36845
2.71785
3.13351
2.52324
2.92347
2.93051
3.01691
2.74425
3.30468
2.83019
2.71921
3.30238
2.60232
3.10006
3.08169
2.67794
2.61417
2.59152
2.40587
2.6481
3.05943
3.10176
2.8072
2.86218
2.69245
3.7767
3.09549
2.90327
2.79134
2.89873
3.00488
2.868
2.83183
2.95426
2.64601
2.62407
3.13559
2.68837
2.58714
3.06111
2.97912
2.70174
3.17341
3.01582
2.67052
2.78798
2.55165
2.44006
2.71544
2.5433
3.23448
3.08412
2.58451
2.61116
3.0438
2.62595
2.59873
2.87883
2.87501
3.52489
2.64248
2.80405
2.95569
3.15313
2.8088
3.34777
2.95048
3.09512
2.46182
2.52542
2.48125
2.4391
3.03454
2.71778
3.17342
2.92817
2.72211
3.09745
2.81908
2.70196
3.25176
2.73225
2.45281
2.6782
3.26164
2.8176
2.73986
2.77567
3.09499
2.89859
2.68132
2.34084
2.84929
2.88445
3.31688
2.52489
3.47751
2.59164
2.40833
2.71266
2.98598
3.05419
2.96025
2.89104
2.59484
3.1629
2.89476
3.1202
2.94901
2.75937
2.39326
2.69756
3.31203
2.72787
2.42963
2.69558
2.87875
2.733
3.43735
3.09713
2.46556
2.89479
3.02812
3.47103
3.0126
2.79649
2.61644
3.03924
2.7171
2.84192
3.08534
3.01196
3.06731
2.97977
3.14312
2.96461
2.82832
2.13611
2.75808
3.05173
3.08326
2.54554
2.95166
2.91646
3.22503
2.99019
3.07998
3.05738
3.56113
2.72978
2.71872
2.92807
2.39266
3.26303
2.63811
3.1566
2.65839
2.51409
2.53224
3.00976
2.74867
2.88103
3.21016
2.81027
3.21534
3.25099
2.77318
2.57854
2.45148
3.14722
2.78254
2.86068
2.68004
2.69603
2.97828
3.36989
2.97841
2.99023
2.77845
2.82293
2.41576
2.66174
2.84757
3.39942
2.89078
2.51231
3.10555
2.19935
2.72028
2.66188
2.2695
2.75734
2.61986
2.92008
3.19272
2.77832
3.03329
2.48125
2.94177
2.71918
2.82812
3.41955
3.2631
3.23724
2.69049
2.67752
3.08274
2.52127
3.05675
2.60983
2.7869
2.641
3.23684
2.62574
2.51332
3.07168
2.38842
3.31177
2.88057
2.6138
2.77751
3.22049
2.77073
2.8964
3.31209
2.95689
3.01221
2.61892
2.67018
2.64348
3.01025
2.94609
2.34315
3.2175
2.82628
2.55229
2.66271
2.72347
3.13422
3.18248
2.59049
3.11674
2.64793
2.60816
2.8208
2.65497
2.57008
2.69409
2.59182
2.34274
3.2954
2.27083
2.41311
3.50264
2.45811
2.85171
2.76836
2.79748
2.92278
2.66044
2.33598
3.37358
3.29843
2.82136
2.61183
2.53648
2.99343
2.74658
2.51585
2.63704
2.878
2.94421
2.68461
2.86976
3.03029
2.37618
2.99143
2.82871
3.09058
2.81935
2.75656
2.71503
2.42518
3.01852
2.96787
2.95473
2.62447
2.78488
2.57896
3.30246
2.89595
3.43444
2.39662
2.70056
2.58648
2.95663
3.46766
2.9335
2.63241
3.21751
2.89829
2.47105
2.8137
3.80026
2.79152
3.47767
2.2117
3.17372
2.94153
3.01746
2.9931
2.92153
3.19858
2.67542
2.37288
2.90436
3.0446
3.5336
2.65348
2.71017
2.593
3.20248
3.22539
2.62339
2.52432
2.81263
3.20575
3.30257
2.81774
2.96832
2.66321
2.56743
2.43386
2.89157
2.47382
2.69345
2.87115
3.22209
2.90521
3.12139
2.70996
2.5827
2.45226
2.42736
3.37158
2.60414
2.9225
2.5285
2.86539
2.83235
2.82743
3.08767
2.98086
3.45195
2.6439
2.88692
3.55427
2.99282
2.50923
3.00342
2.57116
2.66504
2.97107
3.08432
2.74259
2.65866
2.8193
2.6037
2.41806
2.57617
3.10552
2.70811
3.29625
2.45754
2.6213
2.89792
2.47049
