6.78716
7.87062
6.8097
6.24696
6.53176
6.104
8.13577
6.51939
9.12917
8.78134
6.62489
6.40954
6.25165
7.87124
7.35709
7.04877
6.80262
6.72846
7.42714
6.89903
7.54239
6.6289
6.97202
7.08533
7.28274
8.88081
7.59444
7.75681
6.8528
6.73848
7.3351
6.01303
8.17233
6.604
6.33915
6.80798
7.91827
8.97907
8.41809
6.51646
8.02157
6.84227
7.19484
7.55267
6.14761
7.80401
7.05159
5.76932
6.71792
6.93994
8.66706
8.12462
5.59438
8.09461
8.38018
6.58799
6.6288
6.0195
7.22318
7.54808
8.86175
7.21254
6.31123
7.71895
8.41831
5.46793
8.77312
8.38436
6.7902
5.82705
7.81408
5.56942
6.18739
7.0525
7.371
7.64597
7.78571
7.89218
7.86262
6.95373
8.02099
6.77828
5.7948
7.45784
6.2297
6.80096
7.46756
6.18512
6.83594
7.57987
9.66385
7.80137
9.3719
6.68422
6.8473
8.82744
8.06961
9.5917
6.64698
6.88003
6.64483
7.98182
7.538
7.44142
7.55864
7.02136
8.35167
7.04188
7.73715
9.18537
6.91077
9.06056
7.32158
7.4147
6.68627
5.86777
6.63613
6.00541
6.44974
7.50728
8.14769
7.55418
7.13317
6.42669
7.20675
6.97652
7.32212
5.8712
6.40267
6.84546
6.65422
6.85878
6.57904
7.95183
6.16803
7.37801
8.30757
7.85999
7.61572
7.81621
5.77143
5.76148
8.10863
7.22481
6.32354
8.08707
6.08408
7.41349
6.67742
10.5803
5.86029
6.85215
7.84756
7.92648
8.05812
6.76584
7.92263
7.93329
5.28636
6.2965
7.84127
7.27856
5.99377
6.44002
6.8048
8.8539
9.78069
7.79306
5.97874
8.92738
7.86802
8.8415
8.197
6.6362
7.39108
6.73026
6.04453
6.7756
7.07044
9.03202
5.58246
6.77701
5.46787
8.64334
6.84792
7.21939
6.39396
6.46225
6.00115
7.02
6.62732
6.72315
7.07467
8.05462
7.04505
5.72077
5.99265
10.1797
6.4617
8.68117
6.44171
5.42074
7.89165
6.95569
8.09929
7.15976
6.84726
9.6631
7.65246
7.86808
8.65525
7.78903
9.58836
6.67539
7.35522
6.62486
7.09585
6.6453
6.6917
5.65929
8.29279
6.08121
7.92542
6.22574
5.52094
10.1097
7.57395
6.57988
7.25179
8.36613
9.53217
6.73337
6.52438
6.17947
6.92545
6.82722
8.58419
6.87718
6.44116
7.55149
6.92995
8.75025
7.21082
6.7052
8.35358
6.23966
8.29809
6.91135
7.24933
6.73872
7.12938
6.51865
6.24493
7.85884
8.02457
7.36771
6.85077
9.01592
6.8541
9.10508
7.52522
6.78603
8.57201
7.16476
8.20908
6.57591
5.63457
8.65628
6.40368
7.4174
5.96907
8.08773
6.85039
6.14314
8.31441
6.35664
9.24623
8.6977
5.45437
6.52808
7.11224
7.11388
8.42041
7.69261
7.27924
6.65649
8.8506
7.35708
7.59212
7.6637
6.71993
6.43853
6.84591
6.99518
6.80012
9.37997
6.8549
7.49398
6.69113
8.62897
6.40513
7.62822
7.76049
6.67699
6.06196
6.876
6.57734
7.46137
7.29143
6.39096
6.69619
9.55627
8.33242
8.70973
6.22263
5.88948
8.43174
6.56649
8.30765
6.83736
6.75102
5.99814
7.13242
6.7067
7.48732
6.10779
9.88396
6.82163
7.56061
6.93832
6.74069
8.06523
6.39264
7.56563
6.33187
7.76868
7.42237
6.63663
8.03019
9.85419
9.01584
8.19358
6.91369
8.3823
6.47621
8.37497
8.48114
7.45018
7.25664
7.31875
6.87037
6.49307
6.32548
7.5792
6.62292
5.94323
7.47632
6.80271
7.05151
7.35412
6.98254
6.399
7.05456
5.9443
7.50161
7.57749
8.00498
6.14887
6.68979
7.01063
6.78654
6.99379
5.7909
7.07757
10.2883
7.11188
7.62591
6.04569
6.82873
7.10968
6.68547
7.65802
8.84694
7.51432
6.98196
7.91808
7.24667
6.63026
7.867
6.98076
6.54995
7.02828
7.3227
8.06635
7.9181
7.38193
6.95563
6.96445
6.24122
6.44006
7.28271
6.31073
6.74663
7.04285
5.67544
8.51255
6.89957
6.90487
7.35404
8.58045
6.32537
6.70947
7.83547
7.58384
7.44529
7.62481
7.84596
8.6062
8.83286
7.8784
6.80765
6.53668
8.11919
7.87234
6.83307
5.7306
6.32908
6.54788
8.5901
6.97751
7.74135
6.63336
6.22826
6.92346
7.70666
6.87194
9.16681
6.47594
8.28021
6.23317
7.29116
7.68539
6.53465
7.32839
8.06906
9.26632
6.98689
9.01837
7.24573
6.45102
6.81705
8.21159
6.5075
7.56904
7.4021
7.46197
7.41476
6.79421
8.13007
8.516
6.83426
7.61561
7.85169
7.83048
10.9424
7.49822
6.90167
6.13104
7.11358
7.6934
10.2116
7.64923
7.18103
7.01711
6.55772
7.07222
7.10202
6.08501
8.0258
7.44634
6.77548
7.85547
6.8522
8.84643
5.90587
6.75481
6.17413
7.36753
7.3385
7.26112
6.17171
9.92755
6.6173
7.85932
6.55597
6.2358
7.0549
7.25234
7.3036
7.70974
