3.94754
3.77903
4.66686
4.10642
3.90988
3.37183
4.08638
4.21939
4.27443
4.26899
3.72019
4.02593
3.85479
4.10226
4.27069
3.92142
3.37427
3.66385
4.25813
4.04844
4.5983
3.69786
4.86282
4.4497
3.86568
4.24156
4.6177
3.67995
3.95961
3.82788
3.95044
4.06815
3.86541
4.38594
3.95942
4.04854
3.9786
4.09049
4.12714
3.80493
5.02679
4.09414
3.65196
3.91116
4.08347
3.92793
4.4218
4.0542
3.74913
3.63111
3.7785
4.27222
4.07518
3.95252
3.97949
3.7124
4.02565
4.06553
4.19359
3.51464
4.60781
3.84525
4.29084
3.90403
5.00907
3.68272
4.18997
3.86445
4.51107
3.67346
3.80283
4.59035
3.47056
4.0942
4.08151
3.99699
4.17306
4.02987
3.72379
4.73693
3.90908
4.3205
3.48995
3.91142
4.57459
3.66194
3.90749
5.23568
3.99119
4.26935
3.71315
3.95322
3.57878
3.57385
3.78083
5.24946
3.9074
6.07331
3.58542
4.00829
4.84208
4.05485
4.28844
4.12862
3.48107
5.95608
4.18306
3.42559
5.58984
4.1266
3.80658
4.34697
3.67495
3.97971
3.77872
3.37376
4.07254
3.47982
3.93135
3.76639
3.62471
3.868
3.72589
4.20995
4.32991
6.69517
3.9024
3.53784
3.40464
3.55691
4.46641
4.57566
3.59955
3.9207
4.11071
3.90624
4.68368
4.24578
4.49035
4.42826
4.02352
4.31274
4.97923
4.00047
4.77285
3.62145
4.506
3.56478
3.34227
4.73602
4.00482
3.61968
4.26517
3.78757
3.28026
3.84406
3.96726
3.88503
3.93394
4.32387
3.85427
3.64264
4.41229
4.7702
4.25065
4.24686
3.67833
5.51805
3.90115
4.14466
3.71891
3.36005
4.10862
3.82312
3.7034
4.05828
3.57428
3.59059
4.21885
4.30469
4.25013
4.03767
4.74995
3.9717
3.78363
4.30543
4.13154
3.53001
3.4674
4.0076
3.50355
4.41918
3.88869
3.86092
3.69499
4.28905
4.24731
4.18466
4.20525
3.87599
4.53141
4.05218
4.29626
4.64445
4.75543
3.82091
3.62192
3.33827
4.64334
4.28666
4.38635
3.476
3.42569
3.99347
3.70408
3.88845
3.63298
3.94859
3.47517
3.81909
4.75422
4.02689
4.43858
3.94079
3.66868
3.70384
5.00155
3.91828
3.45413
4.38246
4.79444
3.62182
3.24439
4.05601
3.83464
4.21967
4.23115
4.31867
4.07384
4.15177
3.78369
4.04771
3.58894
3.69672
3.7314
3.8874
4.26116
4.9147
5.14529
3.94816
3.5949
4.88949
3.59345
4.26574
4.32506
4.06311
4.61979
4.19218
3.97512
4.74121
3.97621
4.11197
4.61424
4.01788
4.05089
4.50785
4.31173
3.79026
4.23131
3.93569
3.83216
4.06661
3.99213
4.14064
3.91819
3.78559
6.53903
4.08415
3.78979
4.55033
4.22397
3.84944
3.52957
4.04223
4.37326
4.13933
3.88612
4.36877
3.77651
3.92114
4.3908
4.38715
4.0072
3.76164
3.78358
3.97411
3.37382
3.90539
3.93433
4.03909
4.27929
4.74425
3.64885
4.07204
4.45746
4.26051
4.05322
3.74806
4.06923
4.39386
3.97252
3.96423
4.30372
3.79114
3.80376
3.77254
4.16372
4.62625
3.23084
3.49759
4.47731
3.53
4.28308
3.9891
3.77481
4.53032
4.23355
3.65175
3.45553
3.81787
3.61665
4.03512
4.1471
4.58212
4.73376
3.64985
4.18519
3.91748
4.08928
3.81333
3.97992
4.17181
4.26226
4.16334
4.7316
4.22845
3.81472
4.03362
3.88406
4.14008
3.7951
3.70749
4.06833
4.17952
5.52728
4.40314
3.89141
4.25442
4.75332
4.51303
3.89119
4.42238
4.52284
4.04669
3.85747
3.88814
3.65815
4.1925
3.7639
3.48453
3.94719
4.18881
4.15743
3.51988
4.16597
4.1655
3.57111
3.73426
3.51394
4.17183
3.86658
3.98326
4.05185
3.82345
3.93919
4.26015
4.06959
3.99092
3.87819
4.16997
3.65955
3.48165
4.51824
3.80703
3.92954
3.63823
3.85275
4.10155
3.29077
4.32163
3.52899
3.88934
3.98672
4.45193
3.75209
3.75518
3.76914
3.93697
3.9499
4.29793
4.55816
4.5486
3.70743
3.7752
3.49519
3.69549
3.94822
3.53915
3.47382
4.30194
4.41516
3.9603
4.25749
3.96162
3.91039
4.58869
3.95205
6.05218
4.00138
4.0591
4.11952
4.31656
3.88265
3.79251
4.7955
3.91939
4.2762
4.2684
4.45736
3.99929
3.99198
4.26727
5.18198
4.00341
3.67195
4.05562
3.82946
5.25888
3.96766
4.48673
3.82431
4.65111
4.24831
4.22331
4.05332
4.17176
3.85911
5.00617
4.57403
4.53138
3.93202
3.77591
4.3761
4.05638
3.80218
3.84747
3.62084
4.39004
3.43883
3.97455
3.3259
4.17314
4.90408
3.5746
4.01385
3.84682
4.8528
3.83017
3.54364
3.72992
5.77692
4.44048
4.13705
4.15961
4.61918
3.86358
3.47671
3.57592
4.23353
4.28015
3.93946
4.20995
4.13165
3.71984
4.0752
3.89702
4.4177
3.70622
4.10709
4.02095
