2.27333
2.28605
2.42882
2.65269
2.30119
2.43317
2.4318
2.41843
2.35641
2.50116
2.33692
2.35854
2.73576
2.70757
2.82025
2.47891
2.3268
2.56232
2.84601
2.2764
2.2906
2.28245
2.57611
2.55742
2.32408
2.52647
2.48403
2.66665
2.68291
2.56232
2.37024
2.88833
2.35758
2.62716
2.49432
2.56586
2.56684
2.374
2.68635
2.74141
2.3305
2.30471
2.4206
2.36027
2.34542
2.43265
2.4768
2.4883
2.36629
2.54167
2.46001
2.45815
2.35554
2.53056
2.56502
2.42592
2.26591
2.2271
2.28969
2.25058
2.36046
2.43366
2.35525
2.35824
2.60706
2.4049
2.57346
2.66594
2.80259
2.26548
2.48741
2.42325
2.19799
2.38061
2.34701
2.42885
2.77378
2.97065
2.21236
2.39668
2.46887
2.34445
2.46483
2.39608
2.56592
2.71543
2.31112
2.40039
2.4455
2.40507
2.69822
2.57224
2.66152
2.61641
2.54307
2.37221
2.40567
2.3465
2.17709
2.39921
2.48368
2.67516
2.27625
2.63176
2.52387
2.72139
2.40509
2.46497
2.51129
2.51325
2.5887
2.5136
2.43568
2.58273
2.36263
2.51843
2.23051
2.45109
2.50199
2.66683
2.89973
2.66334
2.75527
2.44413
2.63416
2.31693
2.32356
2.43574
2.54624
2.41081
2.58014
2.38835
2.45224
2.19015
2.35808
2.36335
2.51043
2.31579
2.46064
2.5028
2.70964
2.5509
2.37198
2.4802
2.39378
2.16378
2.23368
2.20663
2.41562
2.34176
2.57063
2.52344
2.37186
2.35271
2.44557
2.37028
2.36536
2.3691
2.65152
2.50431
2.55386
2.41264
2.6988
2.35056
2.61284
2.30672
2.62308
2.32633
2.39672
2.42646
2.66537
2.56948
2.59195
2.40436
2.40323
2.37644
2.48128
2.31373
2.2109
2.50877
2.48914
2.29593
2.49993
2.41396
2.39021
2.51
2.4529
2.41019
2.63708
2.46847
2.69767
2.21001
2.24788
2.50929
2.47697
2.49649
2.41788
2.53015
2.40946
2.45152
2.61175
2.32929
2.40947
2.27349
2.41328
2.51887
2.42276
2.62783
2.32455
2.18547
2.61267
2.64457
2.4478
2.47581
2.46819
2.55198
2.54368
2.55926
2.09238
2.4052
2.58041
2.54394
2.57025
2.17174
2.68658
2.68742
2.62428
2.65819
2.40175
2.36165
2.44235
2.16032
2.80627
2.25662
2.13901
2.5149
2.35924
2.38151
2.50104
2.41071
2.37893
2.57842
2.3856
2.29375
2.61688
2.57008
2.29352
2.34452
2.65561
2.50311
2.6934
2.29654
2.34926
2.12167
2.33498
2.14316
2.42836
2.36853
2.40512
2.44836
2.5874
2.29344
2.36472
2.23837
2.4974
2.57135
2.32402
2.34651
2.32802
2.50399
2.35146
2.29359
2.32807
2.69337
2.44452
2.58023
2.4113
2.61574
2.42314
2.56988
2.4796
2.36273
2.38954
2.22228
2.64664
2.2125
2.49375
2.5048
2.41626
2.62339
2.53033
2.43273
2.56699
2.42835
2.46558
2.59271
2.38402
2.27157
2.27202
2.46022
2.73651
2.83248
2.45604
2.0885
2.62085
2.23132
2.22161
2.53637
2.2931
2.30057
2.43329
2.44117
2.45614
2.46795
2.58396
2.32993
2.32085
2.45109
2.51951
2.50378
2.37423
2.36967
2.14736
2.22277
2.65926
2.48683
2.59873
2.48696
2.33755
2.26077
2.40137
2.52278
2.61818
2.46073
2.51239
2.4534
2.52863
2.79083
2.50462
2.70723
2.54793
2.26912
2.13309
2.47367
2.31001
2.46972
2.47131
2.38254
2.21503
2.21741
2.28509
2.51012
2.51448
2.42165
2.52407
2.35929
2.83916
2.50096
2.59564
2.45536
2.59965
2.63568
2.32222
2.38722
2.629
2.28733
2.36627
2.63646
2.54265
2.37387
2.3032
2.22306
2.60289
2.49096
2.45877
2.5105
2.40685
2.49848
2.45368
2.48515
2.29221
2.34476
2.39688
2.4048
2.19909
2.41987
2.41209
2.41366
2.40333
2.6072
2.26647
2.36733
2.49821
2.51753
2.39758
2.72387
2.22408
2.15572
2.40841
2.53576
2.4518
2.40065
2.24252
2.23636
2.33025
2.46474
2.46628
2.29776
2.58694
2.50548
2.23014
2.53853
2.42054
2.49542
2.50883
2.5591
2.40452
2.29542
2.40516
2.56098
2.10958
2.44602
2.36513
2.47595
2.33915
2.60351
2.4954
2.48797
2.31697
2.17396
2.5445
2.37703
2.85371
2.52079
2.55233
2.28756
2.57294
2.40523
2.35249
2.78596
2.70736
2.60726
2.54201
2.572
2.33066
2.45212
2.58913
2.86148
2.59505
2.49447
2.373
2.50674
2.50182
2.58935
2.46448
2.6141
2.33858
2.45156
2.1441
2.48138
2.43688
2.19224
2.64617
2.65862
2.43332
2.29264
2.47499
2.90086
2.57916
2.32958
2.38505
2.62851
2.25006
2.68682
2.9711
2.62586
2.30898
2.51765
2.54578
2.53697
2.67553
2.49831
2.38029
2.7168
2.43181
2.48588
2.40113
2.67085
2.68427
2.51442
2.49058
2.26793
2.77331
2.73183
2.50016
2.45247
2.5518
2.41577
2.42208
2.49089
