4.71052
4.74844
4.71993
5.00636
4.99409
5.3337
4.89225
4.98605
4.80391
5.22346
4.79205
5.28383
5.56966
6.38018
6.45054
5.20108
5.11562
5.34916
6.28553
4.71593
4.70626
4.84507
5.20286
5.46843
4.83783
5.22782
5.33521
5.15896
5.28919
5.15511
5.38076
5.84673
5.54785
6.7994
5.71324
5.92274
5.25276
4.82313
5.70457
5.79717
4.67906
5.14991
4.77164
5.3711
4.75539
5.17525
4.75419
5.0591
5.1716
5.29327
4.84731
5.03533
5.04784
4.99193
4.99426
4.87118
5.14745
4.54067
5.25087
4.84237
4.66409
4.9317
5.22891
4.83946
5.93557
5.5775
5.00421
6.52365
5.87238
4.40361
5.38074
5.27263
4.74133
4.81009
4.83835
5.1267
5.91564
6.22336
4.85814
6.07909
4.96956
4.47662
4.86888
4.96183
4.90014
5.1869
5.19464
5.19386
5.12382
5.16156
4.98754
4.84913
5.32744
6.03878
5.52884
5.33664
4.91398
4.93801
4.43189
5.48619
5.27548
5.46832
4.75659
5.97114
5.06733
5.5087
5.28769
4.7942
5.34868
5.30498
5.07281
4.99264
5.39872
5.32964
5.14508
5.29872
6.44503
4.95776
5.03489
6.40304
6.13176
5.52811
5.31768
4.81321
5.37354
6.01259
4.4892
5.56753
5.02313
4.80513
5.50552
5.11262
4.93225
5.12431
5.10908
5.33443
4.99455
4.66719
6.24285
5.03118
5.37813
5.04835
4.86228
5.03621
5.19966
5.30163
4.40021
4.86928
5.03167
4.961
6.16355
5.10104
5.1217
4.85594
4.82092
4.92516
4.86231
5.30835
5.02031
5.61242
5.34805
4.89261
5.72577
4.8189
6.12509
4.75682
6.14478
4.90405
5.17347
6.60958
6.04445
5.1473
5.16261
5.11855
5.13984
5.3168
5.11324
5.74519
4.37035
5.05064
5.21415
4.76291
4.90912
5.10677
5.00549
4.76896
5.13803
4.73687
5.03226
5.52684
5.4943
4.60228
5.15684
5.09566
5.9798
5.0513
4.95809
5.01587
4.7683
4.85305
5.04318
4.83319
4.95586
4.91775
4.60723
4.85318
5.39935
4.96751
4.87976
4.60463
5.39157
5.27175
5.02177
5.33341
4.9031
5.81561
5.17403
5.66494
4.66228
4.73391
5.22691
5.56641
4.97047
4.35718
5.77043
6.00211
5.24951
5.95877
4.88488
4.85063
5.21179
4.9531
5.84215
4.38756
4.39025
5.02056
4.82169
4.88591
5.31545
4.98948
5.07016
5.02433
5.37615
4.88964
5.87927
5.10749
4.71396
4.81756
5.27562
5.89103
5.98558
5.24623
4.36538
4.55859
4.78967
4.49705
4.9549
5.44096
5.24415
4.95175
5.43181
4.76137
5.29791
4.77505
5.20439
6.11022
4.78278
4.65187
4.55452
5.5349
4.40361
6.12935
4.60913
7.39511
5.8616
4.95778
5.16133
5.65476
5.74217
5.52177
5.26681
5.1007
5.2475
4.90638
5.22452
4.69989
5.87054
4.94248
4.93902
5.19593
5.59228
5.13614
4.84183
5.02677
5.18482
5.3007
4.9521
4.91949
4.52613
5.09124
5.4116
5.57626
4.7637
4.4603
5.03213
4.8233
4.61102
4.91381
4.96281
4.81748
4.93895
5.0353
5.17132
5.04529
5.27033
5.64234
4.91632
5.06464
5.19935
5.07016
5.32649
5.64159
4.62873
8.90039
6.08888
5.37687
4.99899
5.19915
5.62388
5.02533
5.18016
5.19192
4.94309
5.40855
5.43427
5.28226
5.09944
5.76006
5.31147
5.45072
5.61902
4.77874
4.704
5.71566
4.73752
5.50051
5.94521
6.23462
4.38376
4.98196
4.8069
4.81219
5.04959
5.21142
5.17859
5.00157
5.98616
5.57715
5.65109
4.73319
5.44929
5.33352
5.25867
5.24062
4.87344
4.69554
4.7224
5.34987
4.86551
4.65632
6.04363
4.51523
5.28239
4.90405
5.30311
5.91347
5.17822
5.23964
5.01599
5.29369
4.56385
4.80337
4.88415
4.8464
4.67949
5.18776
4.99741
4.85727
4.69569
7.76973
4.4042
4.97807
4.83042
5.28207
5.64898
5.38191
4.84537
4.45245
5.22502
5.03123
4.80474
5.05945
5.37462
4.89947
4.76912
5.5208
5.38015
4.79581
5.31601
5.28777
4.76417
5.02012
4.78565
4.89564
5.30721
5.03296
4.95639
4.86573
4.7617
5.4063
4.66448
4.88422
4.89395
5.03685
4.68897
5.11863
5.20756
5.40673
4.78565
4.44458
5.43909
5.04053
8.55968
5.18744
5.98164
4.75824
4.94371
4.7553
4.83274
5.53132
5.28768
5.36359
5.54112
5.145
4.79265
5.30055
4.91233
5.72676
5.44707
4.85214
5.06624
5.40114
5.00381
5.33046
5.51268
5.61006
5.28264
5.97973
4.26171
5.18782
5.0168
4.63029
5.56944
6.17418
5.41823
4.98102
5.5194
5.49254
5.27703
4.46323
4.78427
4.85411
4.74313
5.91365
5.78513
5.06387
4.85419
5.16057
4.85787
6.15612
5.2433
6.08509
5.46273
5.39132
5.64995
5.10353
4.89923
5.0179
5.07624
5.47144
4.92922
5.43786
6.06741
5.32045
5.36054
5.15048
5.10155
5.52734
4.94853
5.02374
