4.16457
4.97411
4.13711
3.82992
3.94851
3.57737
4.80152
4.02868
5.70834
5.52292
4.18866
3.79508
3.74675
5.28956
4.62439
4.28607
4.19647
4.27543
4.99065
4.4679
5.05363
3.60528
4.46678
4.10899
4.32665
6.16885
5.00601
5.24176
4.12039
3.82208
4.88891
3.77203
4.97692
4.41753
4.13122
4.48008
5.25691
5.52523
5.2473
4.18835
5.05596
4.59819
4.10152
4.56525
3.75175
5.00501
4.51518
3.61788
3.80071
4.48972
5.28665
5.13243
3.26839
4.59612
5.37442
3.73259
4.10725
3.35369
4.45068
4.55798
5.50204
4.2693
3.14697
4.46582
5.55023
2.9119
5.89432
5.21641
4.475
3.41263
4.46029
3.27228
3.76407
4.45598
4.24741
4.70311
5.11883
4.80913
4.39223
4.38498
4.58522
3.91994
3.58683
4.39329
3.74097
4.32238
4.54104
3.91207
4.03799
5.25158
6.01432
5.28462
5.95927
4.13796
4.19049
5.31824
5.04873
5.61259
4.24483
3.80595
4.19383
4.75618
4.98557
4.8021
4.47241
4.36896
5.34945
4.4359
4.38811
5.84559
4.20146
5.51496
4.54255
4.4242
4.55923
3.59266
4.05553
3.735
3.90325
4.84377
4.87253
4.84977
4.11783
3.63795
4.31491
4.12587
4.00736
3.22527
3.868
4.1383
4.40723
4.45901
3.83687
5.14087
3.64979
4.56556
5.49613
5.03168
4.98867
4.96301
3.25578
3.3683
5.04669
4.11858
3.61838
4.87594
3.69624
3.97342
3.922
7.3687
3.3743
3.48119
4.75796
5.04776
4.87423
4.04364
4.74695
4.90455
3.23457
3.67167
3.90225
4.23314
3.7676
3.94149
4.05573
5.64332
6.71093
4.61727
3.54017
5.9143
5.18867
5.15949
5.29547
3.92576
4.60939
4.18908
3.3844
4.45986
4.0713
5.72095
3.36136
4.4189
3.21935
5.7161
4.10858
4.62499
4.16736
3.66274
3.58368
4.35079
4.30497
3.29159
4.41339
5.17188
4.56425
3.53331
3.68318
6.75055
3.83281
6.21091
4.0209
3.34145
4.28362
4.32591
4.84307
4.54869
4.14283
6.16346
4.81786
4.89667
5.57339
5.10595
6.43553
4.08314
4.9347
4.00385
4.18102
4.06182
4.03207
3.43045
4.69225
3.44618
5.10498
3.89742
3.13949
6.90394
4.63066
3.69331
4.18175
5.73788
6.05889
4.14846
4.0274
3.6412
3.97286
4.10688
5.60987
4.47625
3.94788
4.10815
4.33512
5.39449
4.53666
4.02246
5.65615
3.59872
5.17066
4.33628
4.02653
4.13808
4.05567
4.04625
3.95306
4.42891
5.00087
4.66704
4.07434
5.28387
4.51338
5.77349
4.85255
3.82827
5.50543
4.47722
5.64986
4.09195
3.40886
5.26894
3.39603
4.74124
3.69443
5.1769
4.49196
3.67191
5.32413
4.00767
6.07403
5.31326
3.02847
3.87025
4.97681
4.57057
5.05654
4.70399
4.30594
3.96806
6.02653
4.21082
5.055
4.98852
3.75832
3.52409
4.41115
4.38561
3.86739
5.92773
3.81582
4.80074
3.98349
5.12156
3.80705
5.17032
4.59661
4.28673
3.68702
4.07704
3.94141
4.81463
4.48476
3.92419
3.84796
5.82056
5.07414
5.56001
3.59679
3.84671
4.59563
4.35968
5.3833
4.15325
4.21356
3.55797
3.69692
4.17624
4.54315
3.67433
6.69999
3.91132
4.59698
4.22887
4.3631
5.13936
3.73536
4.6145
3.95397
5.24147
4.15222
4.37686
5.2042
6.00369
5.39228
5.0014
4.08589
5.50123
3.90554
5.05817
5.63657
4.59447
4.47524
4.674
4.0408
3.45645
3.58742
4.935
3.55604
3.40192
4.66183
4.14191
4.82462
4.57009
4.0086
3.97661
3.92669
3.2543
4.58048
4.28467
5.26315
3.86994
3.84661
4.45549
3.72603
4.25438
3.36671
4.11413
6.53823
4.49924
4.83127
3.61101
4.19749
4.1935
3.92123
5.10363
4.83851
4.87599
4.25624
5.04484
4.70049
4.0971
4.75731
4.24831
4.06296
4.38668
4.58882
4.39003
4.40785
4.58359
4.18902
4.43096
3.60001
3.72343
4.35672
3.55482
4.03293
4.40456
3.47448
5.81009
4.49856
4.02866
4.66611
5.07854
4.01644
3.97912
4.09184
4.77409
4.41571
4.5335
4.63968
4.88205
5.70759
5.27705
4.31423
3.66173
5.11585
4.68369
4.50057
3.22384
3.99919
4.18328
5.33037
4.42866
4.70188
3.99644
3.58083
4.4101
4.7706
3.96907
5.16133
3.50824
5.24726
3.7131
4.87708
4.93336
4.06633
4.24052
4.36097
5.86431
4.25427
6.13178
4.50199
3.81469
4.53811
4.87802
3.82518
5.01629
4.67851
4.44585
4.56475
4.35404
4.61178
5.5142
4.53228
4.8885
5.3799
4.13977
7.69459
5.08528
4.42844
3.8168
3.99506
4.54424
6.7574
4.35239
4.55326
4.09087
4.38383
3.89432
3.91419
3.38126
5.29009
5.00807
4.32072
4.96045
4.08804
5.12798
3.40822
3.96187
3.74578
4.46008
4.5673
4.31393
3.60662
6.4728
3.79167
4.96298
4.04991
3.75433
4.60732
4.7944
3.9031
4.73499
