5.08399
4.40674
4.8658
4.02936
4.25047
4.33907
4.96398
5.11699
6.13195
5.25664
5.15359
3.68057
4.17972
4.38973
5.1755
5.4754
4.15425
4.30865
5.86654
5.30822
4.1764
5.12632
4.78857
5.089
3.39203
6.47838
5.27844
4.15078
4.7894
4.56359
5.27129
4.39281
5.28408
5.10047
4.87336
4.53655
4.4401
4.79855
5.78651
4.94649
5.31352
5.11663
4.70443
4.56546
4.35525
5.89352
4.4268
5.05511
5.10673
4.75735
5.874
5.04894
5.00032
4.94635
4.5131
5.04694
4.50748
4.41681
4.06813
4.44807
5.33854
5.94449
5.25661
3.56346
6.48231
5.15497
5.00672
5.29977
6.35841
4.46449
7.6839
4.97363
3.67889
5.54444
4.19088
5.01191
5.48363
5.48767
4.17867
4.91133
5.2624
3.99803
5.64757
4.4401
4.98487
4.70729
4.22231
7.78533
5.06131
4.89791
5.88172
5.21861
4.79592
7.63306
5.66663
4.29822
4.97985
4.83801
4.38497
4.15671
4.63581
5.8223
4.19614
4.7718
4.25638
5.19165
4.66175
5.18015
5.4318
4.19209
4.77248
5.54477
4.20054
5.78585
4.05345
4.18299
4.90801
4.4369
4.90314
5.39223
4.69341
5.00018
4.25467
5.30382
4.91272
5.31995
3.99534
4.76756
4.79753
4.70801
4.56742
6.07758
4.83115
4.35807
5.89086
4.3215
4.92854
5.11011
4.52102
4.70741
4.55707
4.16466
4.54877
4.82429
5.13814
5.24245
5.30715
4.36937
6.14784
5.28062
4.53922
4.64439
5.90841
6.14215
4.89362
5.35949
4.56698
4.77739
4.63826
5.08566
4.35798
4.03581
5.46129
4.93435
4.60811
5.16151
5.00735
4.75852
5.43791
4.38444
4.78991
4.87013
4.30765
5.87812
5.40652
4.28001
4.34618
7.37917
4.34474
5.10081
4.51356
4.61647
6.20388
4.63954
4.98021
4.59543
5.10628
4.61198
6.0293
4.92651
5.49773
4.28737
4.32391
4.67587
4.2713
5.3198
4.61508
5.03266
5.05091
4.71935
5.3863
4.47368
4.71816
5.62637
4.50938
4.04044
4.93762
5.17011
6.67982
5.32459
5.0229
5.36555
4.90161
4.36035
4.52592
4.89044
4.73629
6.13723
4.33231
5.85905
4.17974
4.47138
4.48943
5.21488
4.78226
5.17822
4.89195
4.25439
5.22917
5.08194
5.22297
4.72295
4.7979
3.84888
4.4491
5.37149
4.38687
4.2005
4.36131
4.71597
4.47621
5.31881
4.7134
4.04918
5.48656
5.68103
6.25215
5.84059
4.45962
5.1631
5.44452
4.57482
5.01022
5.14706
5.16517
5.41238
4.37224
4.99048
5.07947
5.18988
3.59725
4.55653
5.6213
5.20693
4.27141
4.75108
4.93538
5.36563
5.32166
5.17964
5.11002
5.77124
4.53559
3.91435
5.11185
4.39462
5.29858
4.38523
5.17291
4.44182
3.87821
5.03759
4.61091
4.43142
5.34222
5.26837
5.304
5.80585
4.90086
4.60175
4.41839
4.07619
4.86747
4.40373
4.61241
4.28059
5.02497
5.0811
8.50628
5.32369
5.00915
4.73436
4.94825
4.16156
4.60918
4.49097
5.19779
5.10211
3.97202
5.62012
4.51923
4.25522
4.40004
4.26611
4.69785
5.35007
4.8326
5.39586
5.17529
4.91782
3.96085
5.9301
4.7785
4.99214
7.71405
5.5721
5.35229
4.46044
4.45991
5.10493
4.19288
6.40873
4.34012
4.50421
4.29506
5.33747
4.06735
4.93688
4.96731
4.19696
6.31319
4.91926
4.44415
4.58032
6.84673
5.21509
4.80359
5.31206
4.87839
5.17846
4.38818
4.70139
4.26436
5.02985
4.77416
3.96916
5.58759
4.81569
4.24372
4.70644
4.22287
5.80236
5.02941
4.40221
5.3607
4.31326
4.4001
4.44611
4.6635
4.52692
4.6905
4.79163
4.01019
6.28536
4.0078
4.05865
6.06306
4.08134
5.0975
4.85826
4.62624
5.00415
4.39645
3.98778
5.83295
5.47959
4.78275
5.59452
4.30882
5.10216
4.54563
4.11609
5.80938
5.07344
5.52508
4.46976
5.47823
6.13125
3.85159
4.69649
5.29367
5.01312
4.60295
4.76184
4.38833
4.13579
5.25429
4.91329
4.91089
4.48122
5.41967
4.35066
5.30056
4.6934
6.06035
4.15196
4.52801
4.51955
5.35319
5.63479
4.82515
4.48194
5.20712
4.88666
4.12487
4.57934
6.58836
5.08103
6.58327
3.94964
7.04787
5.15635
5.30523
4.92643
4.69758
5.16468
4.46417
4.3398
5.56309
4.92948
6.40134
4.55023
5.17001
4.53686
5.07072
5.09464
4.24011
4.86225
4.7106
5.43214
5.27866
5.04139
5.65383
4.45282
4.31112
4.2521
5.4016
4.04175
4.31409
4.52822
5.94247
4.8319
5.07653
4.34421
5.59214
4.22882
4.24031
5.41496
4.33709
5.1639
4.04958
4.92844
8.42324
5.03966
5.3657
5.42756
7.54051
4.54945
4.75014
6.60096
5.3878
4.26746
5.28389
4.72835
4.50642
5.20939
5.22385
4.38327
4.83392
6.41199
4.46374
3.92236
4.88583
5.98678
5.31404
5.98769
3.99617
4.58004
4.7081
4.45818
