6.96578
8.03342
6.97728
6.42626
6.70044
6.2854
8.29921
6.6865
9.2854
8.93369
6.79442
6.58496
6.42626
8.03342
7.52356
7.20945
6.97728
6.90689
7.59991
7.07682
7.70736
6.80735
7.13955
7.25739
7.45121
9
7.75489
7.92481
7.02237
6.89482
7.50779
6.18982
8.32193
6.78136
6.52356
6.98868
8.07682
9.13186
8.57743
6.6865
8.18488
7
7.36632
7.7211
6.32193
7.96
7.21917
5.9542
6.89482
7.11894
8.81698
8.2854
5.78136
8.25267
8.53528
6.75489
6.80735
6.18982
7.39232
7.70736
9.01959
7.37504
6.49185
7.88264
8.56224
5.64386
8.92778
8.54689
6.9542
6
7.97728
5.75489
6.35755
7.22882
7.53916
7.81378
7.94837
8.05528
8
7.11894
8.15482
6.94251
5.97728
7.62936
6.40939
6.96578
7.63662
6.35755
7
7.74147
9.80735
7.96
9.51373
6.85798
7.02237
8.97441
8.22882
9.73978
6.80735
7.05528
6.80735
8.14466
7.70736
7.60733
7.72792
7.19967
8.5157
7.21917
7.90087
9.33316
7.07682
9.20212
7.49185
7.58496
6.85798
6.04439
6.80735
6.16993
6.62936
7.67243
8.30834
7.71425
7.30378
6.59991
7.37504
7.14975
7.49185
6.04439
6.58496
7.02237
6.83289
7.03342
6.75489
8.10852
6.33985
7.54689
8.45943
8.02237
7.78136
7.97728
5.9542
5.93074
8.27146
7.39232
6.49185
8.24793
6.26679
7.58496
6.85798
10.7142
6.04439
7.02237
8.01123
8.08746
8.21917
6.93074
8.08746
8.09276
5.45943
6.47573
8
7.45121
6.16993
6.61471
6.96578
9.00282
9.92481
7.9542
6.14975
9.08215
8.02237
8.99435
8.35755
6.80735
7.55459
6.90689
6.22882
6.9542
7.24793
9.18488
5.75489
6.9542
5.64386
8.7879
7.02237
7.39232
6.56986
6.64386
6.16993
7.18982
6.75489
6.89482
7.24793
8.21432
7.21917
5.90689
6.16993
10.3219
6.64386
8.83289
6.61471
5.58496
8.05528
7.12928
8.25739
7.32193
7
9.80735
7.80735
8.02791
8.81057
7.9542
9.72281
6.84549
7.52356
6.80735
7.26679
6.82018
6.85798
5.83289
8.45121
6.26679
8.08215
6.39232
5.70044
10.2491
7.74147
6.75489
7.42626
8.52748
9.67419
6.90689
6.70044
6.35755
7.08746
7
8.73471
7.04439
6.61471
7.7211
7.10852
8.89482
7.37504
6.88264
8.51175
6.42626
8.45943
7.08746
7.41785
6.90689
7.30378
6.70044
6.42626
8
8.17991
7.52356
7.02237
9.16742
7.02237
9.25974
7.6865
6.96578
8.72792
7.33985
8.37504
6.75489
5.80735
8.80735
6.58496
7.56986
6.14975
8.24793
7.02237
6.32193
8.47573
6.53916
9.3966
8.85175
5.64386
6.70044
7.2854
7.2854
8.5812
7.85798
7.44294
6.83289
9
7.52356
7.76155
7.83289
6.89482
6.61471
7.02237
7.16993
6.97728
9.52356
7.03342
7.65821
6.87036
8.7879
6.58496
7.79442
7.92481
6.84549
6.22882
7.04439
6.75489
7.61471
7.45943
6.56986
6.87036
9.70563
8.49185
8.86419
6.39232
6.06609
8.58496
6.74147
8.46761
7.01123
6.90689
6.16993
7.30378
6.88264
7.65821
6.2854
10
7
7.72792
7.10852
6.91886
8.22882
6.56986
7.72792
6.50779
7.93074
7.59246
6.80735
8.19476
10
9.16993
8.34873
7.08746
8.54303
6.64386
8.53138
8.63662
7.61471
7.41785
7.47573
7.04439
6.67243
6.50779
7.74819
6.79442
6.12928
7.64386
6.97728
7.20945
7.52356
7.14975
6.56986
7.22882
6.12928
7.66534
7.74147
8.16993
6.32193
6.85798
7.16993
6.96578
7.15987
5.9542
7.24793
10.4305
7.27612
7.79442
6.22882
7
7.2854
6.85798
7.82655
8.99718
7.67948
7.13955
8.08215
7.41785
6.80735
8
7.14975
6.72792
7.18982
7.49185
8.224
8.07682
7.53138
7.12928
7.12928
6.42626
6.61471
7.45121
6.49185
6.90689
7.20945
5.85798
8.65821
7.07682
7.07682
7.52356
8.72792
6.49185
6.88264
8
7.75489
7.61471
7.79442
8.00562
8.75822
8.97728
8.04439
6.97728
6.70044
8.2854
8.01123
7
5.90689
6.49185
6.72792
8.74819
7.13955
7.90689
6.80735
6.40939
7.09803
7.87036
7.04439
9.32193
6.65821
8.44294
6.39232
7.45943
7.85175
6.71425
7.49985
8.22882
9.40514
7.15987
9.16993
7.40939
6.62936
6.98868
8.37504
6.6865
7.73471
7.56986
7.62936
7.58496
6.9542
8.29462
8.66534
7
7.78136
8.01681
8
11.0674
7.65821
7.07682
6.2854
7.27612
7.85798
10.3465
7.82018
7.35755
7.18982
6.72792
7.24793
7.26679
6.26679
8.18982
7.60733
6.9542
8.02237
7.02237
9
6.08746
6.93074
6.33985
7.53916
7.50779
7.43463
6.33985
10.0715
6.79442
8.02237
6.72792
6.40939
7.22882
7.42626
7.47573
7.87652
