3.85463
3.36376
3.42634
3.0185
3.18545
3.25616
3.65522
3.58278
3.81594
3.65618
3.7145
2.63132
3.15659
3.35823
3.82247
3.90655
3.2524
3.21232
3.94263
3.85417
3.22068
3.75313
3.55759
3.85804
2.36475
4.14453
4.01255
3.02178
3.45446
3.48855
3.80351
3.30399
3.82095
3.54955
3.4951
3.55242
3.36175
3.57767
4.31673
3.77779
3.45125
3.89914
3.13265
3.37372
3.26921
4.078
3.38281
3.7791
3.74509
3.58924
3.59326
3.78061
3.52377
3.39592
3.27732
3.73464
3.38879
3.34183
3.01406
3.44221
3.88085
3.67728
3.95201
2.67043
3.43662
3.78572
3.34295
3.52034
4.20148
3.32065
4.06321
3.76954
2.73454
4.01707
3.13589
3.81101
4.19287
3.95523
3.09033
3.60285
3.78608
3.0668
3.8467
3.25644
3.66644
3.23327
3.16156
4.65308
3.62944
3.41397
4.32518
3.91704
3.55193
3.50792
3.85237
3.21577
3.57482
3.507
3.30637
3.13827
3.30193
4.33053
3.09754
3.46214
3.19249
3.77153
3.26928
3.91066
4.03031
2.82309
3.50484
3.70868
3.02603
4.12571
2.98012
3.21528
3.80738
3.32748
3.60663
3.93372
3.25912
3.77743
3.22819
2.89475
3.48279
3.81134
3.04803
3.56984
3.58375
3.59882
3.3788
4.17651
3.56329
3.32374
4.05976
3.21897
3.7773
3.83076
3.26902
3.25764
3.24664
2.9693
3.29952
3.68556
3.88518
3.58292
3.72731
3.28255
4.62891
3.90943
3.50467
3.43686
3.90751
3.86172
3.61603
3.67969
3.55028
3.39741
3.36629
3.86442
3.28294
3.08356
3.92282
3.65227
3.32338
3.88081
3.70427
3.39303
3.59554
3.15837
3.08625
3.43575
3.18525
4.10457
3.8684
3.14274
3.19804
4.12868
3.22566
3.25703
3.47506
3.52112
4.42502
3.31534
3.52309
3.52801
3.84024
3.48342
4.31348
3.62869
3.95067
3.04366
3.11522
3.18538
3.09774
3.81302
3.39069
3.81252
3.68721
3.35902
3.9038
3.38975
3.31459
4.09425
3.3695
2.99475
3.50582
3.9853
3.75475
3.46658
3.52787
3.87401
3.5267
3.27745
2.96495
3.47967
3.51562
4.19771
3.1211
4.38702
3.17559
2.99751
3.33534
3.74688
3.68599
3.72026
3.53869
3.16985
3.87178
3.6716
3.93142
3.58732
3.41527
2.91804
3.33148
4.02501
3.29636
3.03821
3.31364
3.53058
3.39669
4.1722
3.70966
3.01614
3.68811
3.87794
4.45114
3.86653
3.40396
3.17811
3.82095
3.37561
3.59416
3.80272
3.74224
3.88235
3.50934
3.83612
3.61905
3.58753
2.62928
3.38889
3.8954
3.79653
3.14342
3.58335
3.63445
4.00423
3.74575
3.80375
3.76049
4.39012
3.40168
3.14868
3.69378
3.03916
4.01994
3.24088
3.91864
3.27209
3.00582
3.21629
3.5742
3.35498
3.62716
3.91798
3.57646
4.11705
3.87349
3.36903
3.20632
3.00489
3.78521
3.35731
3.48487
3.2495
3.48849
3.70264
4.52481
3.75062
3.66837
3.40046
3.59682
2.99966
3.33206
3.437
4.08964
3.62171
3.04223
4.00205
2.77694
3.28801
3.29313
2.92215
3.40309
3.28868
3.63748
3.97513
3.53715
3.68135
2.97413
3.82631
3.45485
3.54879
4.74004
4.0997
3.99936
3.28738
3.34423
3.77316
3.11414
4.06675
3.22067
3.42766
3.20473
3.98328
3.14354
3.19112
3.80703
2.98306
4.24836
3.5719
3.21907
3.41117
4.23935
3.52693
3.54868
4.06098
3.6264
3.81248
3.25082
3.34881
3.1891
3.75654
3.54591
2.89902
3.96919
3.51713
3.13863
3.33327
3.2706
4.01498
3.87593
3.21272
3.81358
3.19918
3.21105
3.38534
3.35474
3.2212
3.3447
3.24329
2.88962
4.46691
2.83983
2.97035
4.5276
3.01131
3.58874
3.46635
3.42336
3.60977
3.25598
2.86119
4.25065
4.08732
3.50763
3.40564
3.11507
3.7173
3.36406
3.07569
3.39854
3.65474
3.71055
3.30438
3.69786
3.79744
2.90057
3.57629
3.56309
3.75999
3.43238
3.43329
3.29713
2.98616
3.82189
3.64054
3.66299
3.25456
3.61807
3.15794
4.032
3.54831
4.45663
2.97925
3.29434
3.22271
3.72924
4.2523
3.64759
3.2685
3.88178
3.63549
3.01507
3.45821
4.83144
3.60158
4.49296
2.83265
4.39613
3.697
3.78949
3.71185
3.56921
3.93263
3.29613
2.98904
3.7039
3.70781
4.36048
3.31086
3.39089
3.28383
3.85988
3.89512
3.15243
3.24721
3.4855
3.95585
3.99362
3.63659
3.92992
3.23334
3.13993
3.00128
3.66748
3.01329
3.29279
3.44316
3.99358
3.59717
3.77961
3.29861
3.4529
3.01417
2.99267
4.09301
3.2069
3.65818
3.06446
3.57497
4.30342
3.64768
3.9474
3.83624
4.61145
3.27661
3.52614
4.46591
3.86861
3.10459
3.82063
3.2818
3.27867
3.65206
3.8147
3.33097
3.36355
3.85632
3.21649
2.91402
3.1413
4.06681
3.47356
4.19893
2.97951
3.32318
3.53224
3.10912
