7.20945
5.58496
7.13955
8.04439
5.90689
7.10852
7.72792
7.75489
8.24793
6.78136
8.12412
6.80735
7.22882
7.52356
8
7.85798
7.24793
6.9542
6.52356
7.58496
7.45943
7.05528
6.90689
8.80735
9.20212
8.58496
9
7.16993
8.39232
6.97728
6.9542
10
6.45943
6.16993
9
8.20945
9.73471
6.58496
6.35755
7.02237
7.42626
6.76818
8.29921
7.42626
6.26679
7.49185
8.67243
6.90689
10.8345
7.75489
8.62205
7.2384
8.02791
6.58496
10.585
7.75489
8.16993
5.58496
9.58496
9.32193
8.81378
9.22641
9.05528
7.47573
6.97728
9.55842
10.1636
8.52356
8.59246
7.58496
8.94837
8.15482
7.35755
10.1799
5.75489
6.90689
6
5.52356
6.79442
10.9144
10.1812
7
5.97728
10.4147
6.39232
10.9556
9.69697
6.58496
9.30834
5.9542
8.91886
6.67243
6.20945
7.16993
9
10.1215
8.35315
10.0901
8.16993
10.1699
7.22882
7.18982
11.0444
6.32193
7.74147
8.60733
8.58496
6.32193
9.97728
7.16993
7.22882
10
9.73809
6.33985
6.58496
11.8807
6.70044
7.16993
10
6.90689
7.49185
9.77643
8.61839
7.16993
7.71425
4.39232
6.97728
7.47573
7
6.32193
9.71425
7.83289
7.01123
8.64746
8.71768
8.64386
8.08215
9.65642
6.64386
8.33985
8.50779
5.80735
9
6.75489
8.15987
6.80735
8.26679
7.85798
8.40939
7.67948
6.87036
7.98868
7.80735
8.49985
7.32193
6.16993
7.12928
9.51964
7.04439
7.75489
6.90689
9.39232
8.41785
8.30378
7.43463
6.32193
7.35755
10.1923
6.83289
7.36632
11.2288
5.90689
6.49185
7.91289
10
6.52356
7.24793
8.37069
8.85175
7.56986
7.55459
10.1997
6.35755
7.78136
8.64746
6.32193
6.65821
5
7
6.45943
9.42206
8.61471
8.92481
6.71425
6.16993
6.96578
9.59246
7.7879
8.12928
7.08746
7.10852
9.11634
8.17991
6
7.75489
7.59991
6.84549
6.12928
7.07682
6.49185
10.007
7.32193
8.96578
8.22882
9.19476
10.3399
6.32193
10
8.67243
6.75489
8.79442
5.80735
8.0607
7.90689
7.73471
5.90689
9.66178
7.93074
6.59991
7.58496
6.85798
8.32193
7.90689
5.32193
7.17991
7.56224
9.11894
6.45943
7.64386
8.06609
7.58496
8.10852
8.04439
8.52356
7.47573
10.0168
6.90689
6.97728
9.13443
9.37504
9.78136
8.2854
6.91886
6.88264
7.39232
6.16993
10
9.80735
6.16993
5.32193
9.16993
9.80735
6.80735
9
9.25974
8.48382
7.20945
9.90087
9
7.90689
7.16993
9.52943
5.90689
6.45943
6.08746
9.04439
5.58496
6.82018
7.56986
6.85798
6.97728
9.31967
8.53916
9
9.41363
7
6.62936
7.91289
8.84549
8.61471
10.3219
5.88264
5.52356
8.90388
9.62936
5.97728
5.2854
10.1636
8.87036
5.80735
7.88264
8.07682
8.35315
8.77479
8.97728
7.78136
7.11894
9.17991
5.2854
9.32193
8.71081
9.10852
6.83289
6.97728
6.84549
10.0196
9.10329
9.32193
8.17991
7.92481
8.78136
7.76155
5.08746
6.85798
6.87036
9.05257
7.40939
9.12928
8.67243
7.67243
5.16993
7.75489
9.33316
7.32193
11.611
7.54689
7.73471
7.67243
7.64386
10.585
7.06609
8.07682
11.0444
7.42626
8.32193
8.02237
7.92481
6.85798
11.584
10.2264
7.75489
8.90689
8.39232
12.6804
7.02237
7.53138
10.6742
7.11894
8.16993
10
7.22882
8.33985
6.64386
7.64386
9.12928
8.09803
7.61471
7.35755
8.32193
9.49185
7.40939
6.49185
7.93664
7.58496
8
6.75489
9.99859
7.58496
6.70044
9.28077
7.59991
8.72792
8.75822
9.58496
8.3443
8.33985
7.16993
5.32193
7.45943
7.32193
8.58496
7.60733
9
6.80735
6.32193
5.32193
5.9542
7.01123
8.76155
7.07682
8.92778
8.45943
7.18982
7.08746
5.16993
8.39232
5.58496
8.88264
7.41785
5.9542
10
10
9.224
9.58496
9.60918
10.9958
7.67243
6.40939
9.75489
8.43463
7.53916
5.78136
9.50978
7.91886
8.11894
8.9542
10.5859
7.42626
7
7.17991
7.08746
8.09276
6.97728
7.07682
9.91289
7.02237
7.42626
7.70736
7.32193
8.15987
7.58496
7.2384
6.75489
6.80735
10
6.70044
7.29462
8.16993
5.64386
6.32193
7.46761
9.90539
6.88264
8.76155
13.9657
6.33985
6.78136
7.70044
6.40939
6.65821
12.7224
7.63662
6.2854
8.58496
8.12928
7.32193
11.769
6.64386
8
6.89482
10.4147
5.67243
6.04439
8.44294
7.14975
5.49185
7.82655
7.47573
9.21432
7.85798
5
6.75489
6.58496
8.49185
7.18982
7.32193
9.16993
11.1267
10.3219
7.66534
7.84549
6.16993
7.17991
6.64386
7.65105
10.7004
6.64386
6.61471
7.16993
6.75489
