6.38849
6.31417
7.56481
6.60316
7.35907
6.02127
6.87037
7.45986
7.48361
7.95419
6.25982
6.66009
6.4964
6.88498
7.30262
6.7448
5.93841
6.3766
6.90597
7.44316
7.43597
6.19425
8.41281
7.22308
6.38969
7.01491
7.76382
6.2922
6.98948
6.44913
6.32355
6.58213
6.45523
7.65318
7.03591
7.5034
6.67693
6.97324
6.55904
6.39303
8.42731
8.44069
6.39011
6.77096
7.50376
6.43821
7.23596
6.56671
6.4201
6.59005
6.48423
6.96839
6.63505
6.76468
6.86336
6.48398
6.86181
6.59349
7.23554
5.8292
7.75639
6.37377
6.81674
6.42109
7.90449
6.02002
7.26241
6.65613
7.16468
6.60678
6.66908
7.59495
6.15613
6.72201
7.03632
7.8712
6.74582
7.14468
6.26934
7.3671
6.76816
7.04845
6.04086
6.81584
7.45917
6.37304
6.56469
9.24902
6.32567
7.13416
6.50538
6.31
5.83043
6.58983
6.0972
8.55869
6.37972
inf
5.9595
7.23524
7.87597
7.1166
7.26212
7.59689
6.34301
9.87009
7.21621
5.75826
9.55124
6.73085
6.43554
7.02076
6.42529
6.8427
7.18359
5.61089
7.19866
5.80922
6.69538
6.17149
6.13779
6.47278
6.35848
7.48001
8.22046
inf
6.74329
6.11724
5.89564
6.05403
7.54576
7.25866
6.12235
6.6569
6.64453
6.35064
7.83045
7.25129
7.3522
7.37012
6.58368
7.16664
7.66252
7.13505
8.57229
6.04441
7.8171
6.10537
5.58285
7.56778
7.01367
6.25827
7.14712
6.50937
6.24507
6.42992
6.66948
7.28628
6.49425
6.95814
6.3895
6.26977
7.22452
7.85786
7.11878
7.29475
6.34554
9.2905
6.83914
6.96125
6.4485
5.7845
6.6248
6.38406
5.98256
6.81015
6.32895
5.94859
6.81656
6.927
7.01958
6.79587
7.91459
6.48307
6.47949
6.8156
6.96935
6.33603
6.15702
6.90468
5.7697
8.24004
7.03212
6.36092
6.23405
6.95318
7.35606
6.90544
6.80484
7.39672
7.70869
6.56503
6.95002
7.94186
7.50172
6.44993
6.48215
6.45151
8.10703
7.35168
7.16718
6.30844
6.09897
6.61955
6.30747
6.53854
6.18921
7.52622
6.00251
6.66901
7.07593
6.92674
7.24192
6.63097
6.13624
6.42119
8.90813
8.05727
5.80581
7.39979
7.7312
6.16362
5.63428
6.43435
6.40147
6.74408
7.0895
7.77068
6.67124
6.57972
6.44856
7.34564
6.41909
6.78642
6.47728
6.47884
7.03501
7.83681
8.80625
6.69527
6.07097
8.18533
6.91565
7.54599
6.8033
6.8723
7.80048
6.76761
6.85112
7.70632
6.66588
7.2403
7.51598
6.80324
6.75774
7.55994
7.09764
6.49421
7.79358
6.61766
6.25025
6.75524
7.44615
7.00972
7.18262
6.27499
inf
7.86545
6.15809
8.40583
6.70545
6.84805
6.22656
7.2683
6.87303
6.66983
6.4052
7.76841
6.3561
6.68103
7.52313
7.09939
7.00329
6.96993
6.97557
6.34459
5.98131
6.53439
6.76196
6.89504
8.03238
8.28287
6.52302
6.73602
7.06097
7.23755
7.30585
6.38838
6.52503
7.48445
6.83851
6.88589
6.71077
6.73415
6.0066
6.27635
6.50898
7.44274
5.43015
5.98102
7.39305
6.22303
7.11321
6.5624
6.52515
7.50332
7.17376
6.45383
6.17468
6.31155
6.56598
6.59748
7.31965
7.40944
7.38389
6.47803
7.12717
6.51035
7.10789
6.50865
7.42931
6.75595
6.8378
6.61736
7.73113
7.30531
6.64472
6.94808
7.09054
6.64529
6.42231
6.35743
6.69813
6.38558
8.67155
7.77791
6.56286
7.1642
7.89787
7.00579
6.33995
7.40698
7.73593
6.89282
6.57136
6.76804
6.83863
6.50699
6.58092
6.36245
7.01581
7.26817
6.51353
6.2084
6.74534
6.86158
5.95737
6.25988
6.24141
8.02299
6.37849
6.44747
6.86239
6.73358
6.79251
7.19121
7.04941
6.78222
6.46789
7.47781
6.83793
5.87946
8.45509
6.38996
6.54959
6.39314
6.34934
7.34313
5.78353
6.92926
5.92865
6.55896
6.78464
7.33558
6.2558
6.29457
6.41945
7.04672
6.72589
6.96831
7.2614
7.60451
6.19507
6.92979
6.041
6.34161
7.0983
6.19119
5.99985
7.28792
7.36429
6.58281
7.40664
6.47944
6.46827
7.14749
6.59152
9.87884
6.58971
7.50324
7.07421
7.68825
6.2922
6.43227
7.49557
6.51242
8.11312
6.78397
7.43737
6.70795
7.16336
7.18094
8.96762
6.57574
6.45099
6.82837
6.90444
8.85073
6.59156
7.53876
7.30414
7.45259
7.23526
6.72144
6.73615
6.91695
7.08863
7.88658
7.88146
7.34656
6.92599
6.63206
7.30204
7.25947
6.3098
6.31049
6.61277
7.25238
6.2631
6.92843
5.78392
6.81532
7.50237
6.57594
6.78604
6.36329
7.69397
6.65591
6.07908
6.54217
8.34797
7.31983
6.79286
7.22485
8.07329
7.01037
5.82762
6.12793
7.09845
6.94752
6.47726
6.79281
6.89397
7.20379
7.06957
6.38163
7.5025
6.2644
6.92692
6.84033
