7.01794
5.41324
6.93291
7.84156
5.68556
6.90773
7.53488
7.56637
8.05333
6.55548
7.94885
6.60996
7.01081
7.32079
7.81478
7.64984
7.05947
6.74908
6.31721
7.40375
7.32032
6.84594
6.70187
8.61599
9.02004
8.40734
8.81725
6.95966
8.19048
6.7532
6.74485
9.83097
6.25904
5.96596
8.83032
8.01048
9.5513
6.36163
6.13988
6.82962
7.24131
6.55299
8.09556
7.21772
6.04773
7.30369
8.48441
6.70675
10.6992
7.56398
8.4374
7.03379
7.85097
6.38276
10.4147
7.55101
7.9695
5.40277
9.41659
9.12672
8.62557
9.05778
8.87089
7.26468
6.76667
9.3697
9.98307
8.32004
8.39125
7.3794
8.76979
7.96377
7.14779
10.0276
5.51911
6.68569
5.77278
5.29139
6.58852
10.7533
10.0124
6.78764
5.75166
10.236
6.17003
10.7942
9.52306
6.37242
9.13068
5.76472
8.72982
6.47196
5.98952
6.97705
8.80828
9.96405
8.1569
9.91853
7.97148
10.025
7.02425
6.97652
10.8833
6.11255
7.54444
8.41304
8.41473
6.13022
9.7961
6.95636
7.01133
9.84161
9.57935
6.1363
6.36196
11.7576
6.4889
6.96909
9.84299
6.71263
7.27466
9.59832
8.43759
6.94508
7.4946
4.15154
6.75787
7.27707
6.80094
6.09546
9.5434
7.62401
6.79697
8.45348
8.52115
8.47044
7.87895
9.47685
6.42453
8.13218
8.31384
5.59611
8.82424
6.54146
7.95641
6.61108
8.05623
7.65223
8.21781
7.4667
6.6474
7.78117
7.62306
8.30652
7.13864
5.94567
6.92467
9.32365
6.82627
7.57361
6.69782
9.21362
8.20737
8.11455
7.23183
6.12705
7.16743
10.0185
6.62378
7.14467
11.0828
5.68103
6.28315
7.71056
9.84629
6.29879
7.02678
8.19251
8.66489
7.38631
7.35642
10.0357
6.13296
7.57599
8.43955
6.13055
6.4429
4.83599
6.84043
6.22837
9.23597
8.4259
8.73296
6.49425
5.9808
6.78124
9.41133
7.5786
7.9208
6.87604
6.90326
8.92265
7.99605
5.77892
7.56564
7.39531
6.63308
5.90713
6.87108
6.30951
9.83548
7.10619
8.77261
8.04476
8.99697
10.1794
6.10189
9.8594
8.48266
6.54104
8.58792
5.58563
7.87005
7.72608
7.53581
5.70676
9.47327
7.72674
6.37381
7.39475
6.65383
8.12044
7.71066
5.10543
6.98238
7.35145
8.9193
6.27149
7.43189
7.8721
7.43228
7.91646
7.83592
8.33448
7.28278
9.84568
6.68697
6.7588
8.9399
9.1779
9.60816
8.08096
6.69443
6.66249
7.18571
5.94761
9.83364
9.62562
5.94418
5.10375
9.01142
9.65439
6.59923
8.83463
9.07531
8.29937
7.00385
9.7227
8.83168
7.71458
6.96765
9.36213
5.67297
6.25193
5.90138
8.86971
5.37868
6.60263
7.38912
6.64988
6.76288
9.17173
8.34257
8.81226
9.23921
6.81728
6.41896
7.69707
8.65037
8.41208
10.1693
5.64909
5.31486
8.70965
9.44901
5.74161
5.06939
9.99256
8.67848
5.60425
7.67304
7.88423
8.1569
8.58935
8.79578
7.5719
6.90473
9.00461
5.10057
9.1416
8.53164
8.9115
6.61984
6.77416
6.62924
9.84185
8.91824
9.14442
7.98111
7.71423
8.58615
7.54632
4.85115
6.66055
6.6712
8.87663
7.20538
8.96621
8.47067
7.4563
5.00245
7.5452
9.14607
7.11298
11.467
7.33267
7.53677
7.47346
7.44236
10.4198
6.8528
7.89616
10.8833
7.22647
8.14043
7.84125
7.72676
6.62976
11.4282
10.0697
7.55119
8.72006
8.20414
12.5702
6.81564
7.32165
10.5382
6.91986
7.99328
9.83502
7.02352
8.14224
6.41651
7.45918
8.94397
7.89109
7.39406
7.1683
8.13852
9.29905
7.20507
6.27318
7.73
7.39908
7.79251
6.54488
9.8263
7.36908
6.48287
9.09296
7.38269
8.54857
8.58997
9.42531
8.15708
8.23004
6.95798
5.11634
7.26122
7.10375
8.40751
7.38322
8.83406
6.57758
6.09603
5.09565
5.72825
6.82976
8.596
6.87626
8.73604
8.25878
6.96787
6.90027
4.96439
8.2087
5.36047
8.69861
7.19859
5.72399
9.84422
9.83238
9.05104
9.40626
9.44544
10.8346
7.45066
6.2167
9.58035
8.24066
7.35069
5.58038
9.34713
7.73954
7.91548
8.75501
10.4136
7.21638
6.78249
6.95998
6.87068
7.89156
6.7459
6.85467
9.7493
6.80756
7.21255
7.50575
7.12678
7.9529
7.41321
7.04826
6.52657
6.59148
9.81342
6.50223
7.07908
7.97417
5.42816
6.10251
7.25997
9.72289
6.6704
8.5821
13.843
6.13162
6.56178
7.48928
6.20401
6.44423
12.5924
7.42927
6.06094
8.3915
7.93519
7.12886
11.6136
6.43246
7.82861
6.73648
10.2412
5.45037
5.82018
8.25916
6.92977
5.26147
7.61469
7.2608
9.04002
7.69006
4.78626
6.55881
6.36258
8.29623
6.99052
7.1198
8.98845
10.9702
10.1487
7.45381
7.64508
6.0005
6.96719
6.43068
7.46358
10.533
6.43034
6.38848
6.98983
6.5466
