4.44726
4.48956
4.48135
4.71401
4.63154
4.9666
4.61645
4.71743
4.53568
4.92517
4.48983
4.92501
5.23069
6.03269
6.17173
4.90199
4.77314
5.04305
5.95566
4.41333
4.45027
4.49642
4.90132
5.19387
4.52018
4.93637
4.98282
4.87729
4.99483
4.87801
5.07544
5.5168
5.15712
6.42339
5.32886
5.58117
4.97229
4.56007
5.4235
5.50724
4.41259
4.82821
4.47772
4.97989
4.48045
4.89063
4.52086
4.77723
4.85186
5.00331
4.58595
4.77147
4.66213
4.75427
4.76013
4.61239
4.82794
4.2848
4.94488
4.52547
4.38463
4.60621
4.92683
4.56145
5.59574
5.2209
4.77399
6.19773
5.58066
4.1677
5.00096
4.9282
4.49958
4.53561
4.55908
4.86501
5.55906
5.93977
4.53754
5.63575
4.69016
4.24598
4.61272
4.66903
4.66377
4.94278
4.83212
4.86002
4.82981
4.77706
4.76014
4.57729
4.99529
5.58356
5.18852
4.90967
4.60996
4.68614
4.18634
5.15298
4.96441
5.11247
4.49151
5.52098
4.79115
5.2188
4.99257
4.55676
5.0584
5.00492
4.8213
4.68419
5.09153
5.05629
4.85051
4.9973
6.01117
4.65305
4.79825
6.05192
5.83753
5.20694
5.04858
4.56723
5.06669
5.58914
4.26283
5.24778
4.76251
4.54222
5.19167
4.8193
4.66783
4.73615
4.76555
4.92995
4.74523
4.38417
5.84309
4.74825
5.10472
4.77499
4.54904
4.73767
4.86017
4.90299
4.14175
4.55399
4.70906
4.66724
5.81942
4.80716
4.83254
4.57799
4.58216
4.64661
4.6019
5.00292
4.7119
5.28397
4.94121
4.60452
5.42765
4.5418
5.76104
4.46381
5.75448
4.62929
4.82629
6.18968
5.61326
4.85451
4.89952
4.81618
4.76839
5.01301
4.83716
5.32369
4.1508
4.80306
4.91576
4.44923
4.65224
4.79557
4.71928
4.53944
4.83879
4.49506
4.77087
5.14392
5.20631
4.35794
4.76348
4.8121
5.60685
4.79897
4.68844
4.70579
4.50741
4.59956
4.7799
4.59844
4.699
4.62213
4.37288
4.6217
4.98063
4.71028
4.60766
4.29294
5.09318
5.01902
4.72463
5.0051
4.65721
5.42272
4.9175
5.32098
4.35167
4.47326
4.93504
5.21582
4.71854
4.12947
5.37064
5.64175
4.97092
5.62625
4.60834
4.50412
4.90814
4.62606
5.54601
4.15539
4.12673
4.73347
4.57799
4.5771
4.95718
4.62964
4.75465
4.77552
5.07669
4.59429
5.49363
4.78993
4.45882
4.55783
4.99548
5.48814
5.69416
4.90697
4.14601
4.26357
4.54801
4.24077
4.6893
5.07699
4.91096
4.66497
5.14755
4.50337
5.00055
4.4433
4.91212
5.78881
4.50789
4.40844
4.3228
5.12242
4.18557
5.68212
4.36669
6.9784
5.41453
4.65097
4.86157
5.24516
5.34213
5.19703
4.94236
4.80815
4.86743
4.596
4.94047
4.43267
5.5109
4.69832
4.6752
4.90907
5.15739
4.81749
4.6143
4.71615
4.85999
5.01399
4.66546
4.5384
4.27642
4.79231
5.0992
5.32292
4.52106
4.17147
4.77362
4.51206
4.32087
4.6618
4.67149
4.53819
4.66486
4.74286
4.86289
4.74674
4.95993
5.28225
4.57061
4.76144
4.90537
4.80014
4.9785
5.26446
4.32019
8.49812
5.6936
5.02297
4.75355
4.89728
5.30191
4.72609
4.9115
4.92288
4.70323
5.05526
5.13786
4.96321
4.75595
5.48074
4.99885
5.11888
5.28097
4.50193
4.35645
5.25707
4.45958
5.14261
5.51814
5.85307
4.14602
4.66239
4.5435
4.57773
4.75287
4.8828
4.92439
4.67074
5.60028
5.21509
5.36913
4.48931
5.1695
5.07784
4.92965
4.84202
4.63915
4.41196
4.48748
5.03816
4.61546
4.37649
5.61645
4.27067
4.97257
4.66463
4.96409
5.47583
4.86645
4.96153
4.71871
4.96301
4.30102
4.52071
4.57752
4.55249
4.40413
4.87415
4.73359
4.58684
4.44588
7.35042
4.16197
4.70996
4.58827
4.99609
5.31635
5.10345
4.54026
4.19229
4.88857
4.78276
4.55968
4.73894
5.00011
4.51822
4.49873
5.16557
5.02967
4.51076
5.01584
4.86707
4.48218
4.74858
4.55378
4.61728
4.95531
4.77649
4.68303
4.59133
4.50585
5.08862
4.34914
4.63463
4.59044
4.75358
4.35771
4.84101
4.91483
5.08086
4.54418
4.20551
5.09527
4.72314
8.17436
4.90896
5.64923
4.50021
4.63942
4.44831
4.58347
5.24502
5.02138
5.03407
5.20836
4.85975
4.5001
4.98654
4.67296
5.47455
5.10309
4.58878
4.74723
5.07669
4.74246
5.04322
5.15918
5.26756
4.91485
5.63866
4.03421
4.91322
4.73073
4.37209
5.30826
5.83965
5.09457
4.67248
5.13056
5.2345
4.98668
4.22674
4.5095
4.61874
4.44422
5.52384
5.48734
4.83093
4.54768
4.90077
4.60316
5.73604
4.96298
5.61998
5.09638
5.08591
5.29338
4.76972
4.62808
4.77525
4.83659
5.14461
4.68622
4.98698
5.77627
5.07916
5.04367
4.88324
4.82264
5.20075
4.67887
4.74411
