2.8789
3.31072
2.73449
2.57933
2.66782
2.39702
2.95894
2.84047
3.44002
3.41209
2.95184
2.48017
2.52312
3.41614
2.97096
2.88348
2.75948
2.863
3.50764
3.09203
3.59984
2.39769
3.11581
2.69758
2.76698
4.08555
3.43403
3.54006
2.37712
2.14167
3.33264
2.72119
2.86606
3.25312
3.06741
3.31574
3.46335
3.21977
3.33774
2.84553
3.18728
3.26962
2.60047
3.02062
2.50692
3.11355
2.92144
2.51365
2.61237
3.14787
3.50169
3.36123
2.21123
2.85158
3.74885
2.49064
2.83228
2.27573
2.97656
3.03553
3.34399
2.63543
2.0381
2.74159
3.71595
1.70385
4.13401
3.42047
3.15455
2.43546
2.8219
2.28383
2.66844
3.21921
2.748
2.84407
3.28255
3.27837
2.50031
2.90305
2.50913
2.56668
2.54835
2.9591
2.57918
2.7863
3.08815
2.89009
2.57415
3.40206
3.08545
3.59487
3.41923
2.89736
2.90899
2.80458
3.15261
3.24591
2.75814
2.42227
2.85964
2.90065
3.21383
3.20156
2.98258
3.07378
3.64399
3.03799
2.94578
3.42734
2.92119
2.90312
2.97492
2.69272
3.16225
2.41318
2.63692
2.7313
2.72733
3.3341
3.06355
3.27405
2.68394
2.50388
2.72529
2.68717
2.67848
2.16164
2.7135
2.56629
3.26035
3.13648
2.64845
3.50981
2.52517
2.96647
3.51236
3.31322
3.35698
3.25648
2.2164
2.27544
3.2816
2.65805
2.36861
3.39573
2.57211
2.48806
2.77281
3.68208
2.18404
2.18248
2.90964
3.35589
3.11736
2.64166
3.13397
3.13937
2.35862
2.57499
2.28925
2.7347
2.66416
2.64372
2.68838
3.54481
4.06453
2.91511
2.36105
3.94325
3.87876
3.21987
3.51232
2.63832
3.05487
2.96346
2.29898
3.09496
2.80529
3.33694
2.30649
3.20515
2.25643
3.26524
2.71287
3.29242
2.90145
2.49111
2.49337
2.77264
3.03091
1.86479
3.16898
3.34824
3.25408
2.54441
2.55643
3.79589
2.72489
3.90335
2.57123
2.39789
2.73049
3.07412
2.93556
3.10487
2.5815
3.0549
2.9426
3.1765
3.24905
3.31476
2.65581
2.64908
3.41916
2.81986
2.56202
2.74663
2.56375
2.33371
2.57462
2.3833
3.50875
2.77259
2.19206
4.22293
3.2016
2.45034
2.86673
3.79741
3.50775
2.84334
2.75087
2.4384
2.6589
2.72916
3.13781
3.16351
2.68002
2.5171
3.07797
3.31553
2.93339
2.82113
3.54106
2.51189
3.35646
3.03403
2.52373
2.93782
2.77557
2.91295
2.92538
2.75805
3.30036
3.25024
2.82468
3.34445
3.16439
3.44435
3.23507
2.67888
3.54018
3.02443
4.03929
2.64183
2.39923
3.10532
2.24159
2.81288
2.55822
3.41886
3.09706
2.56341
3.63266
2.81297
3.98034
3.00964
1.96579
2.42906
3.4614
3.4202
3.15019
2.95673
2.5072
2.69341
3.34517
2.78749
3.67162
3.47922
2.53541
2.38521
3.21622
3.05088
2.6585
3.26411
2.62402
3.22316
2.80309
3.34973
2.59573
3.62122
3.03155
3.00298
2.44699
2.67738
2.72689
3.23255
3.05272
2.7521
2.50583
2.95691
3.19844
3.46454
2.43697
2.71713
2.58103
3.1239
3.51145
2.73047
2.76248
2.49453
2.3745
2.92592
3.19078
2.53091
3.31198
2.62441
3.01299
2.83786
3.06463
3.56534
2.51
3.07038
2.84412
3.67994
2.77016
3.04891
3.53044
3.46865
3.14499
3.07486
2.77978
3.8342
2.66869
3.12734
3.28162
2.89105
2.76238
3.01008
2.56495
2.37052
2.52717
3.30338
2.19039
2.36499
3.08007
2.76233
3.29673
2.91812
2.52043
2.67445
2.60112
2.21954
3.09108
2.4778
3.77456
2.79186
2.58838
2.88573
2.48784
2.83987
2.31419
2.63278
3.52965
2.89711
3.35663
2.55474
2.71841
2.78827
2.49001
3.36016
2.75166
3.2737
2.63563
3.11112
3.19732
2.94083
2.81097
2.85731
2.73658
2.97364
3.0638
2.65185
2.85244
2.97211
2.9615
3.01044
2.4469
2.52156
2.77645
2.29939
2.75647
3.08151
2.4436
3.99612
3.25557
2.5922
3.17781
2.4591
2.88952
2.72361
2.67569
3.25141
2.97344
2.94204
3.00999
2.75082
3.5222
3.3127
3.07649
2.40703
3.37801
2.84118
3.16155
2.28872
2.75196
3.03195
3.36928
2.97123
3.03299
2.65069
2.47539
3.06924
3.22142
2.58048
2.85147
2.33687
3.34315
2.49566
3.41107
3.40165
2.81768
2.79456
2.81594
2.98601
2.89625
3.92822
2.94812
2.55245
3.17927
2.84393
2.59772
3.3593
3.13023
3.09814
3.0512
3.15918
2.91833
3.2602
3.19113
3.24708
3.79177
2.94455
3.95615
3.48758
2.92867
2.64848
2.76097
2.77627
3.19354
2.79695
3.2302
2.68017
3.05471
2.53082
2.58458
2.24918
3.4942
3.44898
2.97687
3.2313
2.62422
2.92387
2.40246
2.64674
2.57013
3.09448
3.19999
2.95624
2.38941
3.70044
2.61223
3.34103
2.79729
2.53326
3.24257
3.33925
2.55957
3.20192
