4.08887
2.42652
3.55501
4.7083
2.87681
3.9097
4.59938
4.37143
4.53854
3.74278
4.71943
3.07983
3.76813
3.71065
3.80075
4.62667
3.6291
3.79143
2.95962
4.12682
4.25162
3.67226
4.30554
4.62865
5.44343
4.07199
3.82098
4.30423
4.95476
4.15673
3.46732
5.26115
2.97529
2.44274
4.66513
4.91823
4.45486
3.38406
2.56926
3.73943
4.29539
3.13152
4.78508
3.31379
2.91115
4.41132
4.35931
3.81449
6.09834
4.38032
4.42694
4.01721
4.32397
3.46923
4.83828
4.58227
4.79434
2.70878
4.404
4.63482
4.90084
4.10299
5.66158
4.26655
4.21357
5.15301
4.97021
4.84114
4.51446
4.04348
4.66138
4.47115
3.10774
5.06066
2.88158
3.24103
2.90919
2.53885
2.87881
5.78965
5.9002
4.14872
2.77701
5.85949
3.23183
5.99584
4.57332
3.17401
5.25576
2.66755
4.97353
3.46016
2.92531
3.87956
4.57623
6.41889
3.93964
5.92598
4.55003
5.18855
4.08538
3.75678
5.49469
3.02184
4.09807
4.39166
4.54905
3.378
5.52544
3.42964
3.55537
4.16268
4.6256
3.03773
3.05803
6.92101
3.53925
3.72133
5.10884
3.94805
4.20529
5.02655
4.25212
3.91761
4.19257
1.96003
3.53307
3.7616
3.8442
3.4546
5.97024
4.55759
3.57149
3.74495
4.93327
4.97057
4.14738
4.31799
3.24204
4.30522
4.30328
2.76712
4.13846
3.26124
4.71736
3.77499
5.04182
4.63327
4.67159
3.97502
2.71767
4.52558
4.32615
4.35658
4.1933
2.68361
3.31418
4.97372
3.82773
3.98056
3.50062
5.79302
5.39801
4.54142
3.34436
3.56602
4.46067
5.08051
3.22613
3.45648
7.99516
2.77693
3.25496
4.14353
4.79461
3.09532
3.74286
4.97529
5.48604
3.91914
3.75993
4.91025
2.74182
4.44497
4.73218
2.99866
2.82133
2.7075
3.48265
3.53446
4.53036
4.6032
4.08665
3.16002
3.07313
3.55713
5.63025
3.43078
4.65598
3.7087
4.11452
5.0505
5.29451
2.79203
2.77572
4.82957
3.70437
2.81882
3.71364
3.25771
5.22536
3.61419
5.05191
3.90716
4.01146
6.07126
2.91165
5.14213
4.99089
3.10896
4.74884
2.82197
3.0028
4.12005
4.25794
2.85111
6.03242
4.29176
3.54947
3.97014
3.43145
4.56524
3.51769
2.4211
2.93816
4.50313
4.23857
3.03485
4.23399
4.14109
4.75955
4.69749
4.64288
4.69734
3.85104
5.61762
3.9255
3.61596
4.6047
5.9647
5.98804
4.84448
3.46939
3.58787
3.87746
3.07983
4.45942
5.08141
3.08121
2.53123
4.36393
4.95486
2.92987
4.16118
4.79199
4.26329
3.9813
6.0341
3.96873
4.26649
3.61603
4.62432
2.91472
3.41649
3.2589
4.65551
2.62955
3.76173
4.42202
3.20132
3.87584
4.14534
4.15512
4.3299
3.93755
2.59427
3.00798
3.93279
3.97224
4.41417
5.33278
2.5358
2.05477
5.17012
6.59148
2.81929
2.47642
5.34332
5.35258
2.77729
4.21428
4.25337
3.52394
3.55489
5.48807
4.82599
3.95408
5.62214
2.3637
4.9022
4.9983
5.31906
3.45057
3.44463
3.76208
4.39331
6.20002
3.8505
3.85917
4.08401
5.23827
4.13391
2.32096
4.05638
3.16146
4.25727
3.62308
5.37037
4.8728
4.40503
2.23009
3.43556
4.62069
3.89016
7.07199
4.39718
3.20543
4.2042
4.53801
5.23963
3.05409
4.20619
4.86081
4.4069
4.8774
4.43665
3.96024
3.84324
5.99371
6.19563
4.32388
4.39404
4.60089
7.94209
3.85052
4.29386
6.17653
4.00517
4.36464
5.6521
4.164
4.37721
3.14591
4.11328
5.72041
3.75389
4.17913
3.84052
4.29265
5.49561
3.47454
3.04971
3.54075
4.69832
4.36172
2.98061
4.60526
4.28739
2.86384
4.46729
4.07687
4.45594
5.04592
4.36921
4.82265
5.27942
2.87754
2.57446
3.90858
3.79632
4.35331
4.29555
3.7553
3.62625
2.71122
2.57584
2.82859
3.58935
4.9777
3.65828
4.72029
4.6026
3.73833
4.06861
2.38197
4.77091
2.61718
4.56462
3.53217
2.49649
5.07642
5.12578
5.11201
5.07767
5.80583
5.88837
4.27158
3.47263
6.31981
5.17377
4.17025
2.86581
6.27439
4.76489
4.34087
5.47002
5.71855
3.92555
3.36265
3.77857
3.81233
4.55394
3.70581
3.46435
5.42217
3.59269
4.03543
4.04477
3.72503
4.38262
4.46017
4.04844
3.69723
3.48434
5.00757
3.55225
3.42574
4.33723
2.86258
3.31794
3.05467
4.94106
3.28677
4.3464
8.82203
3.36512
2.59301
4.17326
2.98285
3.16036
7.5103
4.06576
2.51721
5.00622
4.60773
3.94853
6.77842
3.36409
3.98394
4.06829
4.93986
2.00302
3.22117
4.31588
4.05147
2.54279
4.325
4.07171
4.17637
4.66088
2.49032
3.66758
3.17234
4.49506
3.41891
3.35486
5.8546
6.36918
4.89574
4.49111
4.52882
2.80042
3.90274
3.32931
3.93378
5.50929
3.56537
2.98763
3.52262
3.07565
