2.54156
2.93259
2.39774
2.27843
2.35272
2.11532
2.57853
2.55151
3.02235
2.9841
2.64173
2.14277
2.22968
2.95797
2.60464
2.53705
2.4234
2.52234
3.10522
2.74013
3.20231
2.13538
2.74434
2.38742
2.40915
3.59321
3.03133
3.11024
2.02309
1.82087
2.93814
2.45791
2.50603
2.92238
2.77156
2.99459
3.02443
2.77645
2.90326
2.49461
2.80004
2.90308
2.278
2.66308
2.20943
2.66677
2.53705
2.20438
2.31401
2.79547
3.09498
3.00537
1.94659
2.49271
3.3622
2.18921
2.51427
2.0199
2.60915
2.65651
2.89885
2.26494
1.8169
2.36689
3.27784
1.46959
3.67873
3.04557
2.82629
2.18614
2.47673
2.04144
2.38426
2.91157
2.43353
2.4532
2.7945
2.928
2.1656
2.53784
2.17276
2.29042
2.27746
2.61578
2.30023
2.40956
2.7435
2.61163
2.25288
2.92554
2.58913
3.14264
2.94691
2.56342
2.57935
2.46644
2.76534
2.8493
2.42071
2.09356
2.51415
2.51852
2.77417
2.81077
2.62104
2.74436
3.23948
2.68145
2.62699
2.95279
2.60614
2.5099
2.58709
2.3323
2.78025
2.11631
2.29348
2.46865
2.4195
2.96683
2.70344
2.88096
2.32953
2.23324
2.39484
2.37553
2.36885
1.91889
2.42557
2.19507
2.93486
2.78935
2.36947
3.09226
2.24876
2.61051
3.06489
2.90855
2.92455
2.86377
1.9571
2.00988
2.88393
2.33187
2.08008
3.03705
2.28678
2.17149
2.50232
3.12912
1.90882
1.91854
2.5115
2.96933
2.72139
2.30724
2.74078
2.70559
2.126
2.2984
2.01984
2.39313
2.37768
2.33427
2.35177
3.08206
3.49793
2.55859
2.07977
3.41184
3.54176
2.81676
3.08705
2.31336
2.65197
2.63922
2.03486
2.72821
2.51601
2.82927
2.0532
2.88216
1.9989
2.77174
2.39007
2.95478
2.57427
2.19111
2.2207
2.42182
2.70889
1.5824
2.83327
2.92538
2.92495
2.28253
2.26528
3.26838
2.45574
3.32695
2.2265
2.14927
2.44614
2.73926
2.54759
2.74009
2.25083
2.6228
2.53188
2.74655
2.78957
2.88929
2.27067
2.30126
3.0209
2.51238
2.22604
2.43095
2.24311
2.03431
2.21561
2.11573
3.12275
2.48341
1.96101
3.59435
2.84514
2.16217
2.54802
3.23733
2.98375
2.5221
2.43085
2.13706
2.35037
2.39137
2.67492
2.80326
2.37982
2.2044
2.75029
2.86437
2.55
2.51375
3.04666
2.22718
2.96251
2.69172
2.21903
2.62103
2.47873
2.5961
2.63205
2.45411
2.90269
2.87776
2.48368
2.9415
2.79888
2.99051
2.83893
2.39926
3.04116
2.64629
3.60435
2.28457
2.13988
2.72461
1.97809
2.38687
2.28027
2.99702
2.71226
2.26942
3.23837
2.50965
3.53818
2.56354
1.71849
2.11686
3.05026
3.11421
2.76103
2.56348
2.15787
2.40469
2.82818
2.46114
3.2831
3.09551
2.2428
2.11738
2.9067
2.72168
2.37171
2.79914
2.33781
2.83553
2.50619
2.93814
2.31608
3.21181
2.68062
2.67204
2.14822
2.3398
2.42101
2.86376
2.69446
2.44529
2.1927
2.58559
2.80532
3.0098
2.1377
2.42583
2.21392
2.81099
3.07075
2.38512
2.41651
2.22581
2.10832
2.63903
2.85779
2.24013
2.84943
2.30581
2.64883
2.49229
2.72278
3.15307
2.21099
2.73199
2.52639
3.25087
2.4478
2.69268
3.13316
3.10102
2.75249
2.66502
2.47222
3.41769
2.36913
2.69478
2.81004
2.52076
2.37308
2.61412
2.24421
2.102
2.25225
2.90368
1.89758
2.106
2.63744
2.42062
2.8756
2.53395
2.20918
2.3314
2.30127
1.97064
2.7217
2.13176
3.38143
2.51125
2.30855
2.514
2.20915
2.4991
2.07097
2.31207
3.08304
2.49795
2.98961
2.27886
2.36371
2.4474
2.18163
2.93258
2.42487
2.84173
2.27561
2.67526
2.789
2.62551
2.43589
2.55217
2.40942
2.64145
2.68656
2.31674
2.52768
2.60483
2.64503
2.63134
2.17362
2.23471
2.4246
2.01797
2.46895
2.76801
2.17303
3.48939
2.91108
2.30003
2.8355
2.10955
2.59508
2.43795
2.34912
2.90943
2.63913
2.59072
2.63263
2.42954
3.07755
2.84241
2.76955
2.1483
2.9725
2.47996
2.82095
2.06333
2.4432
2.73302
2.94567
2.59755
2.67048
2.31344
2.20929
2.71608
2.83147
2.28898
2.4573
2.07524
2.88072
2.21049
3.00331
3.03413
2.48322
2.47414
2.48312
2.57435
2.55132
3.37695
2.56823
2.24326
2.79979
2.44817
2.29795
2.93238
2.78173
2.75605
2.69759
2.83288
2.61071
2.81967
2.83699
2.85541
3.35893
2.6704
3.21977
3.08867
2.56489
2.36002
2.45824
2.41184
2.65836
2.44937
2.88642
2.36908
2.71125
2.22245
2.28351
1.98299
3.04602
3.00493
2.65336
2.8361
2.29014
2.50312
2.14683
2.35651
2.27565
2.7493
2.83824
2.61223
2.10373
3.15671
2.31456
2.93968
2.49221
2.2372
2.88668
2.96626
2.27333
2.81604
