3.52076
3.46264
3.07283
3.60067
3.46196
3.24111
3.83721
3.1913
3.43302
4.10038
3.67692
3.76515
3.43846
3.05719
3.68785
3.3953
3.44042
2.96335
3.20421
3.16654
3.11038
3.41778
3.27874
3.35866
3.60992
3.28695
3.74244
3.27786
3.90551
3.83851
3.07022
3.97067
3.86183
3.43856
3.79303
3.41179
3.35638
3.32683
3.36129
3.45284
3.49408
3.25876
2.9015
3.51455
3.11017
3.62239
3.41103
3.68373
3.41664
3.91538
3.56212
3.63752
3.05152
3.56745
4.07233
3.37956
3.33398
3.07287
3.59284
3.49984
3.41794
3.35061
3.4119
4.1241
3.48422
3.78149
3.62187
3.5051
3.72849
3.61433
3.35638
3.56162
3.1033
3.73345
3.24315
3.34874
3.59977
3.37736
4.34786
3.19738
3.28601
3.44977
3.87843
3.61128
3.2756
3.51585
3.52431
3.59468
3.76345
3.30757
3.20796
3.64855
3.48242
3.9167
3.37889
3.31798
3.58193
3.51655
3.41583
3.47026
3.12679
3.97823
3.71601
3.63378
3.12108
3.53419
3.81077
3.17717
3.90452
3.50411
3.47749
3.24371
3.54027
3.53076
3.30128
3.50269
3.29884
3.11169
4.53346
3.41105
4.00052
3.237
3.63418
3.1921
4.10327
3.73612
4.02929
3.80368
3.8097
3.16675
3.33867
3.90946
3.482
3.76487
3.43087
3.39592
3.68016
3.36139
3.69146
3.18832
3.13136
3.32233
3.41718
3.55506
3.67868
3.33093
3.5543
3.56226
3.23714
3.48224
3.31453
3.43805
3.36246
3.67942
3.78939
3.14016
3.25802
3.15626
3.31893
3.70637
3.0363
3.87673
3.50873
3.2448
3.11032
2.98515
3.45787
3.61689
3.25592
3.47925
3.9507
3.10198
3.09721
3.65115
3.55969
3.56083
3.6494
3.43134
3.40875
3.46109
3.59007
4.22323
3.39586
3.23051
3.49347
4.36719
3.85626
3.97193
3.2233
3.58521
3.63655
3.40166
3.4109
3.48445
3.84387
3.332
3.28701
3.14049
3.57359
3.31814
3.16296
3.78795
3.37968
3.33517
3.62726
3.45305
3.36456
3.31665
3.54704
3.31901
3.45622
3.37704
3.4065
3.2234
3.90201
4.23009
3.33756
3.39364
2.70644
3.51219
3.2499
3.57166
3.13074
3.4223
3.52486
3.86372
3.55655
3.33339
3.49445
3.84671
3.6144
3.10263
3.4469
3.10855
3.68605
3.4769
3.56884
3.42107
3.27619
3.12084
3.77918
4.32821
3.16094
3.20228
3.78865
3.34538
3.58288
3.58144
3.58595
3.38586
3.48057
3.14754
3.23805
3.7317
3.28451
3.83677
3.60418
3.59821
3.41633
3.38281
3.70038
3.43311
3.41723
4.21869
3.57526
3.62686
3.12924
3.57974
3.41114
3.24159
3.69258
3.4548
3.6485
3.38514
3.31392
4.18406
3.31473
3.5641
2.95483
3.21396
3.25321
3.91798
2.96908
3.34132
4.12274
3.51258
3.55748
3.21979
3.28854
3.19356
3.59109
3.24511
3.75053
3.62345
3.46414
3.17767
3.384
3.64921
3.92301
2.92904
3.41717
3.98692
3.27095
3.18232
3.51331
3.5606
3.89736
3.77674
3.3946
3.87899
3.57128
3.86743
3.88954
3.76743
3.72734
3.40843
3.68778
3.36786
3.22311
3.41641
3.55773
3.23949
3.4979
3.36515
3.27416
3.02096
3.6284
3.35136
3.55079
3.58847
3.48079
3.65914
3.74522
3.01238
3.54136
3.44989
3.42824
3.37988
2.94797
2.97369
3.63777
3.75244
3.29352
3.50077
3.38856
3.70172
3.36657
3.48989
3.15135
3.36237
3.34335
3.87084
3.65819
3.35615
3.51607
3.50608
3.34513
3.42986
4.08112
3.25782
3.60176
4.07663
3.61227
3.27555
3.7704
3.82556
3.32708
3.28997
3.41799
4.06445
3.17498
3.44505
3.51952
3.84526
3.63842
3.15352
3.13522
3.63422
3.72249
3.19019
3.37875
3.712
3.12332
3.66213
3.2434
3.32368
3.4847
3.31718
3.47382
3.98372
3.12858
3.24648
4.1201
2.95685
3.39586
3.32525
3.57569
3.21551
3.3196
3.70876
3.28061
3.42738
3.73013
3.52839
3.40224
3.09431
3.5362
3.07694
3.55595
3.01164
3.77356
3.63415
3.46178
3.58451
3.49652
3.49735
3.36903
3.25926
3.61131
3.56469
3.99975
3.52002
4.00328
3.52061
3.5979
3.68793
3.51281
3.80601
3.4435
3.15053
3.00801
3.57643
3.52676
3.31555
3.37493
3.52422
3.3171
3.40892
3.45843
4.1499
3.42366
3.35923
3.74975
3.40175
3.22307
3.52677
3.68559
3.71126
3.60592
3.24963
3.56147
3.51383
3.36992
3.30786
3.71471
3.68994
3.49502
3.17246
3.9198
3.54936
3.16251
3.31627
3.86678
3.67566
3.23532
3.60081
3.78137
3.50152
3.88783
3.18773
3.4432
3.0498
3.59416
3.70639
3.14071
3.60425
3.52612
3.3688
3.46368
3.54207
3.08749
3.5921
3.57586
3.39065
3.91883
3.83085
4.12922
3.4387
3.38517
3.89056
3.1276
3.1726
4.01899
3.59763
3.45835
3.22702
3.41295
3.47868
3.39105
3.60989
