2.77345
2.77821
2.52408
2.88881
2.74355
2.67665
3.08765
2.53135
2.73001
3.26556
2.88931
3.01609
2.79233
2.44653
2.94561
2.70407
2.81843
2.42906
2.52174
2.56867
2.52899
2.77861
2.54545
2.69544
2.89241
2.6306
3.09632
2.62487
3.23994
3.09323
2.45802
3.15701
3.08577
2.78173
3.05735
2.7461
2.70733
2.66299
2.79978
2.8044
2.79115
2.69958
2.3235
2.77469
2.40003
2.89221
2.81479
2.89089
2.80221
3.17927
2.84126
2.92389
2.51147
2.85138
3.17029
2.74219
2.65642
2.53598
2.92705
2.86758
2.75076
2.77357
2.70872
3.32793
2.79587
2.9805
2.83482
2.82838
2.89671
2.87855
2.7088
2.76607
2.53085
2.95837
2.56205
2.63843
2.87518
2.5654
3.2202
2.55723
2.67703
2.72022
3.01298
2.90535
2.70026
2.82467
2.77439
2.84324
3.01179
2.66809
2.55707
2.92191
2.82366
3.12626
2.71728
2.65644
2.84048
2.75197
2.79153
2.79557
2.54137
3.11793
2.92605
2.86811
2.4978
2.86839
3.06575
2.49996
3.08176
2.80155
2.76181
2.62826
2.85823
2.89171
2.65202
2.79837
2.68421
2.51554
3.68894
2.75178
3.11671
2.64386
2.96299
2.57233
3.23358
3.05813
3.34922
3.12703
3.07887
2.51577
2.67991
3.06395
2.87253
3.08767
2.66611
2.72074
2.79203
2.7269
3.05082
2.61675
2.52062
2.71314
2.73325
2.80862
3.01992
2.57227
2.87323
2.88874
2.61559
2.8069
2.65007
2.76552
2.73248
2.99739
3.03987
2.50272
2.67761
2.53074
2.74961
2.81923
2.46677
3.06198
2.77366
2.62033
2.54316
2.46322
2.81052
2.92466
2.59358
2.79015
3.16394
2.51013
2.49615
2.8501
2.80696
2.9006
2.89543
2.77413
2.67842
2.74186
2.92145
3.34541
2.71388
2.56445
2.76034
3.36291
3.03811
3.04644
2.58725
2.89212
2.93788
2.77485
2.7397
2.77635
2.76645
2.7208
2.54289
2.46812
2.89112
2.55154
2.60145
2.96515
2.72077
2.71144
2.97375
2.66137
2.80308
2.66466
2.89019
2.62195
2.83767
2.79275
2.77354
2.59765
3.20178
3.23592
2.62471
2.81726
2.17688
2.86419
2.67882
2.84266
2.49562
2.68913
2.7839
2.96233
2.83654
2.69493
2.79036
3.13714
2.95325
2.50716
2.78596
2.55769
2.86523
2.6958
2.93799
2.72526
2.67062
2.54046
2.83436
3.44504
2.5217
2.56549
3.02192
2.65022
2.87793
2.88849
2.75405
2.73132
2.83616
2.59072
2.59194
2.9411
2.64593
3.107
2.94851
2.87769
2.60536
2.80287
3.0211
2.80137
2.77822
3.29331
2.84017
2.84648
2.55642
2.89468
2.71844
2.61038
2.90773
2.75674
2.92356
2.74729
2.65128
3.29518
2.70738
2.87476
2.36282
2.55482
2.62644
3.22216
2.41396
2.65775
3.3561
2.82013
2.8694
2.60406
2.67453
2.59282
2.90741
2.6109
3.13182
2.9351
2.82136
2.58135
2.75926
2.84587
3.13764
2.37913
2.73611
2.9396
2.64724
2.52759
2.84103
2.82191
2.96338
2.98471
2.74221
3.12379
2.84535
2.98394
3.16281
3.02652
3.10039
2.66686
2.84691
2.64026
2.59954
2.67995
2.93072
2.62828
2.81775
2.73537
2.71262
2.44058
2.95122
2.80431
2.83144
2.80897
2.7974
2.93884
3.04133
2.44132
2.91806
2.78432
2.76139
2.71355
2.34755
2.3746
2.91227
2.71291
2.67236
2.84007
2.75996
2.96676
2.72878
2.72916
2.57767
2.68741
2.67777
3.02777
2.92977
2.70769
2.89504
2.79246
2.71406
2.80294
2.98831
2.57113
2.85401
3.31259
2.84457
2.64914
3.04527
3.13151
2.68306
2.56721
2.70021
3.10837
2.5731
2.75376
2.88066
3.13137
2.81278
2.58432
2.52225
2.86864
3.00061
2.61001
2.75602
3.04776
2.49812
2.90021
2.6567
2.74066
2.75228
2.58771
2.72157
3.23106
2.51371
2.63637
3.17744
2.43415
2.73549
2.74682
2.92129
2.59219
2.69885
2.99528
2.65359
2.76756
2.98942
2.87202
2.71428
2.4794
2.89262
2.4786
2.73304
2.44545
3.07766
2.97229
2.70791
2.91274
2.8566
2.8656
2.70229
2.62674
2.90987
2.88333
2.98614
2.78099
3.34208
2.88684
2.92209
2.98935
2.86986
2.9462
2.63641
2.47543
2.40076
2.92416
2.86251
2.72642
2.66144
2.8864
2.70344
2.72733
2.78181
3.36036
2.77629
2.7315
3.02472
2.724
2.64205
2.81101
2.90483
2.97253
2.96217
2.61676
2.78526
2.76342
2.76566
2.67354
2.81557
2.93118
2.82044
2.53478
3.16425
2.9251
2.57459
2.61933
3.13662
2.89402
2.59743
2.883
3.00255
2.78589
2.99901
2.61235
2.80279
2.45826
2.94702
3.03406
2.60036
2.84029
2.8054
2.64993
2.84474
2.8673
2.4756
2.89025
2.90324
2.77396
3.11395
3.11351
3.32922
2.74756
2.69311
3.13086
2.48125
2.62721
3.07358
2.88716
2.71232
2.63646
2.66388
2.84287
2.77238
2.8379
