4.39098
2.66165
3.82689
4.94486
3.14741
4.19345
4.87651
4.65113
4.89084
3.98953
5.06179
3.45535
4.01215
4.05285
4.24417
4.88397
3.93659
4.09148
3.22445
4.39718
4.60323
3.94977
4.49559
5.12081
5.88717
4.62793
4.41396
4.56461
5.26715
4.38925
3.74783
5.80609
3.32185
2.74748
5.12665
5.23118
5.04068
3.65889
2.80238
4.00153
4.65015
3.40709
5.1233
3.62225
3.13563
4.67912
4.82789
4.0668
7.04372
4.72606
4.9022
4.29473
4.70797
3.68881
5.70737
4.82868
5.08489
2.92276
5.16249
5.06979
5.22696
4.77395
6.01811
4.555
4.47656
5.62647
5.60104
5.24748
4.87585
4.3269
5.16399
4.82573
3.42364
5.80468
3.07783
3.51546
3.13182
2.75017
3.22069
6.59486
6.40705
4.40833
3.0419
6.40916
3.44853
6.70931
5.33455
3.3884
5.68417
2.94497
5.43727
3.70061
3.16836
4.14625
4.95154
6.87738
4.33898
6.39458
4.86485
5.90163
4.36536
4.04378
6.36087
3.27862
4.42366
4.88117
4.89643
3.64762
5.96412
3.73663
3.84695
5.14496
5.33155
3.33974
3.32047
7.97428
3.74261
4.01774
5.73393
4.20038
4.50061
5.49109
4.68657
4.21284
4.49317
2.08502
3.78172
4.12829
4.09595
3.6634
6.53072
4.90014
3.88598
4.21627
5.25942
5.30391
4.46997
4.88001
3.52336
4.73242
4.76306
3.01093
4.61253
3.53591
5.04348
4.02467
5.37122
4.90988
5.0694
4.32417
3.02106
4.83127
4.6699
4.76288
4.47931
2.94383
3.64728
5.36596
4.07788
4.31957
3.781
6.22535
5.65619
4.91249
3.70289
3.77302
4.78445
5.65243
3.46639
3.75886
8.5644
2.99222
3.54407
4.48079
5.59264
3.36345
4.06078
5.35198
5.83915
4.31335
4.07007
5.63364
2.97468
4.74374
5.09058
3.31176
3.08769
2.86243
3.83809
3.7456
5.06674
5.05005
4.53375
3.37892
3.3162
3.85422
6.11188
3.8247
4.98293
4.0025
4.40134
5.43741
5.58387
3.02018
3.28049
5.08388
3.94158
3.06355
4.03784
3.56308
5.83534
3.9231
5.45354
4.31224
4.56244
6.58873
3.19004
5.97818
5.36941
3.377
5.17071
3.02275
3.37323
4.49598
4.57757
3.06507
6.43999
4.59732
3.80913
4.26774
3.7226
4.93112
3.99583
2.64784
3.23067
4.77198
4.73485
3.30343
4.50439
4.47307
5.02022
5.09034
4.98033
5.12284
4.17243
6.13623
4.19746
3.90627
5.05497
6.24367
6.51235
5.14235
3.73779
3.86777
4.14731
3.26351
5.28891
5.71077
3.31091
2.71641
5.10021
5.57488
3.19604
4.73829
5.4126
4.79074
4.28116
6.59929
4.65353
4.59458
3.93792
5.20168
3.12223
3.69607
3.50475
5.12905
2.83466
4.02808
4.69528
3.49671
4.12338
4.95524
4.52992
4.77449
4.63791
2.88605
3.28397
4.19948
4.45177
4.81082
6.16702
2.74629
2.26333
5.53705
6.91977
3.02545
2.69818
5.944
5.74075
2.97862
4.51662
4.64725
3.88579
4.15939
5.84178
5.08777
4.24936
6.05626
2.56654
5.38488
5.33153
5.71896
3.72114
3.74578
3.97761
5.05737
6.55058
4.52831
4.26669
4.45466
5.58641
4.44035
2.48829
4.27738
3.50494
4.75715
3.93178
5.90628
5.22152
4.63497
2.43457
3.83545
5.14569
4.17748
7.74597
4.66319
3.54235
4.51492
4.85706
5.9376
3.34032
4.61044
6.07883
4.66971
5.23805
4.77086
4.34806
4.08714
6.94981
6.82742
4.6745
4.82342
5.03446
9.11365
4.11383
4.56272
6.95462
4.28321
4.74693
6.16616
4.42994
4.7735
3.37021
4.40688
6.06971
4.03111
4.42357
4.17888
4.62994
5.87564
3.82757
3.33062
3.84361
5.01798
4.69559
3.2521
5.27559
4.5154
3.17675
4.99008
4.37617
4.94203
5.46933
5.0448
5.16996
5.79332
3.19713
2.7583
4.22138
4.04927
4.8755
4.56443
4.48125
3.88633
2.9534
2.76855
3.04118
3.90041
5.47253
3.98404
5.23181
5.01776
4.00182
4.30824
2.55574
5.16629
2.84348
4.98439
3.82479
2.7139
5.74592
5.77406
5.5331
5.54435
6.34525
6.63925
4.51868
3.75475
6.72544
5.51905
4.489
3.07128
6.68325
5.06223
4.65958
5.82477
6.33022
4.23632
3.6665
4.02225
4.10335
4.8965
3.95425
3.76089
6.03511
3.89298
4.2995
4.44335
4.07756
4.75574
4.73988
4.33057
3.9204
3.73668
5.55701
3.85084
3.74444
4.65718
3.05358
3.55618
3.38716
5.47135
3.57481
4.86431
10.0856
3.58512
2.90012
4.47891
3.25857
3.39176
8.63345
4.37466
2.74516
5.41488
4.93313
4.24129
7.57985
3.65383
4.32583
4.39351
5.71239
2.24773
3.43122
4.70446
4.31325
2.75823
4.64396
4.3779
4.71879
4.95705
2.66565
3.94741
3.40071
4.85866
3.67094
3.64354
6.1345
7.03318
5.60858
4.84106
4.85716
3.10297
4.1922
3.61592
4.22739
6.14222
3.78554
3.28878
3.84374
3.30728
