3.80559
4.49188
3.73505
3.47365
3.58861
3.23685
4.2354
3.68858
4.92459
4.87034
3.83862
3.44221
3.39409
4.76444
4.14215
3.88513
3.77647
3.87781
4.60043
4.08825
4.65972
3.22071
4.10554
3.67047
3.87053
5.5752
4.57187
4.78092
3.59221
3.29751
4.47158
3.47307
4.27087
4.10897
3.84577
4.16297
4.77014
4.78699
4.6924
3.8235
4.49743
4.24531
3.63889
4.11144
3.38873
4.48063
4.07221
3.32732
3.46125
4.1186
4.73262
4.55767
2.96581
4.02228
4.89538
3.37269
3.7434
3.03825
4.04556
4.12462
4.82878
3.79358
2.78276
3.95575
4.9974
2.53415
5.40298
4.65545
4.10633
3.13595
3.94136
2.98752
3.45441
4.09284
3.76344
4.14672
4.65758
4.34345
3.69662
3.97388
3.75528
3.48797
3.30445
3.97349
3.40235
3.90308
4.11318
3.63034
3.59355
4.78346
5.08829
4.83169
5.15313
3.79513
3.82542
4.30127
4.46583
4.67156
3.82175
3.40655
3.82578
4.16697
4.50632
4.3634
4.03935
4.00031
4.84196
4.05319
3.92873
5.10761
3.82387
4.54842
4.10868
3.8855
4.20178
3.26589
3.65231
3.44452
3.57691
4.4143
4.27709
4.40818
3.71193
3.29705
3.81216
3.67389
3.58535
2.9045
3.53813
3.68738
4.10161
4.0984
3.48159
4.68371
3.32784
4.09307
4.90004
4.51253
4.55012
4.45554
2.95398
3.05295
4.53047
3.66927
3.25415
4.44061
3.37852
3.50238
3.57648
6.18606
3.02698
3.03036
4.20009
4.54035
4.34786
3.63962
4.27769
4.4063
2.98915
3.35612
3.23198
3.78015
3.45924
3.57204
3.66999
5.03442
5.95112
4.0871
3.19851
5.38814
4.81565
4.51279
4.77972
3.56309
4.18754
3.84825
3.07196
4.10138
3.68105
5.01226
3.05932
4.08686
2.95412
5.04276
3.70312
4.25384
3.82239
3.33441
3.27366
3.892
3.93927
2.83098
4.0805
4.66507
4.20068
3.25997
3.37137
5.82543
3.50501
5.65148
3.61876
3.07941
3.69721
3.97058
4.25416
4.13348
3.67342
5.04687
4.28503
4.39508
4.89243
4.59887
5.20186
3.68278
4.52717
3.66945
3.69778
3.68475
3.58316
3.13515
3.93286
3.14157
4.64439
3.58149
2.86551
6.16027
4.22416
3.32307
3.79468
5.25771
5.25326
3.7798
3.66134
3.305
3.58168
3.71597
4.86525
4.11816
3.57118
3.56882
3.9845
4.7422
4.08405
3.66998
5.07098
3.29505
4.58989
3.97263
3.55341
3.80486
3.65807
3.74913
3.67504
3.80196
4.50314
4.27596
3.73579
4.63265
4.1542
5.0352
4.39805
3.48904
4.96318
4.08098
5.22317
3.69594
3.1252
4.51209
3.04972
4.20348
3.37113
4.67149
4.12905
3.36369
4.81172
3.6762
5.4409
4.6123
2.72116
3.43851
4.58587
4.24969
4.39286
4.1738
3.73477
3.59074
5.30341
3.77759
4.68019
4.55977
3.40107
3.17422
4.07496
4.00926
3.51353
5.07173
3.4558
4.36104
3.63713
4.57161
3.44238
4.75184
4.11211
3.93261
3.33056
3.67785
3.59133
4.36565
4.0717
3.59394
3.45654
4.72968
4.50782
4.93368
3.26844
3.54051
3.86082
4.01514
4.85329
3.75182
3.79791
3.2529
3.23844
3.80011
4.13454
3.3515
5.55907
3.53844
4.12649
3.84168
4.00041
4.71375
3.38243
4.13505
3.65195
4.82909
3.73431
4.01303
4.72824
4.95693
4.61252
4.39865
3.69997
5.0229
3.54803
4.47777
4.98488
4.08488
3.98401
4.20191
3.60548
3.14039
3.29065
4.47588
3.13193
3.10195
4.24499
3.75809
4.42845
4.09923
3.53387
3.62374
3.52069
2.9533
4.15149
3.69577
4.85636
3.56954
3.45851
4.01644
3.33515
3.84444
3.0544
3.65174
5.41527
4.06717
4.3903
3.31095
3.78501
3.78824
3.48546
4.6421
3.9305
4.45217
3.78939
4.50725
4.30492
3.78245
4.11384
3.81407
3.69272
3.97534
4.15842
3.77511
3.87367
4.10272
3.84109
4.05184
3.25978
3.36395
3.89341
3.17516
3.63948
4.01079
3.18814
5.32846
4.16903
3.56909
4.2227
4.06988
3.6987
3.59448
3.64513
4.31833
3.98993
4.03669
4.1414
4.00152
5.01335
4.75898
3.95804
3.24427
4.60825
4.06415
4.12506
2.93814
3.64463
3.86271
4.72258
4.02824
4.197
3.62378
3.26224
4.04286
4.33694
3.52158
4.31548
3.14887
4.72276
3.35604
4.48407
4.50887
3.73174
3.80108
3.84924
4.87331
3.88467
5.54322
4.06711
3.459
4.18458
4.23009
3.46744
4.56075
4.22154
4.06298
4.1285
4.02599
4.00895
4.83971
4.16976
4.4257
4.9572
3.74679
6.6926
4.64331
4.00628
3.48253
3.62282
3.99538
5.65142
3.86858
4.18919
3.67347
4.02199
3.48485
3.50707
3.04578
4.79621
4.60057
3.93781
4.44883
3.6615
4.3568
3.1179
3.55046
3.42402
4.07684
4.19109
3.93148
3.24911
5.65008
3.45552
4.4958
3.68766
3.40572
4.23054
4.39706
3.46897
4.30835
