2.41471
2.41884
2.56632
2.80037
2.43959
2.58202
2.5716
2.55998
2.49878
2.65735
2.47071
2.50451
2.89014
2.88448
3.02662
2.62796
2.46536
2.71113
3.01989
2.40574
2.43091
2.41774
2.72364
2.72691
2.45139
2.67907
2.63779
2.81381
2.83324
2.71339
2.52457
3.05724
2.51055
2.79674
2.64443
2.73837
2.72139
2.51155
2.85112
2.91933
2.46185
2.44714
2.55192
2.49904
2.47883
2.58392
2.62044
2.63674
2.51502
2.69497
2.59777
2.61258
2.4945
2.68395
2.71763
2.56706
2.41609
2.36133
2.42699
2.38618
2.49504
2.56778
2.5085
2.49709
2.77291
2.55378
2.72445
2.85382
2.97031
2.398
2.63116
2.57133
2.34738
2.51679
2.48754
2.57735
2.95291
3.17325
2.34439
2.54493
2.61
2.47186
2.60447
2.54469
2.71079
2.87119
2.45322
2.543
2.59943
2.53918
2.84627
2.70355
2.81182
2.7664
2.7054
2.5142
2.54263
2.49827
2.30906
2.55588
2.63337
2.83286
2.41569
2.78255
2.67313
2.88535
2.55484
2.6077
2.67096
2.67396
2.7421
2.65015
2.60128
2.74117
2.52281
2.67073
2.37541
2.59638
2.66097
2.83596
3.08255
2.82611
2.90279
2.59985
2.78958
2.4625
2.4635
2.59086
2.68912
2.54975
2.74488
2.5464
2.60062
2.32838
2.49914
2.50509
2.66309
2.44809
2.61456
2.6477
2.87045
2.70281
2.5099
2.62285
2.54571
2.29929
2.36048
2.34963
2.56449
2.48282
2.74938
2.66709
2.52157
2.5
2.5894
2.51961
2.51135
2.52147
2.79105
2.65791
2.70296
2.5569
2.85802
2.48972
2.77813
2.45118
2.78165
2.47184
2.54641
2.57297
2.83079
2.72156
2.74784
2.54987
2.5524
2.53249
2.63592
2.45928
2.34615
2.66264
2.64147
2.43231
2.64978
2.55358
2.54486
2.65302
2.60776
2.55549
2.7844
2.61272
2.85406
2.34914
2.38936
2.65679
2.62759
2.64954
2.56354
2.66748
2.54829
2.59921
2.75382
2.47936
2.56699
2.41118
2.54756
2.66402
2.56522
2.7712
2.47638
2.31813
2.77778
2.79624
2.59592
2.62921
2.61448
2.70344
2.69961
2.71735
2.22851
2.53565
2.73415
2.70601
2.71458
2.30009
2.8389
2.8636
2.78379
2.83187
2.54333
2.49432
2.58496
2.29848
2.99507
2.3829
2.26798
2.65836
2.50414
2.5188
2.64867
2.5552
2.51949
2.72489
2.5491
2.43796
2.77523
2.71404
2.43791
2.48764
2.8087
2.66398
2.8859
2.44352
2.47486
2.24752
2.47937
2.27606
2.5771
2.51373
2.54915
2.59238
2.74834
2.4379
2.51188
2.36976
2.64559
2.75564
2.46679
2.48355
2.46844
2.65868
2.4821
2.45422
2.46475
2.87351
2.6
2.72095
2.5668
2.76719
2.56879
2.73457
2.63332
2.51062
2.52898
2.36412
2.79636
2.34832
2.65331
2.65923
2.55884
2.77236
2.67389
2.57069
2.71114
2.5681
2.61203
2.74538
2.53727
2.40825
2.41036
2.60219
2.89507
3.00584
2.59743
2.21769
2.77303
2.37013
2.36012
2.67911
2.43547
2.44765
2.57854
2.58509
2.61278
2.61729
2.73587
2.4782
2.45308
2.59331
2.6656
2.64926
2.51843
2.51504
2.2764
2.37219
2.81364
2.63743
2.74557
2.62915
2.49517
2.40439
2.55793
2.67808
2.76372
2.61727
2.66791
2.60387
2.67623
2.96836
2.65198
2.86145
2.70906
2.40973
2.26662
2.61006
2.44787
2.62601
2.624
2.54271
2.33686
2.3596
2.42711
2.65055
2.66612
2.57172
2.69078
2.50249
3.00376
2.6565
2.76987
2.59799
2.77041
2.79976
2.47159
2.52761
2.77587
2.42124
2.51048
2.79393
2.68836
2.50521
2.45128
2.35912
2.746
2.63951
2.61365
2.6669
2.56091
2.65931
2.5894
2.63386
2.42193
2.48241
2.53633
2.54666
2.34018
2.57519
2.55866
2.55691
2.53956
2.77962
2.39285
2.51826
2.64383
2.68051
2.55746
2.89085
2.35849
2.28851
2.55305
2.68763
2.59533
2.54964
2.38599
2.37612
2.47373
2.61064
2.61776
2.44043
2.74049
2.65056
2.37018
2.68376
2.57103
2.63179
2.65395
2.71022
2.55043
2.43608
2.54991
2.71099
2.24527
2.59004
2.50581
2.61877
2.46517
2.74801
2.64666
2.64416
2.45959
2.30745
2.69182
2.52502
3.04339
2.66932
2.71694
2.42683
2.70853
2.54414
2.49141
2.94982
2.86772
2.76577
2.70296
2.72068
2.47076
2.5994
2.73467
3.03239
2.74488
2.64291
2.51857
2.6623
2.64806
2.74586
2.61915
2.77329
2.49059
2.62444
2.26686
2.64236
2.58944
2.33034
2.8102
2.83767
2.58762
2.43764
2.62434
3.05775
2.73329
2.46114
2.52152
2.76596
2.38672
2.83978
3.14505
2.78355
2.43991
2.67618
2.68904
2.69505
2.82424
2.63978
2.52602
2.86918
2.58392
2.62282
2.54663
2.82352
2.83646
2.66118
2.64007
2.40481
2.96431
2.89961
2.64788
2.61016
2.70178
2.56357
2.56557
2.64193
