5.13766
6.18567
5.2173
4.77526
4.93131
4.51778
6.35058
4.96776
7.4658
7.13604
5.13516
4.72627
4.71595
6.48798
5.80386
5.43506
5.28878
5.26502
5.94396
5.42937
6.06156
4.82556
5.43357
5.38753
5.57209
7.53556
6.13035
6.31814
5.37579
5.16634
5.87669
4.59625
6.56062
5.22582
4.8929
5.31973
6.39756
7.25624
6.70873
5.11847
6.36057
5.46973
5.42651
5.81413
4.7454
6.26416
5.59312
4.37734
4.85673
5.46895
6.97537
6.58149
4.11677
6.3378
6.7301
4.86548
5.07827
4.35183
5.52205
5.83484
7.15955
5.54327
4.41451
5.90401
6.93805
3.95878
7.13164
6.65593
5.39831
4.21988
5.99725
4.07767
4.64638
5.48236
5.6466
6.04186
6.19508
6.16602
6.26353
5.41881
6.53518
5.13866
4.3533
5.64498
4.70867
5.35716
5.78219
4.71599
5.24153
6.26566
7.99583
6.36085
7.7394
5.09971
5.21501
7.24985
6.45561
7.8627
5.27011
5.03817
5.17728
6.30284
6.09062
5.9038
5.76916
5.37945
6.69453
5.40637
5.8881
7.51598
5.29704
7.51031
5.68402
5.8048
5.37988
4.45208
5.11173
4.5894
4.80609
5.94453
6.44865
5.99686
5.31707
4.73424
5.65323
5.37562
5.49276
4.21971
4.77772
5.26286
5.21081
5.40706
4.9036
6.34677
4.57778
5.76776
6.86701
6.34797
6.06744
6.2701
4.14195
4.28073
6.40838
5.47077
4.65626
6.26458
4.56684
5.49233
4.9587
9.182
4.32623
5.08068
6.18261
6.35434
6.32968
5.17127
6.14656
6.25741
3.93665
4.6074
5.99914
5.5123
4.59298
4.89882
5.12183
7.19401
8.26285
6.07343
4.48293
7.27896
6.24653
7.0666
6.61259
4.93809
5.72629
5.13503
4.30103
5.34242
5.30586
7.37352
4.1731
5.2777
3.98246
7.13651
5.18098
5.61734
5.04277
4.65058
4.47471
5.48367
5.30892
4.84993
5.32601
6.38327
5.5042
4.29107
4.51484
8.57627
4.78918
7.31745
5.02533
4.06998
6.08713
5.37967
6.40954
5.67141
5.29486
8.095
6.05576
6.24698
7.08148
6.32503
8.23391
5.11118
5.91725
4.94944
5.40552
5.09861
5.19188
4.23186
6.56289
4.35552
6.33061
4.79356
3.94727
8.54108
5.79265
4.8114
5.42925
6.85496
7.90362
5.10294
5.03042
4.57553
5.17765
5.1634
7.1424
5.41744
4.97203
5.70941
5.27653
7.0948
5.67333
5.06536
6.94379
4.5295
6.65134
5.32709
5.43021
5.06341
5.35599
4.83532
4.73835
6.22255
6.38808
5.77584
5.13485
7.25027
5.4228
7.46245
6.0201
4.97156
6.89129
5.52022
6.69896
5.08218
4.21136
7.01453
4.50224
5.9536
4.5536
6.4811
5.40558
4.5821
6.6904
4.87827
7.59391
6.97084
3.89814
4.99403
5.85611
5.49141
6.79078
6.0515
5.70926
5.00951
7.39595
5.57854
6.07073
6.10307
4.86419
4.67481
5.33552
5.38053
4.97732
7.75227
4.98802
5.90519
5.04732
6.80503
4.83692
6.19574
6.012
5.18334
4.65505
5.19962
4.96762
5.93163
5.64053
4.84845
4.9689
7.89083
6.55508
7.09546
4.57817
4.61566
6.65455
5.2424
6.69475
5.2147
5.28155
4.42054
5.31883
5.19461
5.81117
4.57886
8.53569
5.02068
5.9105
5.25126
5.31315
6.28433
4.74219
5.94906
4.81463
6.28208
5.56668
5.28741
6.42185
8.17275
7.25378
6.52182
5.22112
6.76365
4.87752
6.63125
6.93614
5.89217
5.67971
5.86317
5.17789
4.57899
4.51025
6.07073
4.83531
4.26308
5.77991
5.13794
5.74976
5.71125
5.33879
4.89961
5.18709
4.16217
5.81916
5.8323
6.37154
4.6957
4.97132
5.51849
4.98316
5.42125
4.2927
5.46192
8.64631
5.55196
6.0543
4.48147
5.2495
5.32262
5.10332
6.15262
7.09757
5.90783
5.38829
6.29578
5.68867
4.99699
6.35207
5.41469
5.00306
5.504
5.71851
6.27779
6.13969
5.84416
5.19487
5.41266
4.58642
4.82496
5.5887
4.64499
5.17833
5.48624
4.25838
7.03253
5.32899
5.30375
5.83387
6.99649
4.88708
5.1176
5.91888
5.98053
5.65202
5.92687
6.16319
6.92922
7.28216
6.39887
5.28836
4.93892
6.45458
6.32211
5.45855
4.16386
4.93562
5.05409
6.90258
5.46045
6.04033
4.98925
4.49196
5.38738
5.96101
5.26703
7.36276
4.62022
6.56713
4.70565
5.88893
6.01859
4.96122
5.5374
6.23563
7.68843
5.24045
7.46627
5.60564
4.79049
5.42097
6.51771
4.858
6.13101
5.81968
5.6538
5.70631
5.24762
6.3466
6.96634
5.44447
6.04258
6.42201
5.86434
9.49292
6.12542
5.46122
4.72128
5.29826
5.96648
8.68032
5.82258
5.52259
5.24034
5.27896
5.18843
5.28848
4.36456
6.46916
6.03098
5.29907
6.24942
5.21322
7.07773
4.30388
5.14096
4.60586
5.5828
5.59103
5.43605
4.63481
8.27914
4.80916
6.23785
5.05494
4.69234
5.5808
5.78105
5.37993
5.94214
