6.76455
7.85001
6.78859
6.22489
6.51045
6.08115
8.11508
6.49908
9.10942
8.76258
6.60395
6.38734
6.23046
7.85082
7.33701
7.02844
6.78093
6.70623
7.4053
6.87686
7.5221
6.60631
6.95127
7.06413
7.26146
8.86572
7.57515
7.73575
6.83146
6.71871
7.31334
5.99184
8.15339
6.58225
6.31647
6.78516
7.89821
8.95973
8.39796
6.49637
8.0009
6.82244
7.17322
7.53135
6.12729
7.7846
7.03163
5.74686
6.69553
6.91794
8.64853
8.10432
5.57072
8.07461
8.36105
6.56689
6.60624
5.9986
7.20177
7.52792
8.84178
7.19197
6.28837
7.69823
8.40016
5.44613
8.75354
8.36379
6.76952
5.80549
7.79343
5.54595
6.16598
7.0303
7.34972
7.62476
7.76572
7.87154
7.84523
6.93288
8.00443
6.75763
5.77214
7.43613
6.20797
6.78074
7.44635
6.16405
6.81518
7.56096
9.64569
7.78223
9.35395
6.66278
6.82566
8.8094
8.04948
9.57296
6.62686
6.85785
6.62446
7.96121
7.51694
7.42117
7.53721
6.99879
8.33091
7.01944
7.71642
9.16667
6.88975
9.04315
7.30012
7.39327
6.66557
5.84648
6.61527
5.98507
6.42703
7.48639
8.12735
7.53445
7.11157
6.40539
7.18644
6.95486
7.30063
5.85026
6.37959
6.82309
6.63164
6.83765
6.55678
7.93268
6.14632
7.35666
8.28839
7.83949
7.59476
7.79637
5.74843
5.74064
8.08801
7.20364
6.30232
8.06671
6.06174
7.39179
6.65459
10.5633
5.83741
6.83066
7.82685
7.90617
8.03774
6.74516
7.90176
7.91364
5.26485
6.27381
7.82117
7.25671
5.97223
6.41791
6.78442
8.83505
9.76245
7.77266
5.95717
8.9078
7.84848
8.82216
8.17674
6.61453
7.37038
6.7079
6.02143
6.75307
7.048
9.01268
5.56064
6.75463
5.44631
8.62505
6.8259
7.19751
6.37267
6.43926
5.97991
6.99916
6.61118
6.70142
7.05273
8.03441
7.02391
5.69815
5.97064
10.1618
6.43865
8.66259
6.42091
5.40006
7.87094
6.93417
8.07968
7.13984
6.82792
9.64484
7.63285
7.8483
8.63609
7.76839
9.57252
6.65438
7.33474
6.60177
7.07432
6.62336
6.67065
5.63773
8.27273
6.05772
7.90605
6.20584
5.49826
10.0921
7.55275
6.55777
7.2297
8.34571
9.51419
6.7114
6.50293
6.1572
6.90494
6.80535
8.56595
6.8561
6.41992
7.53002
6.90734
8.73195
7.19062
6.68306
8.3338
6.21611
8.27767
6.88907
7.228
6.71743
7.10731
6.49564
6.22214
7.84097
8.0055
7.34799
6.83031
8.99674
6.83318
9.0855
7.5059
6.7633
8.55228
7.1426
8.18811
6.5534
5.61346
8.63716
6.38073
7.39866
5.94717
8.06747
6.82972
6.12106
8.29401
6.33391
9.22719
8.6782
5.43053
6.50633
7.09136
7.09216
8.40005
7.67167
7.25902
6.63416
8.83205
7.336
7.57123
7.64276
6.6978
6.41628
6.82399
6.97306
6.7777
9.36179
6.8323
7.47361
6.66848
8.60886
6.38241
7.60756
7.73972
6.65617
6.04227
6.85471
6.55587
7.44196
7.27017
6.36846
6.67434
9.53737
8.31224
8.69028
6.20117
5.86779
8.41235
6.54509
8.288
6.81536
6.73169
5.97639
7.1109
6.68475
7.46587
6.08599
9.86927
6.79905
7.53954
6.91677
6.71839
8.04452
6.37031
7.54523
6.30999
7.74881
7.40084
6.61537
8.00992
9.83573
8.99633
8.17394
6.89171
8.36231
6.45499
8.35517
8.46146
7.42943
7.23628
7.29956
6.84834
6.47037
6.30241
7.55798
6.60121
5.91968
7.45512
6.78061
7.03197
7.33268
6.96192
6.378
7.03251
5.92092
7.48089
7.55674
7.98435
6.12729
6.66851
6.99101
6.76408
6.97413
5.77035
7.05658
10.2703
7.09153
7.6048
6.02315
6.80765
7.08746
6.66385
7.6368
8.82792
7.49342
6.96201
7.89731
7.225
6.60785
7.85016
6.96036
6.52742
7.00839
7.30129
8.0464
7.89801
7.36324
6.93365
6.94359
6.21783
6.41816
7.26139
6.28814
6.72635
7.0222
5.65268
8.49466
6.87713
6.88372
7.33346
8.56232
6.30459
6.68811
7.81464
7.56272
7.42384
7.60337
7.82578
8.58696
8.81458
7.85743
6.78618
6.51629
8.09822
7.85496
6.81234
5.70833
6.30858
6.52517
8.57009
6.957
7.7204
6.61134
6.20534
6.90165
7.68594
6.85101
9.14717
6.45287
8.25961
6.2131
7.27081
7.66433
6.51221
7.30669
8.04884
9.24875
6.965
8.99919
7.22501
6.4285
6.79599
8.19099
6.48489
7.54894
7.38146
7.44078
7.39321
6.77396
8.10924
8.4973
6.81339
7.59491
7.83132
7.80902
10.9266
7.47827
6.87983
6.11151
7.093
7.67257
10.1945
7.62759
7.15869
6.99525
6.53727
7.04998
7.08117
6.062
8.00507
7.4263
6.7532
7.83438
6.83066
8.82699
5.88355
6.73333
6.15315
7.34581
7.31707
7.23915
6.15124
9.90934
6.59488
7.83877
6.535
6.21387
7.03333
7.23035
7.28181
7.68863
