2.34322
2.37757
2.17235
2.46299
2.31883
2.33187
2.64663
2.14781
2.33075
2.79485
2.45013
2.57356
2.39236
2.08527
2.48886
2.30652
2.43561
2.10543
2.12643
2.21408
2.18065
2.39173
2.14108
2.32443
2.47906
2.25602
2.68623
2.24596
2.80499
2.63654
2.09371
2.6789
2.64385
2.38767
2.63657
2.35037
2.30309
2.27692
2.44806
2.41274
2.40167
2.35172
1.98977
2.35312
1.99647
2.46707
2.43798
2.48303
2.43053
2.72974
2.41288
2.49379
2.17464
2.43686
2.67149
2.36237
2.2684
2.20171
2.51762
2.47185
2.35747
2.42339
2.2981
2.85119
2.38397
2.52896
2.4196
2.42633
2.43941
2.46877
2.31308
2.30721
2.17939
2.52792
2.17072
2.23078
2.4344
2.15575
2.67849
2.19327
2.30371
2.31133
2.56516
2.46768
2.34964
2.40436
2.34902
2.40289
2.56853
2.27909
2.18613
2.51446
2.42165
2.64997
2.33077
2.28531
2.41192
2.32098
2.40066
2.38998
2.20346
2.61651
2.4659
2.44962
2.13883
2.48175
2.63368
2.13682
2.60485
2.39097
2.35569
2.26932
2.43641
2.50537
2.26555
2.39362
2.31501
2.1518
3.1698
2.35208
2.65861
2.27759
2.54781
2.19508
2.69952
2.64832
2.90718
2.71567
2.6386
2.14098
2.29042
2.59847
2.4962
2.6777
2.2289
2.33538
2.3535
2.34328
2.66487
2.26459
2.16059
2.34802
2.33894
2.37594
2.61412
2.16671
2.45829
2.49206
2.23873
2.4081
2.26653
2.38824
2.35237
2.58759
2.6111
2.13766
2.31689
2.15572
2.40027
2.33743
2.12907
2.57386
2.3873
2.23524
2.19959
2.14812
2.42566
2.50827
2.19219
2.39922
2.68935
2.15403
2.13539
2.39623
2.37851
2.49133
2.45939
2.38323
2.2638
2.32085
2.50628
2.83963
2.30425
2.18683
2.33241
2.83445
2.58801
2.54256
2.20808
2.47888
2.53955
2.39722
2.33993
2.3533
2.3171
2.34396
2.16018
2.09938
2.47749
2.12573
2.26162
2.49997
2.32538
2.33698
2.56644
2.26629
2.45655
2.27524
2.48919
2.21927
2.46501
2.42609
2.39596
2.2368
2.76532
2.73021
2.23174
2.44488
1.87071
2.47511
2.32804
2.41269
2.13377
2.26999
2.35597
2.4667
2.41695
2.32275
2.39437
2.7058
2.53303
2.14997
2.39166
2.2212
2.43531
2.26882
2.53836
2.33004
2.31581
2.19031
2.35135
2.92905
2.14713
2.19796
2.57785
2.26747
2.46453
2.47208
2.29831
2.35163
2.45501
2.24786
2.23453
2.50637
2.26996
2.67976
2.54676
2.43319
2.17137
2.44621
2.59627
2.4168
2.37462
2.80046
2.44321
2.41863
2.21547
2.47872
2.31509
2.23672
2.47023
2.36587
2.49955
2.3893
2.2561
2.77836
2.33433
2.46452
2.01735
2.17415
2.2501
2.77899
2.07965
2.25862
2.8846
2.40585
2.45587
2.23774
2.292
2.2251
2.49423
2.23165
2.72865
2.51584
2.42938
2.21274
2.37599
2.41744
2.67515
2.04905
2.32735
2.42924
2.27516
2.1597
2.43546
2.38703
2.47153
2.54411
2.35309
2.69531
2.42002
2.49555
2.71981
2.58577
2.7115
2.2365
2.40547
2.21929
2.24476
2.25523
2.54398
2.25798
2.39172
2.36352
2.37019
2.10201
2.51475
2.45463
2.40782
2.35514
2.3839
2.50887
2.62346
2.10287
2.51626
2.38686
2.37543
2.31809
2.0071
2.02003
2.47662
2.26875
2.29092
2.44651
2.37215
2.52973
2.34539
2.29198
2.23647
2.28258
2.27908
2.55741
2.4959
2.3229
2.49235
2.37196
2.33985
2.4191
2.48827
2.17283
2.42688
2.84435
2.41293
2.2721
2.60772
2.70902
2.2791
2.16549
2.28728
2.61004
2.20938
2.33215
2.49377
2.68786
2.3847
2.24315
2.17367
2.44386
2.59582
2.25909
2.3684
2.64014
2.1405
2.45253
2.29914
2.3736
2.33902
2.18739
2.32733
2.75711
2.16208
2.27667
2.68926
2.11592
2.32836
2.37839
2.51777
2.22623
2.32908
2.56882
2.2645
2.36566
2.55175
2.47486
2.31616
2.12341
2.49349
2.11438
2.28194
2.1135
2.65596
2.55781
2.2914
2.52348
2.4765
2.47748
2.30688
2.26274
2.49673
2.47387
2.48204
2.35431
2.90303
2.49547
2.50949
2.55172
2.48138
2.47085
2.21814
2.09819
2.0421
2.51496
2.46865
2.36263
2.24934
2.49242
2.33871
2.3133
2.37306
2.8832
2.38258
2.34523
2.60341
2.32326
2.28393
2.40855
2.4573
2.55108
2.58502
2.24227
2.36012
2.3329
2.38349
2.29238
2.32823
2.50942
2.4318
2.14558
2.72447
2.53296
2.22014
2.22759
2.68789
2.45923
2.20783
2.44771
2.55539
2.36162
2.56512
2.2676
2.41469
2.11603
2.54197
2.61961
2.25955
2.41079
2.38816
2.23414
2.45019
2.45537
2.10451
2.46903
2.4793
2.40165
2.63577
2.69115
2.82911
2.35298
2.28699
2.69194
2.0864
2.2771
2.56734
2.47913
2.28962
2.27451
2.24024
2.45673
2.40219
2.39096
