4.23357
3.68056
3.84973
3.28903
3.49496
3.58236
4.04978
4.03907
4.47369
4.1598
4.1329
2.96153
3.46593
3.66955
4.22886
4.38084
3.52646
3.55275
4.4771
4.26473
3.51942
4.16584
3.93423
4.24569
2.66241
4.81811
4.43277
3.34153
3.8547
3.82745
4.26664
3.63019
4.27217
4.01287
3.89562
3.8631
3.69507
3.95967
4.83024
4.14249
3.9407
4.28681
3.56599
3.72956
3.59032
4.60557
3.70629
4.17083
4.15281
3.95341
4.16028
4.18073
3.98782
3.80283
3.65169
4.14899
3.73684
3.66243
3.33381
3.76091
4.34474
4.32244
4.34427
2.93286
4.19173
4.18675
3.72374
4.0846
4.79586
3.65761
5.27578
4.14288
3.01681
4.50755
3.46034
4.19187
4.60755
4.44327
3.41349
4.0016
4.20303
3.36171
4.36972
3.61795
4.08253
3.66229
3.48174
5.72305
4.01573
3.82516
4.86553
4.31424
3.92491
4.78607
4.35952
3.51522
4.00984
3.89606
3.63462
3.44097
3.6731
4.78498
3.43415
3.87826
3.51133
4.16587
3.66397
4.29033
4.46224
3.1952
3.90203
4.22393
3.34697
4.63733
3.30682
3.50579
4.15815
3.65377
3.99574
4.37464
3.64134
4.18688
3.55031
3.35211
3.92482
4.2348
3.33803
3.9267
3.95442
3.92421
3.73755
4.72596
3.96613
3.64846
4.53448
3.55678
4.14109
4.24266
3.61201
3.66021
3.63259
3.30627
3.67061
4.02936
4.29363
4.03929
4.2383
3.60995
5.10562
4.34853
3.82928
3.80087
4.52816
4.46295
4.03005
4.19454
3.8644
3.82997
3.77526
4.26081
3.60918
3.35833
4.41301
4.03688
3.69842
4.27236
4.08766
3.81141
4.08953
3.50945
3.48963
3.85824
3.53677
4.65661
4.32439
3.45615
3.54003
5.12629
3.56726
3.68184
3.79789
3.86426
4.96711
3.70524
3.96121
3.84211
4.23304
3.84394
4.86756
4.01812
4.43462
3.39067
3.46446
3.62343
3.46385
4.27862
3.77043
4.17316
4.12348
3.73945
4.3595
3.71775
3.69207
4.57502
3.72083
3.30146
3.96232
4.37109
4.54158
3.95277
3.97668
4.33024
3.90628
3.60607
3.38088
3.86082
3.8764
4.75236
3.4746
4.87855
3.48811
3.36545
3.68064
4.18593
4.02716
4.16806
3.91339
3.49385
4.27832
4.12676
4.35563
3.93971
3.81421
3.20266
3.67914
4.42655
3.61324
3.38077
3.64478
3.88974
3.74014
4.54614
4.02297
3.33049
4.16825
4.41114
5.02897
4.43954
3.73095
3.54758
4.27155
3.74893
4.02715
4.21179
4.17878
4.35139
3.7804
4.20477
4.02273
4.06339
2.90998
3.74595
4.40066
4.21191
3.48709
3.93865
4.03795
4.4384
4.20216
4.21821
4.15965
4.83306
3.76085
3.37941
4.14011
3.42963
4.42739
3.5798
4.32395
3.622
3.27364
3.69717
3.88464
3.68661
4.10029
4.32825
4.07391
4.62331
4.2031
3.72645
3.56132
3.31721
4.124
3.68181
3.83203
3.56082
3.95815
4.12545
5.93039
4.20909
4.06457
3.76381
4.02314
3.3447
3.71784
3.75516
4.44896
4.06625
3.32905
4.50916
3.17374
3.58832
3.6327
3.31525
3.78047
3.74802
4.01988
4.40943
4.00878
4.04867
3.25659
4.41759
3.87367
3.96882
5.78041
4.57025
4.41642
3.62002
3.69744
4.16939
3.44648
4.75758
3.56014
3.77225
3.52179
4.4045
3.42275
3.62876
4.18729
3.3297
4.8665
3.98192
3.57655
3.77762
4.98612
3.99757
3.92033
4.45819
4.00688
4.25682
3.59926
3.74603
3.50194
4.15854
3.89214
3.21444
4.42807
3.90934
3.47164
3.73571
3.56889
4.58267
4.24942
3.56726
4.24727
3.51162
3.56791
3.69497
3.74891
3.6064
3.73106
3.64896
3.20715
5.11208
3.17238
3.28027
5.05801
3.32533
4.02376
3.87744
3.78354
4.01981
3.59108
3.17793
4.75388
4.52955
3.88798
3.97739
3.45344
4.1297
3.724
3.38516
3.95304
4.09521
4.19104
3.65363
4.22515
4.34843
3.18851
3.90578
4.02515
4.13759
3.78558
3.82703
3.62555
3.31317
4.27494
4.00398
4.05259
3.62428
4.14912
3.50428
4.42921
3.9065
5.02623
3.31713
3.64473
3.60473
4.19786
4.69155
4.02965
3.62956
4.27853
4.03977
3.33022
3.81289
5.40998
4.06085
5.13826
3.18104
5.25694
4.14833
4.24264
4.09421
3.9224
4.31879
3.65319
3.36198
4.2316
4.07745
4.88549
3.68323
3.83594
3.67426
4.22243
4.26273
3.44932
3.70294
3.86747
4.38132
4.38513
4.08983
4.48762
3.57795
3.47095
3.3414
4.14426
3.31879
3.61409
3.76782
4.49082
3.97905
4.1668
3.61633
4.07757
3.35059
3.33592
4.49564
3.54915
4.09696
3.35673
3.98235
5.90596
4.10571
4.41293
4.33627
5.49854
3.64636
3.90009
5.06864
4.35923
3.44843
4.28044
3.69149
3.6319
4.06858
4.2375
3.64768
3.79482
4.63542
3.57652
3.20166
3.50862
4.66457
3.97307
4.743
3.27315
3.70644
3.89112
3.49258
