5.62888
6.22037
5.80267
5.69882
5.5775
5.50197
5.62254
6.05664
6.76551
7.05769
7.11362
5.80352
6.27131
5.53758
6.17962
5.81352
6.31224
5.67142
5.69023
5.7135
5.87542
5.54338
5.61732
6.16418
5.95844
4.92028
5.30036
5.26762
6.7812
5.47618
5.18454
5.85146
5.6656
5.70146
5.62575
5.49197
5.4397
5.91386
6.9261
5.45252
5.36948
6.38344
5.8688
5.40499
6.59201
5.60556
5.24662
6.23571
5.95598
6.763
5.6654
5.5483
6.03121
5.60775
5.93754
7.13926
6.09439
5.83027
5.52173
6.27503
5.98813
5.65771
6.13888
7.32628
5.6909
6.23389
6.26105
5.73556
5.38474
5.85878
5.98367
5.89222
5.92842
6.56557
5.75686
5.56739
5.93593
6.14508
5.30926
5.3159
5.72506
6.31225
5.93197
6.59666
5.77134
5.59794
6.06827
6.44731
6.0563
6.26714
5.86096
5.66537
6.06936
6.39769
5.75294
7.22205
5.9668
6.68211
5.81625
6.02992
5.36774
6.358
5.8431
6.42476
6.14952
5.23427
5.65504
5.67499
5.74999
5.85323
5.80119
5.62973
6.38386
5.90284
6.43505
5.91694
6.31439
6.80302
5.23217
6.18425
5.53709
6.03621
6.41912
6.33968
6.88834
6.1628
6.74637
4.78469
6.55541
5.93583
5.80878
5.81606
5.86653
5.66871
5.76996
5.64224
5.97289
5.90505
5.89647
5.7114
6.28897
5.92271
5.74624
6.13247
6.7365
6.51917
5.41212
6.1487
6.4373
6.82394
5.71033
5.06058
5.97775
6.25988
7.09262
5.55404
6.60011
5.97122
5.98462
6.41824
6.42239
5.39922
5.75302
5.56752
6.16411
6.14331
7.75383
6.54408
6.07416
6.12055
6.22078
6.19036
5.51202
5.8187
5.95764
6.01322
5.68549
6.23407
5.66464
6.44015
5.62008
5.8958
6.15268
5.17003
5.69766
5.77609
5.57064
5.56883
6.48801
6.07477
6.40822
6.30275
6.81714
5.6605
5.61417
5.82188
5.40807
5.66339
6.87467
6.22376
5.37288
5.08258
5.50851
6.02575
5.94529
5.9399
5.51521
8.47783
6.54272
5.85573
6.07598
5.70927
5.64392
5.71173
5.86093
5.86527
6.01524
5.92353
5.62818
6.3625
6.66843
6.2443
6.21124
5.50996
5.80358
5.93295
5.73359
6.17985
5.35348
7.54059
6.29527
6.21368
6.41423
5.68011
6.13104
6.07064
5.56242
5.55438
5.5703
5.86458
5.57389
5.69185
7.41457
6.04822
5.58871
9.44545
5.7773
5.80794
5.50991
5.16281
5.51382
6.25736
6.32215
5.55605
6.20465
5.96393
4.91633
6.00147
5.96274
5.58807
5.16426
5.51802
5.31577
6.2621
5.86989
6.54675
6.29998
5.57036
7.03519
5.57238
6.90318
5.45925
7.3134
6.52465
6.37935
5.40155
6.98136
6.58462
6.06013
5.72859
6.54111
5.75538
5.78617
5.89537
6.80857
7.2219
6.34688
6.76139
6.00535
7.29607
6.01211
5.74274
5.75316
6.2589
5.32505
5.94567
6.10892
5.35902
5.67996
5.69341
7.01172
7.23416
6.4326
5.70906
6.19059
5.09389
6.01695
5.83127
6.16305
6.01981
6.43998
6.51666
6.04004
5.45245
6.08608
5.47272
5.97219
6.1636
6.51834
7.04442
6.33396
6.1075
6.50684
5.65186
5.83994
5.60092
6.16754
5.9786
6.12556
5.19306
5.75861
6.59857
5.7581
6.09738
6.82398
5.10962
5.74425
5.45529
6.69537
6.10985
5.457
5.58676
5.81629
5.7613
5.84423
5.97711
5.77116
5.6755
6.1468
5.69938
5.9371
6.13851
6.66288
5.39832
5.98124
6.40244
5.75919
6.44745
5.96668
5.63212
5.38794
5.23123
5.08639
6.53512
5.92633
6.75987
6.32329
6.1189
5.94184
5.89221
5.96328
6.94937
6.00352
5.49394
5.47602
5.71573
5.84948
5.8539
5.76581
5.7963
5.9465
6.80765
5.31962
7.53559
5.85363
5.60161
6.1111
5.59076
5.57212
5.33129
5.89284
6.44011
5.93717
6.10127
5.52753
5.7615
5.98497
5.93394
4.90087
4.97108
6.04646
5.57312
4.7431
5.3335
5.99103
6.1108
6.20771
6.58667
5.69059
5.58372
5.5944
5.97767
5.65964
6.49811
5.58594
5.77763
5.53974
6.03237
5.46995
5.91356
5.86188
5.97582
6.06084
5.22553
6.23652
5.62267
5.45424
5.33785
5.24315
6.94019
5.11157
6.43471
6.0206
6.03766
5.87637
6.76922
6.3064
6.18511
6.40635
5.38866
5.7783
5.84759
5.56214
6.85825
5.98323
5.5625
5.34839
5.66596
5.51024
5.64589
6.34198
6.03763
5.96328
6.25194
5.60084
6.30899
6.0036
6.07637
5.40617
6.77581
5.81389
6.13556
5.38573
6.03512
5.78832
5.68599
5.65353
6.6399
6.40789
6.72924
5.35398
6.79408
6.28454
5.8432
5.42929
5.24276
5.16121
5.66112
5.6843
6.28889
5.64236
5.47438
5.1296
5.85181
5.85833
5.69458
6.07584
5.77315
5.38816
6.23929
5.40104
5.84703
5.42746
5.81916
6.16605
5.94013
6.79897
5.89237
5.28781
5.65918
