3.86266
3.78132
3.30927
3.91997
3.77656
3.49894
4.18343
3.51381
3.76144
4.49983
4.0727
4.117
3.72865
3.34082
4.00972
3.71394
3.72436
3.20828
3.521
3.4474
3.37474
3.71421
3.64035
3.7041
3.95097
3.61345
4.02876
3.5849
4.19768
4.17115
3.34884
4.35475
4.23171
3.74386
4.14111
3.71675
3.6358
3.64437
3.61028
3.75069
3.85087
3.51138
3.17751
3.87131
3.42857
3.96481
3.67104
4.26901
3.69782
4.24018
3.90702
3.9625
3.29555
3.91976
4.49889
3.67763
3.64735
3.30942
3.89246
3.78884
3.72419
3.64797
3.73438
4.49007
3.79784
4.17101
4.01957
3.82023
4.15136
3.97492
3.65
3.93554
3.36035
4.1113
3.57597
3.68039
3.92694
3.93739
5.05169
3.51601
3.56325
3.80277
4.37841
3.92043
3.54295
3.82544
3.88146
3.94349
4.10281
3.60493
3.52585
4.00749
3.78151
4.26946
3.69096
3.64203
3.9566
3.89264
3.70688
3.7811
3.40713
4.37016
4.06996
4.02381
3.41801
3.84606
4.16957
3.53044
4.28547
3.83971
3.82559
3.52892
3.85083
3.82631
3.60115
3.84677
3.58325
3.37991
4.91125
3.70839
4.50419
3.50181
3.93653
3.46938
4.47136
4.05175
4.32663
4.11657
4.14858
3.46991
3.6416
4.33381
3.76913
4.06193
3.79157
3.72803
4.29998
3.65033
4.02564
3.44221
3.41451
3.60269
3.75274
3.89473
3.97141
3.7315
3.85877
3.88828
3.51355
3.79145
3.63059
3.78227
3.65361
3.98792
4.14705
3.44507
3.51683
3.44675
3.57775
4.13313
3.30234
4.24406
3.95911
3.52195
3.37144
3.22592
3.76425
3.9304
3.54996
3.83692
4.30083
3.36829
3.3677
4.03157
3.9182
3.85607
3.99915
3.73363
3.7635
3.81267
3.89299
4.62006
3.70557
3.55739
3.83459
4.8738
4.24881
4.44652
3.51477
3.89775
3.97165
3.6893
3.72269
3.80858
4.88724
3.60006
3.72121
3.52166
3.8749
3.68229
3.42989
4.19002
3.68352
3.62221
3.91893
3.91443
3.62159
3.62045
3.84297
3.65443
3.74392
3.63581
3.69553
3.53526
4.22426
4.7315
3.68892
3.64355
2.95546
3.81077
3.50934
3.9008
3.43993
3.76996
3.88717
4.29688
3.88931
3.6529
3.83703
4.21289
3.88847
3.37181
3.74348
3.35541
4.16123
3.86486
3.85381
3.77388
3.57137
3.38761
4.28294
4.73836
3.45356
3.51029
4.14663
3.69234
3.90678
3.90896
3.98994
3.70843
3.81077
3.40002
3.61478
4.12571
3.57584
4.17194
3.90785
3.92359
3.82539
3.65377
3.99861
3.71602
3.69659
4.68739
3.93861
4.04169
3.39331
3.89029
3.73711
3.53822
4.08555
3.79136
3.99294
3.69048
3.60883
4.60819
3.58689
3.87919
3.23131
3.51606
3.54331
4.21755
3.21782
3.68039
4.46683
3.8404
3.86266
3.50717
3.56309
3.45943
3.9017
3.53678
4.01565
3.92697
3.75388
3.44308
3.66291
4.06868
4.29098
3.17805
3.72644
4.59053
3.5588
3.51185
3.81458
3.90405
4.38546
4.16597
3.69575
4.26179
3.90609
4.27815
4.21713
4.1109
4.00556
3.7573
4.15155
3.70518
3.52544
3.75454
3.84092
3.51007
3.7952
3.66142
3.53897
3.29162
3.91609
3.59042
3.87749
3.94755
3.78535
3.98612
4.06828
3.27821
3.80728
3.75686
3.74428
3.68636
3.25935
3.24847
3.97267
4.66129
3.56651
3.80822
3.67054
4.0359
3.65814
3.84014
3.41519
3.6656
3.64578
4.27103
3.99268
3.65504
3.78003
3.83902
3.64485
3.71541
4.73878
3.58617
3.95187
4.42045
3.98373
3.55745
4.11259
4.14618
3.6085
3.63514
3.7678
4.55186
3.44478
3.75023
3.81291
4.16304
4.1244
3.41692
3.44457
4.02013
4.09635
3.46493
3.65681
4.02589
3.49256
4.01103
3.50511
3.57995
3.84034
3.67975
4.00337
4.30751
3.42947
3.53256
4.61821
3.19548
3.69936
3.58039
3.8771
3.50358
3.61503
4.03679
3.55604
3.73021
4.08504
3.82645
3.72866
3.3827
3.82282
3.35198
3.94987
3.28048
4.11108
3.92617
3.84287
3.90498
3.7958
3.78787
3.67592
3.57252
3.94156
3.87735
4.50816
3.8667
4.28886
3.8071
3.89883
3.99927
3.81205
4.21533
3.89096
3.47779
3.28012
3.87797
3.84222
3.57832
3.7095
3.81006
3.60136
3.72641
3.76844
4.51049
3.71863
3.63533
4.10153
3.7098
3.48818
3.87628
4.03195
4.08024
3.91272
3.54746
3.96687
3.8659
3.63434
3.60129
4.21702
4.06199
3.81203
3.45482
4.28975
3.82199
3.43265
3.63965
4.19595
4.07982
3.52294
3.92883
4.14018
3.82283
4.52581
3.4588
3.73511
3.32779
3.88303
4.00826
3.38114
4.01092
3.86799
3.70334
3.74073
3.84318
3.35535
3.91292
3.863
3.67489
4.29074
4.19034
4.46535
3.88707
3.69587
4.24741
3.40856
3.41274
4.48079
3.95144
3.81379
3.48733
3.78895
3.77362
3.67093
3.96248
