3.56214
3.61888
3.46302
3.73175
3.40966
3.54818
3.42298
3.85302
3.88123
4.24764
3.76068
3.58983
3.71699
3.49171
3.85247
3.50523
4.00706
3.55577
3.71053
3.71738
3.67253
3.65098
3.57762
3.82776
3.98313
3.14991
3.46479
3.39303
4.2125
3.6211
3.27203
3.85195
3.55027
3.81368
3.63229
3.4021
3.33293
3.68303
4.142
3.67735
3.25082
3.61923
3.57114
3.34155
3.50269
3.66054
3.36978
3.72878
3.90333
4.10572
3.5628
3.62925
4.00689
3.53221
3.52431
4.42708
3.99508
3.6924
3.42067
4.03414
3.3935
3.62999
3.80063
4.54872
3.68203
3.86442
3.9512
3.62335
3.39977
3.71619
3.5657
3.73315
3.63273
4.22143
3.611
3.43233
3.92752
3.90149
3.33252
3.21539
3.62592
4.20118
3.61162
3.88416
3.62163
3.57862
3.83879
3.89553
3.81727
3.79259
3.57368
3.70436
3.71085
3.92969
3.75292
3.91623
3.44042
3.90314
3.74427
3.70309
3.40351
4.01022
3.68534
3.74808
3.81752
3.39159
3.67328
3.44819
3.64221
3.7013
3.75307
3.57904
3.90806
3.69768
3.68297
3.74097
4.03773
3.86344
3.36259
3.96467
3.61822
3.96878
3.74694
4.11189
3.94946
3.53826
4.40975
3.16589
4.26097
3.7334
3.79636
3.87609
3.78118
3.49952
3.81743
3.59987
3.84456
3.85523
3.85317
3.66142
3.83994
3.85772
3.77071
4.01063
3.89009
3.84897
3.55366
3.8451
3.70428
4.3596
3.634
3.29383
3.97304
3.89457
4.13563
3.75405
3.91798
3.91576
3.74734
4.07327
3.84702
3.4887
3.58975
3.51295
3.84635
3.96668
5.0569
4.06971
3.78932
3.71952
3.81479
4.0557
3.47628
3.61397
3.6432
3.52174
3.54746
3.88773
3.63297
4.36238
3.6055
3.51045
3.86221
3.29966
3.69864
3.81015
3.66308
3.49838
3.65978
3.48817
4.0776
3.69329
4.52478
3.62823
3.72797
3.72152
3.61036
3.65805
4.15418
3.8539
3.38352
3.57033
3.53902
3.92007
3.73767
4.03401
3.5966
4.15877
3.97952
3.69885
3.77893
3.65886
3.55344
3.75517
3.78853
3.78877
3.75897
3.82017
3.60793
4.1172
3.93532
3.89526
3.61883
3.65383
3.83073
3.3123
3.73219
4.23348
3.31456
4.67208
4.0494
3.89625
3.32884
3.43739
3.80314
3.74162
3.28717
3.35774
3.45348
3.62133
3.28428
3.82207
3.85339
3.75914
3.58964
5.52278
3.53888
3.83287
3.66984
3.23446
3.37222
4.1175
3.51134
3.67249
3.92712
3.78992
3.24021
3.80657
3.70554
3.68308
3.34581
3.4441
3.52981
3.87324
3.77269
4.11799
3.75446
3.78217
3.63615
3.55246
4.48523
3.36882
3.68612
3.80129
3.88081
3.51259
4.11013
3.68925
3.58501
3.68537
4.50866
3.57746
3.77009
3.84694
3.97488
3.78454
4.0404
4.06165
3.80845
4.74441
3.5812
3.57808
3.67453
4.01784
3.38804
3.8899
3.44307
3.22113
3.59435
3.81082
4.18497
4.50238
3.79513
3.61829
3.92862
3.27994
3.81303
3.62273
4.28119
3.67092
4.07725
3.78839
3.7289
3.53447
3.90416
3.53891
3.77134
3.65401
4.32148
3.36266
3.74083
4.02284
3.91358
3.64972
3.81984
3.61531
3.83923
3.94274
3.81367
3.33483
3.76757
4.3566
3.25479
3.76161
3.70175
3.22416
3.58765
3.55858
3.93529
4.08233
3.57823
3.57679
3.56548
3.63223
3.5513
3.81402
3.46402
3.38842
3.88222
3.54528
3.6546
3.67103
3.96693
3.62148
3.76192
3.79329
3.76912
3.72037
3.61233
3.58936
3.38807
3.44768
3.41633
4.03315
3.73237
4.0346
3.98731
3.75919
3.71825
3.87331
3.63482
4.44368
3.61661
3.54729
3.37294
3.57347
3.69297
3.57507
3.34466
3.77773
3.9236
4.18778
3.50611
4.36285
3.855
3.6182
3.99949
3.61256
3.64842
3.36748
3.71878
4.03171
3.62062
3.78954
3.52005
3.76489
3.87561
3.88434
3.0847
3.07865
3.73682
3.5494
3.11946
3.41779
3.88136
3.9951
4.08935
4.02672
3.65046
3.69977
3.67046
3.72295
3.60908
4.06926
3.36401
3.64403
3.5573
3.87894
3.56068
3.62612
3.57445
3.8026
3.8983
3.32799
3.89437
3.58399
3.49981
3.47283
3.4557
3.731
3.38496
4.04543
4.19224
3.8051
3.65423
4.41625
3.52001
3.94626
3.57624
3.4825
3.62769
3.54026
3.55313
3.91086
3.80695
3.37717
3.35644
3.51271
3.53292
3.70068
3.9981
3.92483
3.78202
3.79836
3.50847
3.9955
3.8063
3.95297
3.45688
4.4018
3.81114
3.93796
3.23776
3.8701
3.46637
3.85524
3.53671
3.55005
4.04993
3.80163
3.29704
4.26108
3.84593
3.61673
3.39847
3.40327
3.26856
3.6017
3.55962
3.99075
3.51522
3.53507
3.26095
3.59438
3.65831
3.64513
3.97378
3.4741
3.52044
3.98365
3.5163
3.63446
3.50645
3.60307
3.91248
3.61546
4.19665
3.74533
3.44285
3.66192
