3.12904
3.1152
3.25092
3.50801
3.15813
3.35764
3.27848
3.29127
3.21279
3.45922
3.14126
3.27032
3.67303
3.87645
4.2202
3.37575
3.1879
3.48468
3.96066
3.0621
3.14524
3.09197
3.46946
3.61619
3.09516
3.46933
3.41771
3.53603
3.58194
3.4655
3.35207
3.9075
3.32153
3.78939
3.45059
3.64793
3.51564
3.20841
3.7349
3.82735
3.13281
3.1891
3.20555
3.22908
3.15814
3.37601
3.32728
3.37756
3.28728
3.48227
3.2812
3.39258
3.18442
3.44688
3.47886
3.28661
3.21363
3.04389
3.18264
3.09167
3.15764
3.24079
3.31015
3.21075
3.66327
3.33231
3.49029
3.94869
3.8624
3.04711
3.35131
3.34542
3.13943
3.19809
3.20731
3.35703
3.83094
4.20786
3.0279
3.34564
3.31658
3.10384
3.30574
3.29889
3.43025
3.63559
3.20299
3.29043
3.3861
3.24039
3.55972
3.35202
3.53717
3.53242
3.53666
3.22507
3.23838
3.29268
2.98956
3.38375
3.39636
3.62683
3.13452
3.55873
3.42119
3.71064
3.36538
3.32364
3.50862
3.49661
3.51044
3.33738
3.46686
3.55243
3.35396
3.45549
3.15211
3.31907
3.46478
3.78154
4.07202
3.64842
3.65342
3.35645
3.55852
3.26611
3.13855
3.43007
3.41191
3.25004
3.60217
3.33791
3.36185
3.05627
3.22104
3.24116
3.43519
3.11059
3.46191
3.36647
3.68267
3.46432
3.18371
3.32837
3.31742
3.02906
2.9899
3.09771
3.29704
3.21925
3.77881
3.39436
3.31914
3.24141
3.31721
3.27692
3.25305
3.35353
3.47047
3.45931
3.43241
3.27486
3.71079
3.18919
3.66206
3.17506
3.60745
3.2208
3.32268
3.36338
3.67103
3.47498
3.53163
3.31077
3.29357
3.36779
3.41855
3.21632
3.02099
3.45016
3.41875
3.12641
3.3855
3.27421
3.3114
3.34487
3.40702
3.27013
3.4999
3.37257
3.66385
3.07698
3.12196
3.39643
3.44734
3.43135
3.30317
3.3501
3.24641
3.33104
3.46765
3.25953
3.35942
3.12122
3.20767
3.38617
3.29885
3.46738
3.2517
2.97913
3.6068
3.57739
3.33836
3.43656
3.35923
3.50428
3.49182
3.54284
2.93722
3.20012
3.4955
3.55846
3.42692
2.95972
3.6041
3.78049
3.58248
3.75838
3.26235
3.16642
3.31814
3.03466
3.97348
3.01359
2.92078
3.35639
3.2506
3.2117
3.37634
3.2609
3.24457
3.44649
3.4299
3.18324
3.60524
3.42996
3.16962
3.22204
3.57671
3.50974
3.9006
3.2291
3.08391
2.90902
3.21901
2.96562
3.3299
3.29474
3.29867
3.31087
3.58589
3.16941
3.31121
3.05416
3.4052
3.8091
3.18839
3.1689
3.16001
3.41975
3.11733
3.32345
3.15203
3.91917
3.41731
3.40046
3.36558
3.53521
3.34513
3.57083
3.41229
3.28574
3.24382
3.11232
3.56234
3.06078
3.54194
3.425
3.29145
3.50448
3.41124
3.29374
3.4143
3.27069
3.34701
3.53479
3.30543
3.0885
3.09323
3.34301
3.65839
3.87023
3.29384
2.8873
3.50845
3.08428
3.04974
3.38844
3.17884
3.19627
3.31523
3.30873
3.41235
3.35622
3.49486
3.28588
3.11738
3.30784
3.40137
3.40734
3.27461
3.29176
2.9436
3.52225
3.63055
3.40916
3.47289
3.36248
3.40119
3.1777
3.38367
3.46784
3.47137
3.39753
3.49539
3.37594
3.4135
3.89159
3.41038
3.60738
3.54289
3.13629
2.962
3.30851
3.14305
3.45282
3.45708
3.49461
2.96032
3.12031
3.16729
3.34631
3.41282
3.34891
3.52056
3.2237
3.80912
3.45551
3.68502
3.30145
3.64714
3.6293
3.27549
3.24326
3.47486
3.09851
3.24054
3.57311
3.39643
3.15394
3.24564
3.04505
3.48174
3.37809
3.39651
3.47909
3.35522
3.48929
3.28713
3.39422
3.073
3.18632
3.22549
3.24149
3.05694
3.37481
3.32874
3.27904
3.22106
3.8597
3.01754
3.29039
3.36112
3.51953
3.42537
3.70708
3.06583
2.96341
3.2894
3.44368
3.29737
3.29262
3.17153
3.08299
3.19616
3.38545
3.39744
3.17158
3.52897
3.36069
3.09695
3.40949
3.32138
3.31521
3.38083
3.46813
3.29512
3.17406
3.26264
3.485
2.9454
3.32907
3.21869
3.35329
3.09082
3.481
3.41238
3.46131
3.20043
2.99318
3.46321
3.27774
4.41533
3.45844
3.62951
3.14931
3.35879
3.2274
3.22553
3.78807
3.65399
3.54957
3.54928
3.46222
3.17213
3.37464
3.45163
3.93633
3.49995
3.36242
3.26474
3.45999
3.39817
3.55186
3.39838
3.59113
3.30474
3.60585
2.89527
3.46745
3.35521
3.05008
3.68316
3.79833
3.39258
3.17626
3.38434
3.83805
3.51328
3.10573
3.20002
3.43261
3.08133
3.65265
3.99263
3.5588
3.11685
3.48807
3.39054
3.53714
3.57162
3.37922
3.32321
3.62475
3.34851
3.31302
3.28831
3.55469
3.58197
3.4395
3.38677
3.10534
3.98819
3.73176
3.42657
3.43116
3.4436
3.36009
3.29528
3.39837
