7.05955
5.45183
6.97935
7.88627
5.73489
6.95186
7.57713
7.60874
8.09706
6.60621
7.9874
6.65115
7.0598
7.36635
7.85641
7.69645
7.1011
6.79447
6.36317
7.44447
7.35157
6.89293
6.74653
8.65899
9.06096
8.44726
8.85826
7.0058
8.23581
6.80272
6.79171
9.86895
6.30236
6.01085
8.86845
8.05339
9.59252
6.41181
6.18865
6.87229
7.28167
6.60036
8.14022
7.26458
6.09696
7.34597
8.52664
6.75153
10.7293
7.60688
8.47794
7.07805
7.89073
6.42819
10.453
7.59682
8.01434
5.44356
9.45443
9.17059
8.66787
9.09502
8.91223
7.3119
6.81101
9.41211
10.0236
8.3657
8.43635
7.42557
8.80879
8.00626
7.19492
10.0618
5.57077
6.7354
5.82367
5.34304
6.63479
10.7895
10.0503
6.83496
5.80081
10.2761
6.21799
10.8305
9.56214
6.42003
9.1706
5.80698
8.77231
6.517
6.03892
7.01987
8.85136
9.99917
8.201
9.95709
8.01495
10.0576
7.07002
7.02379
10.9195
6.15932
7.58822
8.45661
8.45299
6.17185
9.83682
7.00435
7.0602
9.8772
9.61475
6.18198
6.411
inf
6.53643
7.01401
9.87827
6.75628
7.32337
9.63835
8.47821
6.99521
7.54393
4.20527
6.80578
7.32161
6.84562
6.14591
9.58088
7.67003
6.84495
8.49707
8.56491
8.5094
7.92461
9.5172
6.47331
8.17876
8.35662
5.64351
8.86374
6.58942
8.00168
6.65409
8.10334
7.69714
8.26085
7.51335
6.6975
7.82773
7.66385
8.34996
7.17982
5.99534
6.96957
9.36769
6.8752
7.61432
6.7448
9.2525
8.25442
8.15708
7.27675
6.17082
7.209
10.0575
6.67076
7.19388
11.1152
5.73178
6.32868
7.75602
9.88083
6.34822
7.07622
8.23098
8.70609
7.42661
7.40089
10.0726
6.18343
7.62045
8.48625
6.17355
6.48978
4.87263
6.87628
6.27858
9.27779
8.46832
8.77608
6.54369
6.0233
6.8227
9.45203
7.62559
7.96764
6.92294
6.9459
8.96617
8.03645
5.82859
7.60817
7.43939
6.6808
5.95705
6.9173
6.35045
9.8733
7.15434
8.81602
8.08612
9.04142
10.2144
6.15012
9.891
8.52523
6.58811
8.63415
5.6337
7.91289
7.76668
7.58024
5.75173
9.51493
7.77258
6.42431
7.43738
6.69912
8.16572
7.75472
5.15398
7.02516
7.39882
8.96416
6.31372
7.47934
7.91569
7.46659
7.9589
7.88199
8.37676
7.32614
9.88414
6.73628
6.80756
8.98361
9.2222
9.64707
8.12666
6.74487
6.71045
7.23214
5.99737
9.87102
9.66646
5.99488
5.15243
9.04704
9.68876
6.64488
8.87179
9.11676
8.34004
7.05005
9.76249
8.8695
7.75743
7.0131
9.39973
5.7253
6.29707
5.94232
8.90897
5.42469
6.64956
7.42973
6.69664
6.81022
9.20498
8.38674
8.85445
9.27841
6.85834
6.46623
7.74557
8.69422
8.45761
10.2036
5.7008
5.3607
8.7533
9.48756
5.7944
5.11636
10.031
8.72142
5.64989
7.72014
7.9275
8.201
8.63102
8.83611
7.61635
6.95067
9.04382
5.14172
9.18213
8.57154
8.95535
6.66659
6.81867
6.67595
9.88179
8.95715
9.18431
8.02578
7.76151
8.62887
7.59468
4.90424
6.70457
6.71582
8.91616
7.25057
9.00285
8.51601
7.50487
5.04008
7.59232
9.18812
7.15994
inf
7.38017
7.58125
7.51733
7.48514
10.4569
6.90073
7.93676
10.9195
7.27029
8.18121
7.88167
7.77104
6.68094
inf
10.1049
7.59661
8.76205
8.24619
inf
6.86208
7.36787
10.5685
6.96311
8.03298
9.87209
7.06915
8.18644
6.46759
7.50018
8.98448
7.93759
7.44317
7.20979
8.17973
9.34238
7.25082
6.32219
7.77643
7.43992
7.83914
6.59208
9.86502
7.41753
6.53166
9.13517
7.43144
8.58862
8.62709
9.46119
8.19844
8.25471
7.0056
5.16252
7.30537
7.15277
8.44726
7.43348
8.87135
6.62921
6.14679
5.14593
5.77761
6.87027
8.6332
6.92027
8.77892
8.30346
7.01753
6.94233
5.01057
8.24996
5.40942
8.73996
7.24637
5.77571
9.87923
9.87005
9.08961
9.44642
9.48159
10.8709
7.5005
6.25901
9.61956
8.28424
7.39304
5.62554
9.38364
7.77887
7.9612
8.79976
10.4523
7.26253
6.83136
7.0094
6.91933
7.93583
6.79787
6.90352
9.7854
6.85573
7.26057
7.54938
7.16891
7.99844
7.45078
7.08954
6.57786
6.63821
9.85535
6.54361
7.12696
8.01816
5.47662
6.15177
7.30663
9.7639
6.71781
8.62208
inf
6.17672
6.61112
7.53669
6.25016
6.49137
inf
7.47587
6.11138
8.43498
7.9788
7.17188
inf
6.47899
7.86713
6.76995
10.2802
5.49917
5.86737
8.30045
6.97816
5.3121
7.66215
7.3091
9.07919
7.72758
4.83411
6.60208
6.41242
8.34019
7.03531
7.16522
9.02923
11.0054
10.1876
7.50011
7.69009
6.03857
7.01399
6.47843
7.50571
10.5706
6.47649
6.43918
7.0303
6.5934
