2.78509
2.46385
2.34666
2.24907
2.33207
2.3237
2.59549
2.39794
2.42959
2.40312
2.60961
1.74606
2.26431
2.44295
2.73002
2.6997
2.43462
2.28859
2.6187
2.69077
2.32407
2.69314
2.52908
2.73816
1.57509
2.73904
2.77477
2.19783
2.38466
2.45588
2.63667
2.39489
2.63702
2.37912
2.45765
2.59748
2.40338
2.48242
2.78323
2.73204
2.34073
2.7194
2.15057
2.39657
2.41164
2.68187
2.40388
2.69372
2.64394
2.52012
2.41306
2.63796
2.32563
2.38671
2.26217
2.55824
2.41181
2.42873
2.14732
2.50143
2.62217
2.37372
2.83071
1.92619
2.30916
2.67757
2.384
2.18115
2.79575
2.41843
2.51305
2.67027
1.93578
2.67275
2.19245
2.70572
2.99018
2.71744
2.21511
2.49788
2.61125
2.19868
2.59801
2.23389
2.47041
2.16732
2.2513
2.89594
2.67241
2.38027
2.82263
2.77294
2.52388
2.22055
2.71599
2.39133
2.42545
2.46766
2.37703
2.31288
2.30771
3.05576
2.17191
2.31454
2.24505
2.69251
2.25537
2.79141
2.78233
1.93651
2.3953
2.464
2.19149
2.78109
2.04764
2.3599
2.69048
2.41828
2.51722
2.77245
2.30548
2.57313
2.27455
2.10212
2.30393
2.76619
2.21843
2.55068
2.56127
2.67522
2.38858
2.84995
2.42254
2.3657
2.87461
2.25094
2.70393
2.66299
2.33865
2.27372
2.23413
2.09721
2.28478
2.6869
2.64664
2.38571
2.41619
2.34894
3.30639
2.62957
2.55185
2.42981
2.4095
2.57083
2.45511
2.40258
2.59369
2.24986
2.22537
2.72275
2.33174
2.28856
2.60134
2.60488
2.36183
2.77281
2.62018
2.28355
2.36696
2.21472
2.09794
2.33251
2.18054
2.80175
2.65056
2.26536
2.28653
2.57044
2.29334
2.24888
2.53002
2.48787
3.04387
2.27288
2.41733
2.60999
2.76643
2.41786
2.83101
2.57289
2.62739
2.14159
2.19832
2.12488
2.07763
2.62647
2.34736
2.80152
2.5256
2.37717
2.65337
2.49469
2.36064
2.80328
2.36734
2.14073
2.2376
2.84026
2.38895
2.37006
2.37229
2.67751
2.5483
2.33253
2.02244
2.49739
2.52731
2.84618
2.2013
2.96713
2.24993
2.08996
2.3554
2.5674
2.67255
2.5464
2.52047
2.26596
2.75999
2.48471
2.65078
2.5798
2.40251
2.08525
2.33445
2.89995
2.39577
2.08499
2.3348
2.50024
2.33938
2.99673
2.71547
2.16367
2.47453
2.5992
2.95305
2.58656
2.43613
2.30119
2.59732
2.35451
2.43726
2.68919
2.63101
2.63275
2.64068
2.73707
2.61078
2.43155
1.8604
2.40054
2.60495
2.68171
2.21653
2.5968
2.51366
2.78866
2.5822
2.66961
2.65579
3.07797
2.34392
2.45284
2.51795
2.04569
2.82449
2.29531
2.70551
2.30834
2.22311
2.19373
2.67205
2.39809
2.49001
2.81698
2.42852
2.72293
2.88063
2.44148
2.22075
2.13568
2.75107
2.46277
2.50768
2.34083
2.28155
2.58953
2.92026
2.55981
2.61584
2.43078
2.39106
2.10095
2.29186
2.49196
2.98033
2.4995
2.20416
2.61615
1.9062
2.37886
2.29388
1.9291
2.39973
2.26574
2.50499
2.74926
2.37836
2.66538
2.19437
2.49316
2.32622
2.43466
2.91198
2.80817
2.79029
2.34346
2.29239
2.69485
2.19122
2.58063
2.26116
2.42129
2.31739
2.82339
2.31049
2.16714
2.64073
2.06054
2.84239
2.50575
2.28251
2.43207
2.74128
2.36751
2.5237
2.86036
2.57969
2.57759
2.25741
2.30123
2.32798
2.57956
2.6062
2.03436
2.80482
2.43303
2.22064
2.29587
2.40758
2.6995
2.78559
2.24149
2.73965
2.32195
2.28429
2.47955
2.2588
2.21152
2.33027
2.24038
2.03995
2.71576
1.96086
2.09373
2.93425
2.14467
2.44973
2.3888
2.45071
2.54886
2.31911
2.04972
2.89427
2.85241
2.42656
2.22644
2.21724
2.58297
2.40532
2.19109
2.25294
2.45786
2.53546
2.33362
2.44547
2.62934
2.07415
2.64757
2.44642
2.70399
2.47479
2.38392
2.38217
2.11441
2.57805
2.56844
2.54673
2.28063
2.36108
2.26809
2.87409
2.52231
2.92171
2.07593
2.37116
2.2476
2.55142
3.02834
2.53022
2.27431
2.8483
2.49042
2.16176
2.44563
3.24689
2.35701
2.97697
1.88002
2.62562
2.54118
2.59505
2.56994
2.54771
2.75987
2.33287
2.04131
2.49598
2.66305
3.07967
2.28417
2.34978
2.21813
2.81293
2.83353
2.31475
2.15581
2.44768
2.78688
2.9031
2.37931
2.48174
2.35068
2.24704
2.12116
2.46851
2.16186
2.34371
2.54216
2.79517
2.51864
2.74393
2.35792
2.18133
2.13924
2.12425
2.95028
2.26742
2.51817
2.21422
2.47529
2.37348
2.39363
2.61468
2.5296
2.92372
2.29588
2.54229
3.08124
2.53246
2.1773
2.55398
2.17999
2.31867
2.59922
2.68818
2.38971
2.29085
2.35876
2.27251
2.1377
2.25834
2.61921
2.32403
2.81981
2.15206
2.21944
2.54092
2.13027
