5.64279
4.92885
5.49348
4.76855
4.77548
4.88081
5.53329
5.80815
6.91749
5.86578
5.81778
4.13064
4.67698
4.87993
5.77681
6.12956
4.59671
4.78179
6.78834
6.10761
4.60451
5.72792
5.30134
5.63403
3.98255
7.30542
5.76701
4.71554
5.39099
5.06159
5.84046
4.92091
5.88772
5.74876
5.52545
4.98412
4.93255
5.325
6.3025
5.47359
6.1281
5.63983
5.43749
5.12927
4.87455
6.72572
4.91082
5.63924
5.72759
5.3284
6.7713
5.5953
5.59058
5.69807
5.07652
5.59727
5.00386
4.97737
4.61038
4.89498
5.92366
6.81017
5.88163
4.02964
7.39999
5.79242
5.9657
5.95302
7.23395
4.99594
8.52481
5.52592
4.15757
6.1311
4.67815
5.50807
6.0254
6.08447
4.71906
5.52281
6.03334
4.41316
6.35759
4.96912
5.59863
5.36242
4.72213
8.56795
5.72694
5.6623
6.3947
5.80522
5.39101
8.57687
6.41459
4.90514
5.56568
5.46523
4.89135
4.63718
5.35719
6.5388
4.69437
5.34667
4.82007
5.91739
5.37776
5.80103
6.03408
4.85732
5.31678
6.40578
4.85709
6.43852
4.55012
4.6665
5.42439
4.99221
5.48889
6.01574
5.50907
5.46058
4.7307
6.28171
5.51
6.01107
4.44623
5.40673
5.34563
5.24854
5.12545
6.85055
5.37796
4.81906
6.69793
4.90606
5.44719
5.63007
5.19049
5.4083
5.16126
4.75121
5.18352
5.39676
5.65049
6.08623
5.87692
4.88892
6.79174
5.84917
5.00428
5.22857
6.65755
7.02235
5.39593
6.04194
5.07026
5.34748
5.1623
5.57945
4.85276
4.55932
6.0796
5.56745
5.18649
5.76871
5.64637
5.35647
6.31541
5.0489
5.77315
5.55168
4.78386
6.52887
6.09887
5.08221
4.87219
8.23606
4.86859
6.09519
5.01148
5.10552
6.89416
5.30342
5.57301
5.14189
5.64873
5.10886
6.67195
5.53035
6.12003
4.94367
4.93606
5.33678
4.80217
5.92849
5.15786
5.64288
5.60642
5.47389
6.03035
4.96818
5.39658
6.2823
5.02764
4.5674
5.55144
5.6621
7.61981
6.21443
5.64873
5.99608
5.56695
4.86854
5.28663
5.62116
5.3312
6.9238
4.92799
6.40705
4.65101
5.27472
5.08656
5.91471
5.27973
5.79088
5.6251
4.79129
5.84885
5.61444
5.74774
5.2347
5.43146
4.32251
4.97287
5.98601
4.98266
4.74841
4.81547
5.2861
4.97254
5.82684
5.2019
4.54874
6.38124
6.43603
6.89151
6.56959
4.96206
6.17187
6.28177
5.09678
5.6319
5.76726
5.81411
6.06606
4.78512
5.48958
5.79351
5.83169
4.12366
5.08953
6.43215
5.82466
4.77307
5.31143
5.49022
5.91303
6.00276
5.7938
5.76884
6.33188
5.04914
4.30705
5.71595
5.03572
5.85815
4.96609
5.69238
4.97991
4.29856
5.8324
5.12489
4.92748
6.17057
5.84059
6.07176
6.62816
5.34804
5.18467
5.03799
4.62619
5.34023
4.87812
5.12839
4.7718
5.67242
5.68894
9.39096
6.06027
5.63052
5.5013
5.50392
4.70622
5.17495
5.00181
5.65575
5.71012
4.41249
6.25736
5.44256
4.73392
4.95164
4.88037
5.33311
6.3255
5.34034
6.04896
5.89739
5.51748
4.51993
6.78149
5.32699
5.72071
8.5282
6.15739
5.94991
5.19309
4.96837
5.71346
4.6822
7.27646
4.8998
4.96654
4.87076
5.93943
4.52466
5.86109
5.44746
4.81918
7.06142
5.48336
5.03219
5.06742
7.74964
5.94752
5.39314
5.83264
5.4291
5.70955
4.90936
5.3486
4.79725
5.57489
5.47535
4.54079
6.34827
5.41334
4.76402
5.33181
4.65856
6.423
5.51896
4.97172
6.09556
4.94338
4.93735
5.01008
5.25868
5.09868
5.33914
5.60159
4.6235
6.86717
4.61817
4.70801
6.62916
4.62603
5.80082
5.53538
5.19137
5.62571
4.9663
4.63784
6.45595
6.04116
5.44059
6.48247
4.94397
5.74223
5.06109
4.65206
6.80071
5.68624
6.37167
5.02143
6.19584
6.97872
4.34946
5.25272
6.14508
5.57094
5.12679
5.3792
4.89816
4.73701
5.83725
5.64607
5.44447
5.01911
6.13417
4.94115
5.84238
5.20356
6.57853
4.76733
5.15832
5.14222
6.09622
6.21278
5.32677
5.07168
5.78193
5.41401
4.70436
5.05562
7.22656
5.716
7.34966
4.4597
7.83049
5.74165
5.95947
5.46889
5.19199
5.72099
4.99116
5.05268
6.31575
5.50171
7.28588
5.13416
5.98483
5.07567
5.65969
5.64696
5.01431
5.58103
5.24954
6.21684
5.82623
5.60315
6.28785
5.08613
4.94427
4.93532
6.21197
4.53586
4.78325
5.05887
6.82505
5.38218
5.67062
4.85577
6.34561
4.83646
4.91204
6.01584
4.87752
5.88778
4.62866
5.55521
9.26847
5.57614
5.93952
6.04487
8.40037
5.1574
5.30793
7.42041
6.0381
4.80886
5.8905
5.4298
5.15746
6.0247
5.87933
4.92374
5.54708
7.28219
5.12295
4.46445
5.79569
6.6838
6.17093
6.72988
4.52333
5.1596
5.25226
5.12327
