2.72089
2.72977
2.48268
2.83745
2.69186
2.63572
3.03451
2.48493
2.68118
3.20815
2.83558
2.96283
2.7448
2.40288
2.89082
2.65554
2.77309
2.39043
2.47354
2.52609
2.48716
2.73251
2.49555
2.65032
2.84235
2.58525
3.04821
2.57897
3.18943
3.03868
2.41402
3.09951
3.0321
2.73454
3.00612
2.69847
2.65911
2.6164
2.75832
2.75766
2.74361
2.65851
2.28299
2.72331
2.35008
2.84069
2.77036
2.84103
2.75787
3.12556
2.78971
2.87242
2.47168
2.80134
3.10862
2.69668
2.60901
2.49634
2.87834
2.82102
2.70325
2.73248
2.65879
3.27072
2.74635
2.92539
2.78306
2.78008
2.84055
2.82838
2.66159
2.71009
2.48899
2.90549
2.5144
2.5886
2.82233
2.51459
3.15179
2.51303
2.63259
2.6701
2.9577
2.85321
2.65864
2.77428
2.72243
2.78995
2.95825
2.62161
2.51197
2.87232
2.77575
3.069
2.67056
2.61111
2.78869
2.69929
2.74558
2.74692
2.50047
3.05684
2.86983
2.81671
2.4542
2.82157
3.01365
2.45512
3.02388
2.75199
2.71245
2.58486
2.80813
2.8457
2.60551
2.74929
2.64004
2.47198
3.62724
2.70394
3.05999
2.60033
2.91379
2.52714
3.16925
3.00936
3.29775
3.07813
3.02633
2.47009
2.63298
3.00672
2.82814
3.03852
2.61251
2.674
2.73752
2.68106
3.00522
2.57485
2.47717
2.6694
2.68562
2.75587
2.97172
2.52209
2.82363
2.84118
2.57033
2.75877
2.60359
2.71976
2.68702
2.94825
2.98782
2.45819
2.6349
2.48571
2.70819
2.75918
2.4262
3.00309
2.72622
2.57439
2.5022
2.42565
2.76447
2.87472
2.54519
2.74298
3.10698
2.46733
2.45271
2.79443
2.7547
2.85206
2.84234
2.72713
2.62777
2.69094
2.87233
3.28373
2.66458
2.51834
2.70848
3.29679
2.98259
2.98411
2.54164
2.84234
2.88959
2.7297
2.6917
2.72538
2.70943
2.67589
2.49534
2.42295
2.8415
2.49881
2.56112
2.90839
2.67324
2.66664
2.92557
2.61197
2.7622
2.61789
2.84245
2.57301
2.79329
2.74948
2.72815
2.55407
3.15046
3.17224
2.57635
2.77374
2.13969
2.81769
2.63721
2.79052
2.45152
2.6379
2.73201
2.90095
2.78568
2.65013
2.74204
3.08622
2.9033
2.4642
2.73845
2.51759
2.81213
2.64305
2.891
2.6773
2.62805
2.4986
2.77381
3.38261
2.47622
2.52098
2.96808
2.60326
2.82792
2.83879
2.69756
2.68569
2.79066
2.55008
2.54854
2.88773
2.60049
3.0555
2.90088
2.82478
2.5512
2.76079
2.97079
2.75544
2.73047
3.23244
2.79116
2.7942
2.51547
2.84505
2.66953
2.5655
2.85427
2.70892
2.87243
2.70351
2.60349
3.23282
2.66299
2.82548
2.32092
2.50833
2.58137
3.17005
2.37382
2.60962
3.29995
2.77059
2.81964
2.56007
2.62921
2.54882
2.85792
2.56529
3.08494
2.88493
2.77465
2.53745
2.71354
2.79292
3.08191
2.33943
2.68691
2.87502
2.60255
2.48275
2.79238
2.76928
2.90214
2.93095
2.69542
3.07208
2.79387
2.92339
3.10999
2.97348
3.0543
2.61443
2.79202
2.58888
2.55642
2.62804
2.88496
2.58387
2.76708
2.69071
2.67212
2.39956
2.89988
2.76336
2.78006
2.75371
2.7478
2.88701
2.99106
2.40059
2.87086
2.73662
2.71464
2.66587
2.30613
2.33169
2.85999
2.65652
2.62678
2.79292
2.71389
2.91409
2.68283
2.67561
2.5367
2.63864
2.6298
2.96998
2.87763
2.66135
2.84784
2.74172
2.66918
2.75726
2.924
2.52276
2.80194
3.25707
2.79186
2.60389
2.9932
3.08139
2.63506
2.51772
2.65023
3.04584
2.52942
2.70311
2.83452
3.07889
2.75957
2.54349
2.48001
2.81673
2.95173
2.56829
2.71006
2.99968
2.45497
2.84591
2.61395
2.69738
2.70181
2.53827
2.67316
3.17483
2.47106
2.5931
3.11667
2.39624
2.68707
2.70357
2.87353
2.54796
2.65464
2.94418
2.60728
2.71968
2.93697
2.82449
2.66605
2.43616
2.84525
2.43503
2.67694
2.40547
3.02776
2.92327
2.65684
2.86577
2.81109
2.81961
2.65457
2.58279
2.86023
2.83432
2.922
2.72909
3.29154
2.84046
2.87286
2.9376
2.82361
2.88732
2.58427
2.42909
2.35724
2.87603
2.81533
2.68323
2.61116
2.8397
2.65971
2.67796
2.73285
3.30339
2.7293
2.68545
2.97406
2.67557
2.59961
2.76186
2.84987
2.92157
2.91695
2.57171
2.73303
2.71084
2.72061
2.62791
2.75475
2.87958
2.77328
2.488
3.11147
2.87874
2.5322
2.57106
3.08315
2.84102
2.55079
2.83091
2.948
2.73452
2.94542
2.57122
2.75648
2.41665
2.89911
2.98497
2.5602
2.78809
2.75473
2.59925
2.79844
2.81813
2.43085
2.83967
2.85288
2.72958
3.05621
3.06318
3.26945
2.70058
2.64373
3.07779
2.43364
2.58625
3.01054
2.83777
2.66055
2.59323
2.61225
2.79694
2.72793
2.78335
