2.36806
2.37494
2.5211
2.75198
2.39383
2.5328
2.52554
2.51325
2.45187
2.60575
2.42669
2.45623
2.83932
2.82563
2.95756
2.5789
2.41957
2.66199
2.96236
2.36311
2.38459
2.37322
2.67505
2.67075
2.4095
2.62866
2.58705
2.76552
2.78382
2.66369
2.4734
3.00167
2.45985
2.7403
2.59472
2.68125
2.67039
2.46624
2.79654
2.86063
2.41853
2.4001
2.50875
2.45317
2.43488
2.53388
2.5732
2.58792
2.46588
2.64442
2.55253
2.56163
2.44876
2.63346
2.66739
2.52051
2.36623
2.31702
2.38146
2.34135
2.45082
2.52367
2.45777
2.45125
2.718
2.50458
2.67465
2.79108
2.91479
2.35441
2.58384
2.52234
2.29774
2.472
2.44113
2.52824
2.89399
3.10632
2.30078
2.49583
2.56356
2.43
2.55853
2.49562
2.66315
2.82001
2.40618
2.49585
2.54857
2.49487
2.79776
2.66048
2.76256
2.71697
2.65178
2.46745
2.49752
2.44796
2.26539
2.50407
2.58405
2.78087
2.3696
2.73284
2.62398
2.83135
2.50514
2.56069
2.61809
2.62084
2.69154
2.60522
2.54639
2.68888
2.46972
2.62047
2.32734
2.54855
2.60848
2.77992
3.02186
2.77244
2.85422
2.54858
2.73852
2.41418
2.41751
2.53943
2.64208
2.50397
2.69035
2.49424
2.55156
2.28258
2.45259
2.45827
2.61267
2.40454
2.56351
2.60009
2.81744
2.65272
2.46463
2.57596
2.49551
2.25438
2.31874
2.30224
2.51552
2.43617
2.68971
2.61979
2.47193
2.45138
2.54197
2.47028
2.46315
2.47084
2.7453
2.60718
2.65398
2.50942
2.80541
2.4439
2.72345
2.40349
2.72932
2.42374
2.4969
2.52454
2.77626
2.67155
2.69647
2.50177
2.50325
2.4807
2.58492
2.41115
2.30152
2.6118
2.59121
2.3873
2.6005
2.5075
2.49387
2.60612
2.55652
2.50769
2.73608
2.56507
2.80247
2.30303
2.34258
2.60823
2.57771
2.59901
2.51549
2.62235
2.50255
2.55057
2.7071
2.42965
2.51494
2.36571
2.50345
2.61625
2.51817
2.72419
2.42618
2.27443
2.72333
2.74625
2.54711
2.57842
2.56619
2.65342
2.64817
2.66513
2.18339
2.49268
2.68357
2.65234
2.66721
2.25766
2.78885
2.80529
2.73121
2.77432
2.49665
2.45058
2.53796
2.25268
2.93243
2.34133
2.22542
2.61133
2.45626
2.47356
2.6002
2.50772
2.47305
2.6768
2.49474
2.39026
2.72291
2.66673
2.39022
2.44035
2.75832
2.6108
2.82201
2.3948
2.43367
2.20587
2.43165
2.23206
2.528
2.46562
2.50158
2.54499
2.69513
2.39021
2.46308
2.32633
2.5967
2.69411
2.41969
2.43842
2.42222
2.6078
2.43919
2.40085
2.41969
2.81359
2.54851
2.67481
2.51537
2.71734
2.52059
2.68021
2.58259
2.46168
2.48297
2.3171
2.74697
2.30334
2.60024
2.60835
2.51178
2.72348
2.62651
2.52514
2.66383
2.52209
2.5638
2.69494
2.4867
2.36323
2.3648
2.55528
2.8431
2.94878
2.55098
2.17492
2.72311
2.32426
2.31444
2.63218
2.38837
2.39902
2.53062
2.5377
2.56102
2.56815
2.68588
2.42908
2.40957
2.5465
2.61751
2.60113
2.47077
2.4669
2.23374
2.32216
2.76267
2.58776
2.69731
2.58225
2.44259
2.35674
2.50606
2.62684
2.71599
2.5657
2.61641
2.55423
2.62762
2.9096
2.60336
2.81093
2.6558
2.36321
2.22241
2.56515
2.40242
2.57421
2.57337
2.48919
2.29668
2.31239
2.38011
2.60442
2.61623
2.52207
2.63583
2.45528
2.94979
2.60514
2.7122
2.55105
2.71396
2.74566
2.42202
2.48135
2.72779
2.37711
2.46288
2.74216
2.6405
2.46206
2.40219
2.31422
2.69883
2.5906
2.56256
2.61523
2.50997
2.60611
2.54469
2.58482
2.37919
2.43698
2.49047
2.50003
2.29356
2.52381
2.51013
2.50967
2.4947
2.72205
2.35129
2.46837
2.59593
2.62656
2.50433
2.836
2.31401
2.24464
2.50538
2.63763
2.54819
2.50054
2.33832
2.32996
2.42638
2.56241
2.5678
2.39327
2.68979
2.60293
2.32382
2.63598
2.52137
2.58694
2.60624
2.66043
2.50224
2.38952
2.50228
2.66149
2.20036
2.54247
2.4594
2.57165
2.42377
2.70041
2.59681
2.59249
2.41242
2.26331
2.64314
2.47617
2.97969
2.62012
2.66228
2.38078
2.66419
2.49844
2.4454
2.89577
2.81502
2.71361
2.64963
2.67177
2.42461
2.55071
2.68685
2.9758
2.69554
2.59413
2.4705
2.61095
2.59979
2.69418
2.56822
2.72075
2.44012
2.56675
2.22633
2.58912
2.53912
2.2846
2.75597
2.77833
2.53666
2.38974
2.5751
3.0062
2.68249
2.41789
2.47663
2.72095
2.34161
2.78926
3.08796
2.73168
2.39672
2.62379
2.64199
2.64279
2.77532
2.5931
2.47765
2.81915
2.53384
2.57775
2.49859
2.77347
2.78647
2.61268
2.59082
2.35962
2.90082
2.84435
2.59906
2.55795
2.65245
2.51467
2.51826
2.59214
