3.60131
3.53702
3.12885
3.67595
3.53691
3.30143
3.91839
3.26499
3.51003
4.19347
3.76717
3.84695
3.50646
3.12316
3.76433
3.47011
3.50681
3.02054
3.27814
3.23172
3.1724
3.48678
3.36186
3.43595
3.68928
3.36156
3.80985
3.34938
3.97412
3.91679
3.1355
4.06008
3.94812
3.50951
3.874
3.48332
3.42288
3.40031
3.42002
3.52249
3.57541
3.31792
2.96529
3.59699
3.18559
3.70201
3.47259
3.7968
3.48243
3.99237
3.641
3.71385
3.10858
3.64791
4.17217
3.44883
3.40749
3.12871
3.66314
3.56719
3.48971
3.41686
3.48751
4.20955
3.55779
3.87153
3.71336
3.57847
3.82484
3.69755
3.42514
3.64866
3.16368
3.8208
3.31906
3.42616
3.67645
3.48986
4.49949
3.27006
3.35076
3.5315
3.98795
3.6845
3.33767
3.5886
3.60745
3.67626
3.84373
3.37625
3.28105
3.73126
3.55249
4.00005
3.45136
3.39266
3.66636
3.60283
3.48299
3.54271
3.19161
4.07047
3.79973
3.72268
3.18989
3.60686
3.89369
3.25712
3.99397
3.58158
3.55803
3.31054
3.61264
3.59969
3.37124
3.5815
3.36509
3.17453
4.62243
3.4809
4.11118
3.29933
3.70514
3.25736
4.19167
3.80957
4.09935
3.87643
3.88876
3.23766
3.40973
4.00647
3.54801
3.83554
3.51466
3.47208
3.80525
3.42917
3.76468
3.2482
3.19745
3.38785
3.49414
3.63518
3.74783
3.42115
3.62603
3.63709
3.30235
3.55481
3.3879
3.51602
3.4302
3.75198
3.87252
3.21055
3.31895
3.22371
3.37953
3.80589
3.0982
3.96316
3.60328
3.31008
3.17124
3.04132
3.52884
3.69059
3.32517
3.55967
4.03363
3.16462
3.16078
3.73953
3.64308
3.63023
3.73123
3.50209
3.49046
3.54082
3.66095
4.3174
3.46842
3.3052
3.5732
4.48347
3.94787
4.07931
3.29159
3.65887
3.71445
3.46891
3.48358
3.56027
4.03893
3.39554
3.38113
3.22176
3.64503
3.40291
3.22445
3.88065
3.45029
3.40227
3.6958
3.55467
3.4246
3.38721
3.61667
3.39624
3.52323
3.43801
3.47421
3.29422
3.97702
4.34691
3.41854
3.45276
2.76437
3.58202
3.31062
3.64922
3.20171
3.50294
3.60767
3.96461
3.63459
3.40549
3.57363
3.92719
3.68029
3.16587
3.51692
3.16667
3.789
3.56612
3.63508
3.50092
3.34383
3.18309
3.89363
4.42408
3.22954
3.27319
3.87242
3.42503
3.6589
3.65716
3.67963
3.45973
3.55384
3.20668
3.31771
3.82229
3.353
3.91575
3.67474
3.67436
3.50984
3.44564
3.77093
3.49978
3.48317
4.32695
3.65949
3.71946
3.19094
3.65269
3.48682
3.31053
3.78252
3.53297
3.72833
3.45615
3.38368
4.28264
3.37876
3.63813
3.01919
3.28487
3.32082
3.98927
3.02773
3.41819
4.20345
3.58831
3.62978
3.28661
3.35299
3.25629
3.66386
3.31314
3.81358
3.69543
3.53228
3.24006
3.44961
3.7443
4.00859
2.98744
3.48962
4.12123
3.33813
3.25726
3.58437
3.64062
4.00831
3.86699
3.4648
3.96609
3.64972
3.96426
3.96658
3.84744
3.79291
3.48937
3.79
3.44668
3.29287
3.49587
3.62425
3.30356
3.56809
3.43399
3.33532
3.08402
3.69695
3.40786
3.62756
3.67259
3.55274
3.73586
3.82087
3.07426
3.60459
3.52161
3.5016
3.45153
3.01713
3.03788
3.71579
3.93058
3.35816
3.57248
3.45482
3.78031
3.43481
3.57195
3.21313
3.4338
3.41428
3.96445
3.73657
3.426
3.57888
3.58365
3.4143
3.49658
4.22683
3.33354
3.68378
4.15769
3.69851
3.34196
3.84961
3.90041
3.39356
3.37044
3.49863
4.17591
3.23846
3.51709
3.58795
3.92023
3.7421
3.2149
3.20537
3.72251
3.80711
3.25358
3.44399
3.78449
3.19909
3.74395
3.30506
3.38423
3.56693
3.40026
3.57631
4.06069
3.19764
3.31303
4.2335
3.01262
3.46628
3.38532
3.64582
3.28292
3.38777
3.78563
3.34574
3.4981
3.81211
3.59819
3.47805
3.16145
3.60363
3.14081
3.6475
3.07384
3.85073
3.70303
3.5487
3.65886
3.56621
3.565
3.44068
3.33076
3.68813
3.63785
4.1189
3.60086
4.0709
3.58775
3.66899
3.7611
3.58242
3.90138
3.54272
3.22616
3.07226
3.64621
3.5997
3.37744
3.45265
3.59151
3.38356
3.4826
3.53077
4.23436
3.49267
3.42462
3.83086
3.47423
3.28498
3.60731
3.76822
3.79542
3.6771
3.3187
3.65248
3.59587
3.43246
3.37625
3.82037
3.77594
3.56898
3.23897
4.00474
3.61391
3.22561
3.39219
3.94385
3.76693
3.30266
3.67743
3.86575
3.57736
4.01704
3.25051
3.5116
3.11435
3.6619
3.77749
3.19711
3.69412
3.60526
3.44688
3.52837
3.61317
3.15092
3.66715
3.64424
3.45705
4.0052
3.91247
4.20991
3.5285
3.45859
3.97403
3.1942
3.22912
4.12655
3.67786
3.54089
3.28861
3.49853
3.54726
3.45695
3.69283
