3.96534
3.87898
3.38017
4.01617
3.86947
3.57786
4.28842
3.61694
3.86082
4.62181
4.19889
4.22537
3.81747
3.42865
4.10546
3.8105
3.81123
3.28359
3.6184
3.53456
3.4552
3.80572
3.75408
3.81967
4.05564
3.71726
4.11543
3.67926
4.287
4.27197
3.43397
4.47254
4.34437
3.83865
4.24858
3.80922
3.71866
3.74325
3.68531
3.84172
3.96446
3.58866
3.26391
3.98253
3.52359
4.07092
3.74897
4.50919
3.78383
4.33705
4.01871
4.06081
3.37043
4.03259
4.6283
3.76997
3.7425
3.3808
3.98383
3.87802
3.8175
3.74783
3.83244
4.60264
3.89316
4.29191
4.14368
3.91747
4.28587
4.08734
3.73967
4.0506
3.43851
4.22867
3.68372
3.78192
4.02674
4.1555
5.29102
3.61795
3.64855
3.91214
4.5475
4.01291
3.62609
3.91965
3.99098
4.04969
4.20389
3.69886
3.62591
4.1193
3.87275
4.37517
3.78751
3.7435
4.07978
4.01167
3.79865
3.87693
3.4948
4.48831
4.17601
4.148
3.51025
3.94209
4.28141
3.64431
4.40048
3.94501
3.93319
3.61556
3.9469
3.91715
3.69328
3.95671
3.671
3.46207
5.02549
3.79873
4.67405
3.58194
4.02849
3.55337
4.57836
4.14906
4.41671
4.214
4.25236
3.56229
3.73335
4.46864
3.86077
4.14985
3.90307
3.83312
4.53651
3.7381
4.14523
3.51879
3.50142
3.68862
3.85886
3.99654
4.05931
3.86141
3.95085
3.99178
3.5969
3.88529
3.72831
3.89358
3.74386
4.08126
4.25721
3.54081
3.5951
3.53719
3.65693
4.26301
3.38447
4.35498
4.12727
3.60582
3.45174
3.30003
3.85955
4.02527
3.63905
3.95414
4.40512
3.44905
3.44997
4.14902
4.02841
3.94575
4.10587
3.82588
3.87471
3.92878
3.98567
4.73739
3.8001
3.66287
3.93861
5.03346
4.3683
4.60035
3.60352
3.99189
4.07472
3.77732
3.81857
3.90768
5.27959
3.68013
3.87242
3.66503
3.96468
3.7943
3.51416
4.31533
3.77827
3.71006
4.00769
4.06741
3.70054
3.71474
3.93245
3.75999
3.83258
3.71405
3.78391
3.63627
4.32378
4.88285
3.79856
3.71866
3.03241
3.90192
3.58877
3.99996
3.53823
3.87787
4.00331
4.42915
3.99014
3.75841
3.94365
4.34261
3.96849
3.45357
3.83253
3.43009
4.32729
3.98635
3.94318
3.8882
3.66529
3.46974
4.44223
4.86379
3.54273
3.60731
4.25543
3.80155
4.00498
4.0113
4.11442
3.81069
3.92524
3.47713
3.75524
4.24913
3.66401
4.27242
4.00204
4.02326
3.95519
3.73794
4.08804
3.8014
3.78096
4.83142
4.05036
4.18009
3.47431
3.98437
3.83822
3.62981
4.20983
3.89499
4.09973
3.78454
3.69709
4.7382
3.66934
3.97445
3.31664
3.60786
3.63257
4.30637
3.2928
3.79075
4.57201
3.94328
3.9537
3.59604
3.64674
3.53976
3.99657
3.62666
4.0944
4.01735
3.84157
3.52387
3.74759
4.20338
4.4047
3.2541
3.82097
4.78622
3.64731
3.61788
3.90525
4.0097
4.5403
4.2853
3.78868
4.38428
4.00796
4.40094
4.31626
4.21687
4.08978
3.86559
4.30965
3.80835
3.62014
3.8567
3.92681
3.59094
3.88492
3.75309
3.62217
3.37508
4.00132
3.6624
3.97663
4.05681
3.87674
4.08563
4.16704
3.36031
3.88651
3.85084
3.84234
3.78016
3.36636
3.33289
4.07598
4.98692
3.64824
3.90253
3.75613
4.13681
3.74731
3.94698
3.49565
3.75708
3.73794
4.39235
4.09436
3.74662
3.85859
3.94137
3.73917
3.80313
4.95148
3.68945
4.05794
4.52386
4.09782
3.64245
4.21923
4.24439
3.69328
3.74065
3.87686
4.70689
3.5266
3.84233
3.90361
4.25865
4.30314
3.4982
3.54483
4.14169
4.21684
3.55128
3.7418
4.12421
3.6438
4.11706
3.58431
3.65703
3.95062
3.79467
4.22847
4.40392
3.5248
3.62085
4.77567
3.26877
3.79416
3.65773
3.97032
3.59146
3.7079
4.13647
3.63869
3.82304
4.19563
3.9177
3.82946
3.47174
3.90979
3.43782
4.07152
3.36454
4.21894
4.01435
3.96429
4.00412
3.88799
3.87773
3.77033
3.67277
4.04344
3.97289
4.65951
3.97295
4.37439
3.89454
3.9891
4.09384
3.90456
4.34084
4.03971
3.57972
3.36193
3.97252
3.94084
3.65777
3.8135
3.89639
3.68816
3.82488
3.86404
4.62055
3.80892
3.71792
4.2115
3.8028
3.56967
3.98594
4.13355
4.19823
4.00757
3.63998
4.1008
3.97417
3.71364
3.69167
4.41651
4.17742
3.9092
3.54042
4.40636
3.9037
3.51551
3.73765
4.29691
4.2108
3.61107
4.02951
4.24848
3.91932
4.76287
3.54336
3.82408
3.41433
3.97141
4.09931
3.45471
4.15014
3.9749
3.80606
3.82648
3.93352
3.43579
4.01117
3.94833
3.76194
4.40756
4.30618
4.56342
4.06766
3.78906
4.35582
3.49272
3.48566
4.62141
4.06758
3.92353
3.56537
3.90927
3.86497
3.75537
4.06903
