3.43656
3.43288
3.54342
3.79539
3.47865
3.70625
3.58503
3.62076
3.51891
3.80795
3.43495
3.62263
4.01891
4.37641
4.76785
3.70866
3.51884
3.83632
4.42496
3.35132
3.45438
3.38568
3.79436
4.00715
3.386
3.81876
3.7593
3.84356
3.90374
3.7907
3.74318
4.2807
3.69248
4.36878
3.83753
4.07779
3.86458
3.51631
4.14405
4.23056
3.4266
3.53709
3.48695
3.572
3.45933
3.73255
3.61878
3.70078
3.6369
3.83552
3.57885
3.72435
3.4776
3.76916
3.79859
3.59919
3.57361
3.33632
3.56731
3.4072
3.43781
3.53607
3.67436
3.52457
4.0926
3.7041
3.81449
4.51096
4.2724
3.31345
3.66901
3.69482
3.48243
3.49712
3.51991
3.71507
4.20129
4.65289
3.34134
3.74797
3.62453
3.37455
3.61129
3.62196
3.73282
3.95379
3.54844
3.63173
3.72469
3.55938
3.85321
3.63102
3.84342
3.88417
3.90542
3.53711
3.54619
3.63737
3.27934
3.7799
3.74235
3.96283
3.45011
3.91572
3.74349
4.06812
3.74159
3.62634
3.88234
3.85142
3.83184
3.63777
3.84994
3.91011
3.71196
3.80882
3.56606
3.62424
3.8029
4.29413
4.51805
4.00264
3.98455
3.65724
3.8942
3.68381
3.41088
3.83805
3.72886
3.55159
3.97803
3.67519
3.68336
3.38931
3.54252
3.57673
3.75785
3.39648
3.91077
3.68009
4.02805
3.78226
3.47401
3.63362
3.65171
3.38535
3.25421
3.42773
3.60615
3.54931
4.28559
3.71419
3.67881
3.55424
3.62736
3.59928
3.57185
3.7428
3.75348
3.84078
3.73888
3.58049
4.12255
3.49509
4.10739
3.47459
4.00856
3.54847
3.66349
3.81135
4.04833
3.79559
3.86544
3.65654
3.60695
3.74953
3.75565
3.57241
3.2981
3.78624
3.76099
3.42637
3.69051
3.60105
3.63325
3.63186
3.7504
3.56641
3.79829
3.7323
4.02933
3.39131
3.45315
3.71757
3.87583
3.76769
3.6253
3.64494
3.5439
3.63517
3.77736
3.59486
3.68829
3.44396
3.48517
3.68947
3.62571
3.7588
3.58128
3.26198
3.95831
3.92718
3.65517
3.7993
3.67652
3.89335
3.83524
3.92767
3.24694
3.49325
3.81992
3.94034
3.73329
3.24188
3.95534
4.18986
3.91781
4.18871
3.57479
3.45633
3.65961
3.37705
4.37538
3.28175
3.19916
3.65772
3.57615
3.51227
3.70059
3.55648
3.56877
3.75738
3.8269
3.50817
3.99403
3.73791
3.47967
3.54027
3.90926
3.91674
4.34821
3.59614
3.33544
3.20758
3.53883
3.26511
3.65158
3.66784
3.64457
3.62076
3.95903
3.48364
3.69836
3.36125
3.74508
4.31538
3.49757
3.46119
3.44507
3.74521
3.37627
3.75015
3.44333
4.55689
3.78695
3.68149
3.71302
3.8812
3.72135
3.9364
3.75038
3.6348
3.56726
3.44719
3.89312
3.37805
3.97786
3.7407
3.61447
3.82007
3.74084
3.6291
3.70718
3.57884
3.66841
3.88298
3.62789
3.37882
3.37466
3.67586
3.97731
4.23588
3.58933
3.17669
3.8119
3.39926
3.33799
3.69063
3.5147
3.51296
3.63149
3.62535
3.75534
3.67182
3.82341
3.69914
3.41168
3.62315
3.72832
3.73865
3.62824
3.66597
3.23847
5.04528
4.02873
3.75904
3.78196
3.69724
3.85861
3.53612
3.75452
3.81321
3.76631
3.74122
3.87831
3.72478
3.72295
4.29152
3.75426
3.92589
3.91801
3.45182
3.26793
3.63388
3.44268
3.8267
3.86797
4.01319
3.23453
3.46587
3.49434
3.64304
3.72238
3.6911
3.86888
3.53666
4.16368
3.81659
4.0992
3.59093
4.02629
3.98582
3.64893
3.567
3.75802
3.39335
3.54901
3.90637
3.6871
3.4305
3.64358
3.3357
3.81231
3.68922
3.73814
3.85666
3.70428
3.84876
3.60494
3.73597
3.35104
3.49341
3.51851
3.53419
3.36489
3.72039
3.6697
3.58682
3.51045
4.62613
3.28142
3.62522
3.65812
3.87857
3.84127
4.04721
3.38957
3.25074
3.62362
3.7658
3.59365
3.61107
3.55036
3.386
3.50103
3.75786
3.75381
3.48481
3.87306
3.66389
3.41452
3.72123
3.62826
3.6121
3.70462
3.78719
3.61692
3.50515
3.55838
3.8369
3.25186
3.64699
3.52823
3.67844
3.36129
3.80018
3.75005
3.82924
3.52675
3.2863
3.81747
3.60517
5.51862
3.81211
4.09021
3.46761
3.63477
3.50829
3.55371
4.15025
3.98177
3.88117
3.92577
3.78151
3.47292
3.73455
3.75108
4.33548
3.83401
3.65451
3.59273
3.81728
3.72348
3.90595
3.75352
3.95665
3.67141
4.08629
3.16582
3.82116
3.67954
3.36362
4.09129
4.26106
3.77124
3.5004
3.72656
4.17386
3.85221
3.37161
3.49203
3.71341
3.38335
4.04435
4.34736
3.87852
3.42594
3.83507
3.68122
3.95736
3.89697
3.73491
3.70559
3.9535
3.70658
3.61748
3.60682
3.85116
3.89117
3.81098
3.70189
3.41886
4.44386
4.07396
3.78914
3.78939
3.75804
3.7565
3.61594
3.71683
