2.95267
2.60808
2.5093
2.37473
2.46839
2.47269
2.76171
2.57463
2.62183
2.58393
2.78082
1.87573
2.40815
2.5939
2.90167
2.88076
2.57148
2.42988
2.81146
2.87643
2.47206
2.85389
2.69126
2.91634
1.69131
2.9331
2.96883
2.32379
2.54874
2.62345
2.80845
2.53933
2.81517
2.55339
2.6164
2.75804
2.55748
2.65539
3.01652
2.89872
2.50475
2.91243
2.28958
2.54942
2.54534
2.88935
2.56678
2.86356
2.81455
2.69157
2.58184
2.81677
2.50238
2.54235
2.41703
2.74265
2.5642
2.57524
2.27995
2.65362
2.81032
2.54345
3.01054
2.04557
2.46233
2.85441
2.53067
2.3626
2.99988
2.5597
2.69694
2.84656
2.06181
2.87514
2.34362
2.88328
3.18369
2.8986
2.34981
2.66895
2.79855
2.33774
2.78474
2.39363
2.65541
2.32339
2.39681
3.11127
2.82117
2.53558
3.04348
2.96005
2.68556
2.37457
2.8834
2.52565
2.59887
2.62899
2.52511
2.44342
2.46093
3.25609
2.31425
2.48571
2.39965
2.86196
2.40733
2.97438
2.9819
2.06631
2.56568
2.6438
2.32027
2.98491
2.19415
2.50138
2.87783
2.56552
2.68982
2.95051
2.44878
2.75914
2.42807
2.21715
2.48126
2.92562
2.3516
2.71294
2.72181
2.82511
2.54255
3.04519
2.59788
2.51974
3.06139
2.4031
2.87673
2.8437
2.48658
2.42013
2.38816
2.23055
2.44184
2.85058
2.84344
2.56639
2.60557
2.4989
3.5091
2.83083
2.70528
2.58627
2.61387
2.75619
2.63259
2.58431
2.75206
2.41842
2.39497
2.90161
2.48845
2.42024
2.79758
2.76683
2.50908
2.94643
2.7921
2.44905
2.54622
2.3604
2.24467
2.4961
2.33696
2.98575
2.83775
2.40417
2.42714
2.76956
2.43717
2.39952
2.68233
2.65733
3.25069
2.43209
2.58405
2.76256
2.93486
2.58749
3.05193
2.73642
2.8279
2.28006
2.34025
2.27613
2.23252
2.80109
2.50679
2.9646
2.69773
2.52594
2.84431
2.6364
2.50926
2.99501
2.52572
2.27685
2.4243
3.02389
2.56972
2.52861
2.5453
2.85671
2.70073
2.48488
2.15864
2.65053
2.68251
3.04932
2.34084
3.18712
2.39861
2.22737
2.51061
2.74777
2.84071
2.72502
2.6819
2.40912
2.93553
2.66044
2.85367
2.74095
2.5569
2.21971
2.49208
3.07991
2.54109
2.23389
2.49172
2.6652
2.51035
3.18903
2.88391
2.29389
2.6542
2.78142
3.17478
2.76798
2.59392
2.43852
2.78906
2.51085
2.61047
2.86025
2.79399
2.81834
2.7919
2.91412
2.76397
2.60157
1.97964
2.55611
2.79604
2.85621
2.35855
2.75073
2.68785
2.97741
2.75781
2.84805
2.83063
3.28826
2.51082
2.57105
2.69399
2.1946
3.01518
2.44414
2.90235
2.46066
2.35079
2.33826
2.82087
2.55068
2.65787
2.98738
2.59102
2.93382
3.04307
2.58605
2.376
2.27289
2.92669
2.60128
2.66081
2.48967
2.45792
2.75659
3.11135
2.73998
2.77777
2.58142
2.57663
2.23639
2.45141
2.64827
3.16455
2.66811
2.33837
2.82561
2.03133
2.52857
2.45372
2.07401
2.55451
2.41854
2.68495
2.94138
2.54987
2.82537
2.32022
2.68439
2.49405
2.60401
3.12119
3.00327
2.98533
2.4948
2.45893
2.86318
2.33366
2.78126
2.41246
2.57961
2.4583
3.00203
2.44958
2.31464
2.82766
2.20194
3.04263
2.66755
2.42567
2.5813
2.9441
2.54073
2.68591
3.05853
2.7434
2.76363
2.41411
2.45995
2.46609
2.76626
2.7543
2.16766
2.98403
2.60385
2.36464
2.45447
2.54526
2.88446
2.95798
2.39255
2.90319
2.4652
2.42372
2.63
2.43
2.36622
2.48828
2.39193
2.17078
2.95758
2.09412
2.23231
3.1769
2.28074
2.62277
2.55243
2.60081
2.71042
2.46762
2.17361
3.10085
3.04611
2.59795
2.38981
2.3552
2.7612
2.55337
2.33262
2.41692
2.63769
2.71128
2.48587
2.62648
2.80168
2.20548
2.79873
2.6099
2.87285
2.62457
2.54488
2.52723
2.24878
2.76728
2.743
2.72399
2.42895
2.54142
2.40198
3.06153
2.68459
3.13772
2.21419
2.51413
2.39314
2.72478
3.21892
2.70411
2.42941
3.00924
2.66596
2.29646
2.60553
3.48394
2.54227
3.18879
2.02121
2.85371
2.71294
2.77712
2.75408
2.71034
2.95155
2.48095
2.18385
2.67082
2.82935
3.27634
2.44386
2.50477
2.37865
2.98401
3.00485
2.44986
2.31238
2.60444
2.96813
3.07781
2.56576
2.68644
2.48637
2.38589
2.25648
2.65101
2.29811
2.49597
2.68611
2.98132
2.68521
2.90959
2.51223
2.3495
2.27507
2.25471
3.13483
2.41316
2.69315
2.35143
2.64339
2.56079
2.57811
2.81699
2.72218
3.14549
2.44612
2.69079
3.28435
2.72776
2.32099
2.74712
2.34768
2.46905
2.76042
2.85858
2.54452
2.44833
2.55127
2.41505
2.2598
2.39711
2.82571
2.48731
3.02431
2.28576
2.39291
2.69587
2.27605
