3.52028
3.52089
3.62252
3.87168
3.56709
3.80281
3.66857
3.71199
3.60217
3.90215
3.51617
3.72143
4.11407
4.51984
4.90989
3.80205
3.61205
3.93398
4.5573
3.4315
3.53828
3.46712
3.88313
4.1125
3.46832
3.91357
3.85359
3.92709
3.99135
3.87981
3.85367
4.38276
3.79649
4.54835
3.94842
4.20062
3.95911
3.60132
4.25659
4.34129
3.50671
3.63652
3.56389
3.67006
3.54219
3.83039
3.69626
3.7894
3.73387
3.93272
3.6606
3.81351
3.55799
3.85557
3.88374
3.68398
3.67343
3.4151
3.68008
3.49412
3.51372
3.61756
3.77594
3.61021
4.21495
3.81342
3.90054
4.66922
4.38531
3.38456
3.75869
3.79163
3.57378
3.57976
3.60486
3.81433
4.30289
4.77153
3.43033
3.8698
3.70928
3.44783
3.6947
3.70925
3.81355
4.03895
3.64542
3.7269
3.81617
3.64827
3.93146
3.70693
3.92793
3.9862
4.00743
3.62478
3.6309
3.7298
3.3567
3.89293
3.83942
4.05312
3.53636
4.01774
3.83101
4.16506
3.84566
3.7072
3.98396
3.94738
3.91738
3.72004
3.95474
4.00779
3.80834
3.90641
3.71393
3.70657
3.8926
4.44677
4.63774
4.09895
4.07472
3.73615
3.98715
3.8122
3.48328
3.95491
3.81541
3.63341
4.07986
3.7674
3.76861
3.48359
3.63209
3.67111
3.8436
3.47453
4.05079
3.76651
4.1205
3.86681
3.55472
3.71824
3.74384
3.48991
3.32544
3.51793
3.69042
3.64004
4.42507
3.80202
3.77694
3.63859
3.71036
3.68632
3.65821
3.8503
3.8294
3.95173
3.82231
3.66339
4.23774
3.57924
4.24013
3.55446
4.12937
3.63781
3.75608
3.97004
4.15491
3.88247
3.95498
3.75214
3.69231
3.85494
3.84684
3.67918
3.37159
3.87589
3.85501
3.50785
3.77206
3.69265
3.72072
3.70896
3.84241
3.64562
3.87865
3.83531
4.12961
3.47533
3.54647
3.80572
4.00709
3.85794
3.71319
3.72592
3.62403
3.71654
3.86142
3.68437
3.77573
3.53506
3.55985
3.77053
3.71701
3.83743
3.6695
3.33975
4.05296
4.0226
3.74115
3.89857
3.76142
4.00631
3.92837
4.03669
3.33187
3.57352
3.90859
4.04467
3.81647
3.31754
4.05613
4.30341
4.00736
4.30852
3.65973
3.53523
3.75715
3.4736
4.4798
3.3542
3.2744
3.74141
3.66388
3.59468
3.79266
3.63676
3.65917
3.84249
3.93501
3.5965
4.10507
3.82159
3.56292
3.62631
3.99976
4.0348
4.46917
3.69929
3.40282
3.29016
3.62548
3.34622
3.73858
3.77424
3.74229
3.70538
4.06085
3.56893
3.80812
3.44593
3.8393
4.45259
3.58123
3.5403
3.52085
3.83572
3.44504
3.87811
3.52157
4.76598
3.89107
3.75722
3.80775
3.97818
3.83183
4.0371
3.84318
3.73105
3.65888
3.53923
3.98188
3.46505
4.10173
3.82437
3.70277
3.90677
3.83334
3.72291
3.78559
3.66444
3.75773
3.9778
3.71447
3.45883
3.44977
3.76723
4.06421
4.33343
3.66907
3.25511
3.89309
3.48599
3.41583
3.77223
3.60805
3.59806
3.71695
3.71287
3.84776
3.75809
3.91356
3.82208
3.49403
3.71091
3.81989
3.82814
3.72887
3.77569
3.3199
5.53013
4.14558
3.85711
3.8653
3.79139
3.98729
3.6353
3.85557
3.90755
3.8455
3.83833
3.98452
3.8222
3.80559
4.39838
3.85092
4.01406
4.02295
3.53751
3.35162
3.72871
3.52442
3.93001
3.98708
4.16581
3.30947
3.56133
3.58331
3.72306
3.80535
3.78496
3.962
3.62279
4.26405
3.91874
4.21243
3.66779
4.12797
4.08177
3.75275
3.65793
3.83325
3.47413
3.63129
3.9972
3.76475
3.50576
3.76712
3.41398
3.90388
3.77287
3.83253
3.96541
3.79967
3.94542
3.69354
3.83126
3.4266
3.57701
3.59875
3.61399
3.44889
3.81398
3.7619
3.66983
3.58846
4.8863
3.35284
3.71631
3.73738
3.9749
3.96047
4.13822
3.47994
3.32819
3.71834
3.85296
3.67411
3.69855
3.65886
3.46893
3.58307
3.86482
3.85347
3.56911
3.96658
3.74731
3.5011
3.80583
3.70926
3.69318
3.79552
3.87231
3.70444
3.59593
3.63763
3.93541
3.3363
3.73224
3.61291
3.76724
3.43555
3.88685
3.84343
3.93045
3.61526
3.36488
3.91654
3.69469
5.83956
3.90763
4.2232
3.55431
3.71058
3.58303
3.6428
4.2469
4.06974
3.97135
4.02886
3.86864
3.55479
3.83558
3.8309
4.44165
3.92751
3.73219
3.6827
3.91682
3.81098
4.002
3.85544
4.05806
3.7714
4.22061
3.23871
3.91616
3.76704
3.44846
4.20314
4.39346
3.87878
3.59044
3.82359
4.26483
3.94472
3.44266
3.57217
3.78926
3.46626
4.15642
4.44281
3.96321
3.51249
3.92794
3.75878
4.08278
3.98553
3.84125
3.81347
4.04382
3.81416
3.70208
3.69265
3.92999
3.9735
3.91671
3.78649
3.50829
4.5663
4.16409
3.89052
3.8857
3.84364
3.87193
3.70375
3.80221
