6.55459
6.47573
7.7211
6.76818
7.5157
6.18982
7.03342
7.61471
7.63662
8.10329
6.42626
6.80735
6.65821
7.04439
7.45943
6.90689
6.10852
6.52356
7.06609
7.59991
7.59246
6.35755
8.55842
7.37504
6.55459
7.16993
7.90689
6.45943
7.14975
6.61471
6.49185
6.74147
6.61471
7.80735
7.18982
7.65821
6.83289
7.12928
6.71425
6.55459
8.57365
8.58496
6.55459
6.93074
7.65821
6.59991
7.39232
6.72792
6.58496
6.75489
6.64386
7.12928
6.79442
6.91886
7.02237
6.64386
7.02237
6.75489
7.39232
6
7.90689
6.53916
6.97728
6.58496
8.05528
6.18982
7.41785
6.82018
7.32193
6.76818
6.83289
7.74819
6.32193
6.88264
7.17991
8.02237
6.89482
7.30378
6.42626
7.52356
6.93074
7.20945
6.20945
6.97728
7.61471
6.53916
6.72792
9.38586
6.49185
7.29462
6.65821
6.47573
6
6.75489
6.26679
8.7039
6.53916
10.3923
6.12928
7.39232
8.02237
7.27612
7.41785
7.74819
6.50779
10
7.37504
5.93074
9.6865
6.89482
6.59991
7.17991
6.58496
7
7.33985
5.78136
7.34873
5.97728
6.85798
6.33985
6.30378
6.62936
6.52356
7.62936
8.36632
10.792
6.90689
6.2854
6.06609
6.20945
7.70044
7.40939
6.2854
6.82018
6.80735
6.50779
7.98299
7.40939
7.49985
7.52356
6.74147
7.32193
7.81378
7.29462
8.71768
6.20945
7.96578
6.26679
5.75489
7.7211
7.16993
6.42626
7.30378
6.67243
6.40939
6.58496
6.83289
7.44294
6.65821
7.11894
6.55459
6.42626
7.3837
8
7.27612
7.45121
6.50779
9.41574
7
7.11894
6.61471
5.9542
6.78136
6.53916
6.14975
6.96578
6.49185
6.10852
6.97728
7.08746
7.17991
6.9542
8.06609
6.64386
6.64386
6.97728
7.12928
6.49185
6.32193
7.06609
5.93074
8.38802
7.18982
6.52356
6.39232
7.10852
7.50779
7.06609
6.9542
7.54689
7.85798
6.72792
7.10852
8.08215
7.65821
6.61471
6.64386
6.61471
8.25267
7.50779
7.32193
6.47573
6.26679
6.78136
6.47573
6.70044
6.35755
7.67948
6.16993
6.83289
7.22882
7.08746
7.40088
6.79442
6.30378
6.58496
9.03892
8.20457
5.97728
7.55459
7.88264
6.32193
5.80735
6.59991
6.55459
6.90689
7.24793
7.90689
6.83289
6.74147
6.61471
7.49985
6.58496
6.94251
6.62936
6.64386
7.17991
7.98868
8.94837
6.85798
6.22882
8.32193
7.07682
7.70044
6.96578
7.03342
7.9542
6.93074
7.01123
7.85798
6.82018
7.39232
7.67243
6.96578
6.91886
7.71425
7.25739
6.65821
7.94251
6.78136
6.40939
6.91886
7.59991
7.16993
7.33985
6.44294
10.3219
8
6.32193
8.55075
6.85798
7
6.39232
7.42626
7.03342
6.83289
6.56986
7.91886
6.52356
6.83289
7.67948
7.25739
7.15987
7.12928
7.12928
6.50779
6.14975
6.70044
6.91886
7.05528
8.17991
8.43045
6.6865
6.89482
7.21917
7.39232
7.45943
6.55459
6.6865
7.62936
7
7.04439
6.87036
6.89482
6.16993
6.44294
6.67243
7.59991
5.58496
6.14975
7.54689
6.39232
7.26679
6.72792
6.6865
7.65821
7.33092
6.61471
6.33985
6.47573
6.72792
6.75489
7.47573
7.56224
7.53916
6.64386
7.2854
6.67243
7.26679
6.67243
7.58496
6.91886
7
6.78136
7.88264
7.45943
6.80735
7.10852
7.24793
6.80735
6.58496
6.52356
6.85798
6.53916
8.80735
7.91886
6.72792
7.32193
8.03892
7.15987
6.49185
7.56224
7.88264
7.05528
6.72792
6.93074
7
6.67243
6.74147
6.52356
7.16993
7.42626
6.67243
6.37504
6.90689
7.02237
6.10852
6.42626
6.40939
8.16993
6.53916
6.61471
7.02237
6.89482
6.9542
7.34873
7.20945
6.94251
6.62936
7.62936
7
6.04439
8.59246
6.55459
6.71425
6.55459
6.50779
7.49985
5.9542
7.08746
6.08746
6.71425
6.94251
7.49185
6.40939
6.45943
6.58496
7.18982
6.88264
7.12928
7.40939
7.75489
6.35755
7.08746
6.20945
6.50779
7.25739
6.35755
6.16993
7.44294
7.5157
6.74147
7.56224
6.64386
6.62936
7.30378
6.75489
10
6.75489
7.65821
7.22882
7.8392
6.45943
6.59991
7.65105
6.67243
8.26209
6.94251
7.59246
6.87036
7.32193
7.33985
9.10852
6.74147
6.61471
6.98868
7.06609
8.99152
6.75489
7.69349
7.45943
7.60733
7.39232
6.88264
6.89482
7.07682
7.24793
8.03342
8
7.49985
7.08746
6.79442
7.45943
7.41785
6.47573
6.47573
6.76818
7.40939
6.42626
7.08746
5.9542
6.97728
7.65821
6.72792
6.94251
6.52356
7.84549
6.82018
6.24793
6.70044
8.49185
7.46761
6.9542
7.3837
8.21432
7.16993
6
6.2854
7.24793
7.10852
6.64386
6.9542
7.05528
7.35755
7.22882
6.53916
7.65821
6.42626
7.08746
7
