4.37766
4.2845
3.67124
4.40896
4.23934
3.90909
4.71619
4.07185
4.26263
5.11761
4.74063
4.67315
4.19258
3.80213
4.49117
4.20655
4.17297
3.60314
4.03012
3.90464
3.7903
4.19276
4.23896
4.37607
4.48638
4.16613
4.47303
4.07196
4.66689
4.69009
3.79222
4.95581
4.79997
4.24702
4.70369
4.1862
4.05118
4.1642
3.99248
4.21958
4.4513
3.91331
3.63702
4.45298
3.90698
4.52638
4.06771
5.60595
4.14426
4.72762
4.55313
4.46095
3.68667
4.53673
5.15123
4.16313
4.13485
3.67746
4.36652
4.25633
4.20564
4.21647
4.23631
5.0792
4.28647
4.79297
4.66028
4.32926
4.85708
4.56206
4.11249
4.53077
3.76409
4.71832
4.18987
4.20149
4.44063
5.1776
6.27591
4.0657
4.01064
4.36766
5.29109
4.38888
3.98426
4.31403
4.44154
4.48259
4.60541
4.12003
4.05463
4.58335
4.25215
4.80214
4.19411
4.17651
4.6431
4.52907
4.20382
4.28093
3.87526
4.9672
4.60958
4.68091
3.90071
4.34764
4.754
4.13932
4.86474
4.40175
4.37479
3.97067
4.35814
4.29819
4.07885
4.45579
4.04259
3.81043
5.49655
4.17438
5.42295
3.91184
4.40985
3.90096
4.99369
4.55655
4.79055
4.64679
4.67974
3.9418
4.10532
5.05268
4.28486
4.50042
4.36916
4.28781
5.59093
4.09859
4.8285
3.83384
3.86478
4.04868
4.31765
4.40505
4.41697
4.42052
4.3329
4.44843
3.93965
4.27238
4.13908
4.38657
4.13162
4.46454
4.71606
3.95577
3.91738
3.92867
3.99085
4.78522
3.73069
4.80613
4.98113
3.95229
3.79017
3.61441
4.2647
4.41286
4.00855
4.48133
4.8213
3.78461
3.79623
4.63825
4.48481
4.31918
4.547
4.20868
4.34676
4.50365
4.37186
5.19844
4.19309
4.16607
4.36482
5.71437
4.85139
5.27427
3.96994
4.37581
4.5032
4.14399
4.2206
4.31915
6.69579
4.00488
4.57913
4.48599
4.32584
4.26186
3.88643
4.83582
4.19564
4.07717
4.38064
4.71239
4.03546
4.11678
4.29977
4.21366
4.20848
4.03712
4.1582
4.09071
4.74381
5.47511
4.25764
4.02747
3.35836
4.27912
3.92401
4.40451
3.98045
4.33478
4.5253
4.96499
4.40013
4.26017
4.39536
5.03918
4.28693
3.79316
4.19453
3.73856
5.10526
4.49592
4.35119
4.38974
4.08046
3.81871
5.09714
5.38503
3.91421
4.03011
4.69789
4.26958
4.40729
4.44849
4.62392
4.25407
4.53964
3.79921
4.48317
4.76849
4.02654
4.67435
4.40233
4.44295
4.51276
4.09366
4.45223
4.15272
4.13055
5.40675
4.50798
4.82303
3.81517
4.36963
4.2668
4.01347
4.74094
4.32435
4.54742
4.17827
4.05398
5.26527
4.0099
4.36197
3.67713
3.98831
4.00637
4.66232
3.60093
4.29284
5.01587
4.39522
4.32001
3.97189
3.99612
3.8742
4.39337
4.00688
4.41162
4.38014
4.20194
3.86385
4.10135
4.78735
4.88487
3.57458
4.21669
5.58327
4.02156
4.08696
4.27544
4.44997
5.18194
4.76615
4.18463
4.91631
4.42708
4.88892
4.72231
4.66569
4.44133
4.32417
5.04833
4.23503
4.02916
4.27094
4.28031
3.91831
4.25569
4.14125
3.98646
3.72923
4.34388
3.96008
4.38846
4.50594
4.24831
4.49846
4.58518
3.70828
4.20929
4.24223
4.26381
4.17022
3.92647
3.68951
4.51235
6.17457
3.98112
4.29466
4.10965
4.54672
4.12003
4.3921
3.82885
4.13154
4.12243
4.8809
4.51126
4.12997
4.17841
4.3673
4.15403
4.17322
5.80203
4.13999
4.48675
4.94425
4.56365
3.98931
4.67363
4.65175
4.04226
4.17396
4.33174
5.38409
3.86701
4.22352
4.29889
4.64837
5.23502
3.84408
3.99749
4.64767
4.74172
3.92621
4.10242
4.54627
4.55388
4.5534
3.91371
3.97339
4.40711
4.2959
5.3489
4.79576
3.945
3.99239
5.43276
3.57896
4.20865
3.97896
4.36554
3.95463
4.11384
4.54485
3.97558
4.20994
4.65997
4.30342
4.25092
3.85235
4.27229
3.8138
4.58344
3.72941
4.69474
4.37936
4.49082
4.4194
4.2759
4.26132
4.17051
4.11594
4.47388
4.37082
5.23776
4.41255
4.7224
4.25954
4.35537
4.48616
4.29822
4.85883
4.69014
4.00963
3.69643
4.38512
4.36607
3.98538
4.26401
4.24989
4.04638
4.2405
4.27492
5.07871
4.18667
4.05395
4.67613
4.18209
3.91463
4.45787
4.53052
4.71626
4.40398
4.03272
4.7239
4.42678
4.03633
4.07185
5.53192
4.65812
4.31443
3.89757
4.90246
4.23812
3.86246
4.1416
4.72622
4.78346
3.98315
4.45134
4.68962
4.31025
5.77004
3.90795
4.19365
3.7916
4.34636
4.47081
3.76879
4.82744
4.44253
4.23685
4.20215
4.29808
3.7682
4.42373
4.29685
4.12492
4.94999
4.81969
4.94903
4.98052
4.16778
4.79602
3.83721
3.79037
5.18592
4.63557
4.38125
3.88385
4.43014
4.25428
4.10039
4.50777
