3.37875
3.37244
3.48865
3.74223
3.41789
3.64001
3.52738
3.55811
3.46141
3.74264
3.37924
3.55516
3.95347
4.27893
4.66743
3.64495
3.45536
3.76934
4.3348
3.29639
3.39636
3.3299
3.73315
3.934
3.33007
3.75312
3.69457
3.78584
3.84327
3.72932
3.66784
4.21028
3.62157
4.24985
3.76244
3.99442
3.7991
3.45792
4.06645
4.15425
3.3713
3.46968
3.43395
3.50562
3.40231
3.6651
3.56481
3.63971
3.57037
3.76858
3.52259
3.66247
3.42237
3.7091
3.73926
3.54053
3.50518
3.28169
3.49139
3.34744
3.38532
3.48012
3.60483
3.46546
4.00943
3.63096
3.75443
4.40233
4.19462
3.26402
3.60814
3.62841
3.41873
3.4404
3.46121
3.64685
4.13151
4.57013
3.28093
3.66756
3.56627
3.32381
3.55373
3.5615
3.67661
3.89461
3.48225
3.5666
3.66133
3.49857
3.79876
3.57859
3.78551
3.81576
3.83541
3.47748
3.48792
3.57311
3.2255
3.70306
3.67606
3.9002
3.39062
3.84676
3.68296
4.00103
3.67006
3.57007
3.81202
3.78498
3.77225
3.58109
3.77765
3.84267
3.6451
3.74173
3.47628
3.56722
3.74028
4.19158
4.43474
3.93613
3.92221
3.60203
3.83046
3.59947
3.36048
3.75872
3.66913
3.49502
3.90753
3.61168
3.62387
3.3253
3.4813
3.51243
3.69809
3.34267
3.81923
3.62068
3.96376
3.72335
3.41881
3.57568
3.58848
3.31531
3.20487
3.36554
3.54807
3.48685
4.18917
3.65374
3.61101
3.49581
3.56963
3.53899
3.51211
3.66879
3.70079
3.76613
3.68138
3.52319
4.04348
3.43721
4.01871
3.41905
3.92866
3.4868
3.59947
3.71373
3.97593
3.73549
3.80321
3.59083
3.54811
3.67705
3.6925
3.50195
3.24687
3.72379
3.69628
3.37006
3.63382
3.53852
3.57288
3.57836
3.68644
3.51134
3.7426
3.66255
3.96017
3.33283
3.38964
3.65692
3.78918
3.70496
3.56464
3.58927
3.48834
3.57864
3.71921
3.53252
3.62737
3.38197
3.43338
3.63308
3.56341
3.70434
3.51993
3.20857
3.89267
3.86122
3.59576
3.73081
3.61748
3.81721
3.77078
3.85348
3.18852
3.43791
3.75885
3.86831
3.67575
3.18933
3.88721
4.11207
3.85551
4.10656
3.51609
3.40188
3.59348
3.31126
4.30196
3.23158
3.14708
3.60044
3.51525
3.45557
3.63812
3.50106
3.50698
3.69873
3.75214
3.44714
3.9188
3.68008
3.42188
3.48066
3.84673
3.83712
4.26431
3.52571
3.28865
3.1509
3.47887
3.20898
3.59135
3.59562
3.57804
3.5624
3.88869
3.42468
3.62352
3.30303
3.68046
4.21997
3.43966
3.40645
3.39227
3.68343
3.32836
3.66538
3.38901
4.42149
3.71624
3.62905
3.64764
3.81502
3.64743
3.86722
3.68655
3.56861
3.50506
3.38385
3.83144
3.31811
3.89354
3.68233
3.55356
3.76044
3.67786
3.56492
3.65268
3.52027
3.60731
3.81746
3.56781
3.32397
3.32243
3.6129
3.91741
4.16791
3.53406
3.12248
3.75548
3.33965
3.28414
3.63409
3.45073
3.45392
3.5723
3.56531
3.69124
3.61237
3.76138
3.61693
3.35549
3.56311
3.66584
3.67664
3.55994
3.59255
3.18261
4.70257
3.95046
3.69206
3.72418
3.63303
3.77037
3.46792
3.68463
3.7481
3.71134
3.67525
3.80536
3.65815
3.66547
4.21709
3.68837
3.86552
3.84637
3.3926
3.21026
3.57037
3.38631
3.75574
3.78762
3.91038
3.18285
3.4003
3.43282
3.58756
3.6648
3.62649
3.80408
3.47749
4.09561
3.74721
4.02094
3.53736
3.95556
3.9192
3.57771
3.50499
3.70561
3.33772
3.49172
3.8437
3.63313
3.37855
3.5631
3.28144
3.74948
3.63118
3.67339
3.78334
3.63848
3.78162
3.54426
3.67078
3.29887
3.43567
3.46331
3.47917
3.30696
3.65565
3.60577
3.52929
3.45638
4.45822
3.23202
3.56228
3.60299
3.81164
3.7605
3.98393
3.32773
3.19707
3.55928
3.70545
3.53805
3.55094
3.47686
3.32894
3.44415
3.68546
3.68564
3.42634
3.80843
3.60661
3.35478
3.66274
3.57168
3.55617
3.64267
3.72794
3.55648
3.44256
3.50335
3.7696
3.19388
3.58774
3.46988
3.61714
3.31022
3.74024
3.68598
3.75957
3.46546
3.2317
3.74973
3.54346
5.2941
3.74581
4.00006
3.40771
3.58267
3.45626
3.49203
4.08288
3.92071
3.81894
3.85473
3.72142
3.4164
3.66553
3.6955
4.2613
3.77025
3.60045
3.5308
3.74916
3.66272
3.83946
3.68467
3.88715
3.60232
3.99414
3.11527
3.75518
3.61892
3.30489
4.01392
4.17118
3.69804
3.43878
3.66076
4.11088
3.7884
3.32224
3.43692
3.66089
3.32632
3.96834
4.28116
3.8194
3.3668
3.77048
3.62726
3.87385
3.83577
3.66454
3.632
3.89136
3.63546
3.55959
3.5473
3.79626
3.83383
3.7391
3.64315
3.35853
4.35867
4.01091
3.71975
3.72247
3.69899
3.67867
3.55541
3.65754
