3.97693
3.81113
4.70509
4.13823
3.95024
3.39521
4.11904
4.25652
4.31354
4.31337
3.74864
4.0614
3.88554
4.13468
4.31588
3.95658
3.40165
3.69213
4.29242
4.08961
4.63325
3.7244
4.91198
4.49248
3.89332
4.27561
4.65837
3.70609
3.99289
3.8548
3.97611
4.0962
3.89553
4.42673
3.99827
4.10027
4.01339
4.12863
4.15898
3.83446
5.07295
4.18353
3.68224
3.94312
4.12438
3.95713
4.45972
4.08355
3.78183
3.66324
3.81401
4.30829
4.10499
3.98707
4.01481
3.74118
4.05676
4.09612
4.23288
3.53852
4.65551
3.8742
4.32296
3.93605
5.05662
3.70615
4.22777
3.8933
4.5451
3.7063
3.83756
4.63517
3.49894
4.13055
4.1148
4.04231
4.20558
4.06264
3.75187
4.77374
3.94491
4.34975
3.51823
3.94291
4.6139
3.69048
3.93494
5.3297
4.01973
4.30276
3.74565
3.9849
3.60503
3.60743
3.80825
5.30514
3.93863
6.19456
3.61151
4.04241
4.89169
4.09354
4.32031
4.17755
3.50921
6.05049
4.22103
3.44935
5.68829
4.16115
3.83789
4.37917
3.70683
4.01214
3.81609
3.39768
4.11601
3.50716
3.95967
3.79242
3.65371
3.89533
3.7579
4.24421
4.39286
6.82218
3.93282
3.56555
3.43281
3.5862
4.50649
4.61572
3.62823
3.95394
4.14213
3.9358
4.72805
4.28415
4.52176
4.47591
4.05535
4.3558
5.01506
4.03665
4.83259
3.65039
4.54469
3.5931
3.36575
4.77065
4.04411
3.64773
4.30276
3.81722
3.30656
3.87637
4.00082
3.92172
3.96486
4.35555
3.8811
3.67514
4.44625
4.80935
4.28422
4.283
3.70827
5.61829
3.93625
4.18086
3.74855
3.38482
4.13921
3.8579
3.73062
4.09085
3.60649
3.61803
4.25128
4.3406
4.28336
4.07025
4.79915
4.00336
3.81422
4.33672
4.16688
3.55909
3.49446
4.03973
3.5282
4.48005
3.92618
3.88838
3.72491
4.32382
4.29762
4.21763
4.23923
3.91729
4.57556
4.0843
4.32776
4.69001
4.79425
3.85089
3.65571
3.37139
4.69165
4.3261
4.4193
3.50533
3.45354
4.02119
3.7329
3.921
3.66065
3.99355
3.50088
3.85169
4.78559
4.05831
4.47263
3.97021
3.69426
3.73474
5.10387
3.9738
3.47947
4.42319
4.83953
3.64824
3.26814
4.08169
3.8638
4.25273
4.26433
4.37579
4.11059
4.18077
3.81205
4.08804
3.61924
3.73154
3.76603
3.91328
4.29762
4.95469
5.19974
3.97754
3.62523
4.94081
3.62814
4.30199
4.35351
4.1003
4.65787
4.22082
4.0109
4.78587
4.0095
4.14618
4.65943
4.05081
4.0817
4.54588
4.34658
3.81863
4.29117
3.96639
3.85993
4.09789
4.02948
4.17295
3.95396
3.81176
6.63166
4.14335
3.81883
4.62905
4.25565
3.8873
3.55785
4.07958
4.4093
4.16805
3.9161
4.41244
3.80317
3.95487
4.42916
4.42265
4.03934
3.79453
3.82036
4.00046
3.40051
3.93527
3.96546
4.07498
4.33624
4.78754
3.68075
4.10865
4.49045
4.3017
4.09631
3.77924
4.10004
4.44238
4.00358
4.00157
4.33286
3.82885
3.82951
3.80308
4.19134
4.66635
3.2572
3.52188
4.52043
3.55581
4.31891
4.01706
3.80688
4.57362
4.26883
3.68483
3.48091
3.84894
3.65058
4.06501
4.1856
4.62162
4.77041
3.68003
4.21917
3.94948
4.12991
3.84601
4.01547
4.20665
4.29321
4.19398
4.77419
4.26911
3.84643
4.06783
3.92471
4.16838
3.82413
3.73903
4.10001
4.20775
5.58907
4.45848
3.91978
4.28934
4.80191
4.54623
3.92306
4.46608
4.56737
4.07616
3.88869
3.92139
3.69329
4.21892
3.79211
3.51806
3.98545
4.22636
4.18522
3.55197
4.19571
4.19627
3.59628
3.76085
3.54189
4.21569
3.89578
4.01146
4.08298
3.85607
3.97473
4.30349
4.10605
4.02462
3.91179
4.21048
3.69106
3.50713
4.59636
3.83461
3.95809
3.67273
3.88181
4.14008
3.31645
4.35415
3.5546
3.9234
4.01794
4.49062
3.783
3.78434
3.79787
3.9704
3.98377
4.33275
4.59717
4.58884
3.73988
3.81709
3.5257
3.72746
3.98219
3.56755
3.50045
4.34407
4.4518
3.99193
4.30048
3.99351
3.9424
4.6248
3.98066
6.15998
4.0299
4.09735
4.15732
4.36087
3.90947
3.81834
4.83307
3.95308
4.33024
4.30172
4.49802
4.03403
4.03046
4.30597
5.25672
4.03262
3.7031
4.0869
3.86779
5.31573
4.00129
4.52838
3.86931
4.68397
4.28226
4.25611
4.08931
4.20435
3.89951
5.04984
4.62711
4.57269
3.9661
3.8058
4.41408
4.09202
3.83049
3.87601
3.65778
4.42583
3.47073
4.01162
3.35125
4.20648
4.93876
3.60701
4.04804
3.87764
4.89291
3.85704
3.57019
3.75883
5.81631
4.48384
4.17023
4.19568
4.67012
3.90014
3.5017
3.60475
4.27031
4.31269
3.96657
4.24157
4.16325
3.76211
4.11567
3.92646
4.46018
3.73677
4.14305
4.05483
