2.42596
2.80806
2.2863
2.17856
2.24827
2.02183
2.45694
2.45446
2.88456
2.84677
2.53642
2.03225
2.13236
2.80537
2.48551
2.42135
2.3122
2.40942
2.96858
2.62121
3.06507
2.04769
2.61773
2.28502
2.29211
3.43051
2.89648
2.96678
1.91187
1.72178
2.80732
2.36809
2.39213
2.80704
2.66844
2.8822
2.88097
2.6345
2.76191
2.37663
2.67535
2.77616
2.17286
2.54511
2.1103
2.5235
2.41183
2.09929
2.21327
2.67489
2.95925
2.88687
1.85749
2.37558
3.23184
2.08895
2.40642
1.93483
2.48722
2.53007
2.75515
2.14579
1.74493
2.24692
3.12926
1.39641
3.52399
2.92151
2.71567
2.10095
2.36363
1.95964
2.28653
2.80492
2.32916
2.32849
2.63721
2.81052
2.05793
2.41697
2.06455
2.19988
2.18611
2.50086
2.20659
2.28717
2.62728
2.51454
2.14808
2.77205
2.43995
2.98953
2.79586
2.44854
2.46644
2.35629
2.63942
2.71766
2.31161
1.9868
2.39812
2.39478
2.63049
2.68257
2.50065
2.63101
3.10141
2.56172
2.51978
2.80283
2.49844
2.38733
2.45925
2.21566
2.6521
2.01757
2.18042
2.37634
2.31441
2.84424
2.58594
2.74945
2.21278
2.14176
2.2866
2.27209
2.26404
1.83824
2.32752
2.07424
2.82064
2.67166
2.27576
2.95082
2.1559
2.49443
2.91601
2.77224
2.7795
2.73282
1.86935
1.92144
2.75462
2.22411
1.98549
2.91573
2.18976
2.06807
2.4103
2.96053
1.8189
1.83165
2.38352
2.84062
2.59179
2.19722
2.60963
2.56312
2.04527
2.20403
1.93134
2.28009
2.2794
2.23179
2.24053
2.93392
3.31794
2.44334
1.98649
3.23469
3.42589
2.68419
2.94594
2.20444
2.51822
2.52784
1.94654
2.60494
2.41858
2.66897
1.96898
2.77081
1.91094
2.6228
2.28375
2.84008
2.46402
2.09029
2.12861
2.30846
2.5984
1.49426
2.71847
2.78855
2.81347
2.19253
2.1667
3.10315
2.36346
3.14788
2.11544
2.06384
2.35049
2.62281
2.42383
2.61597
2.14386
2.48907
2.40096
2.60206
2.64641
2.74967
2.15584
2.18748
2.88569
2.40689
2.11896
2.32587
2.13772
1.93326
2.10242
2.02504
2.99309
2.38496
1.88326
3.39455
2.72451
2.0667
2.44067
3.05229
2.81678
2.41401
2.32252
2.03678
2.24711
2.27924
2.53212
2.67837
2.27848
2.10219
2.63798
2.71716
2.42391
2.40739
2.88783
2.13026
2.82909
2.57428
2.1207
2.51228
2.37816
2.48737
2.52843
2.35327
2.77197
2.75111
2.36807
2.80872
2.67458
2.84591
2.70782
2.30414
2.87715
2.51959
3.45626
2.16831
2.05185
2.59908
1.89117
2.25316
2.18686
2.8572
2.58261
2.16895
3.10528
2.40725
3.39554
2.42529
1.63787
2.01621
2.91142
3.0078
2.63173
2.43413
2.04727
2.30929
2.67265
2.35285
3.14675
2.96409
2.14513
2.02659
2.79963
2.61112
2.27604
2.65553
2.2403
2.70605
2.40423
2.79976
2.2222
3.07241
2.56321
2.55967
2.04922
2.22832
2.31667
2.74259
2.57316
2.34005
2.08976
2.46934
2.67897
2.863
2.03656
2.32774
2.09694
2.7047
2.92571
2.27159
2.30205
2.134
2.02
2.54175
2.7423
2.1419
2.70879
2.19894
2.52832
2.37743
2.60491
3.01378
2.11111
2.61888
2.41498
3.10478
2.34005
2.56999
3.00151
2.97966
2.62541
2.53122
2.36945
3.27532
2.26845
2.55418
2.66506
2.40145
2.248
2.48474
2.14095
2.01167
2.15867
2.76952
1.80317
2.01784
2.48968
2.30729
2.73346
2.40832
2.1073
2.2165
2.20116
1.88738
2.5977
2.02231
3.24688
2.41491
2.21484
2.39218
2.11503
2.38559
1.99018
2.20706
2.93927
2.36784
2.86267
2.18377
2.24801
2.33368
2.0812
2.79377
2.31712
2.69738
2.15978
2.53696
2.65188
2.51682
2.31495
2.44968
2.30044
2.5308
2.56036
2.20731
2.41898
2.48371
2.5362
2.5043
2.08221
2.13809
2.31103
1.92547
2.3725
2.66112
2.08061
3.31725
2.79203
2.20459
2.72047
1.99935
2.49302
2.34209
2.24025
2.79564
2.52803
2.47393
2.50785
2.32406
2.93113
2.69289
2.66532
2.06237
2.83816
2.36287
2.70461
1.9858
2.33906
2.63047
2.8067
2.47288
2.55167
2.20194
2.12028
2.59623
2.7012
2.19249
2.33383
1.9882
2.7302
2.11542
2.86289
2.9127
2.37047
2.36878
2.37355
2.4452
2.43674
3.19743
2.44296
2.14072
2.67081
2.32244
2.1968
2.78889
2.66603
2.64006
2.58059
2.71869
2.51003
2.68081
2.7169
2.72708
3.21087
2.57599
3.00397
2.95393
2.44403
2.26249
2.35462
2.29457
2.50267
2.33479
2.76912
2.2679
2.59569
2.12154
2.1837
1.89429
2.8969
2.85409
2.54514
2.7049
2.18139
2.36774
2.05946
2.25964
2.17805
2.63304
2.71419
2.49615
2.00926
2.98891
2.21399
2.80488
2.38941
2.13867
2.76518
2.84082
2.17833
2.68787
