3.68559
4.33037
3.60163
3.35472
3.46797
3.12432
4.05313
3.57572
4.68407
4.65843
3.72193
3.32082
3.27772
4.58559
3.9806
3.75309
3.6382
3.74336
4.46459
3.95933
4.52595
3.102
3.98235
3.53254
3.7203
5.37503
4.42558
4.62134
3.41812
3.12805
4.32632
3.37379
4.04554
4.00327
3.74845
4.05577
4.60136
4.54988
4.50816
3.69899
4.31058
4.12332
3.49139
3.96291
3.26988
4.30131
3.92146
3.22744
3.34961
3.99375
4.56126
4.37734
2.86623
3.85044
4.73972
3.25543
3.62268
2.93563
3.90719
3.9819
4.61298
3.63644
2.67231
3.78798
4.82007
2.41295
5.2379
4.47533
3.98145
3.04427
3.77927
2.89375
3.35186
3.97493
3.61434
3.96246
4.49175
4.19534
3.50234
3.83406
3.53763
3.35249
3.20836
3.83674
3.29157
3.75906
3.97374
3.53611
3.45031
4.61429
4.78149
4.67552
4.88809
3.68053
3.705
4.00204
4.27462
4.42434
3.67835
3.27599
3.70182
3.98204
4.33995
4.21281
3.89852
3.87798
4.677
3.92243
3.78803
4.86159
3.70201
4.25957
3.96143
3.71286
4.07486
3.15547
3.5178
3.3502
3.46742
4.27087
4.09454
4.25977
3.57755
3.18879
3.65358
3.53186
3.45863
2.80176
3.42878
3.53675
3.99719
3.97584
3.36752
4.53074
3.2215
3.93711
4.70452
4.34607
4.3996
4.28986
2.85586
2.94959
4.36006
3.52718
3.13415
4.29998
3.27279
3.3567
3.46575
5.7563
2.91277
2.90348
4.01875
4.37582
4.17781
3.50639
4.12546
4.24006
2.90771
3.25285
3.07042
3.635
3.35594
3.44816
3.54134
4.83108
5.68923
3.91877
3.08611
5.20832
4.69292
4.32205
4.60926
3.4423
4.04379
3.73444
2.96904
3.97644
3.55867
4.77752
2.95892
3.97414
2.86535
4.80268
3.56863
4.12868
3.70452
3.2253
3.17103
3.73854
3.81899
2.69079
3.96616
4.49047
4.07725
3.16824
3.26626
5.51271
3.39904
5.44204
3.48171
2.99171
3.53945
3.85446
4.06417
3.9972
3.51826
4.68127
4.1019
4.2324
4.65846
4.4277
4.71654
3.54732
4.3863
3.55874
3.53731
3.55956
3.43845
3.03515
3.71025
3.0416
4.49224
3.4764
2.77565
5.9056
4.08924
3.2036
3.67011
5.08627
4.99782
3.65592
3.54084
3.19229
3.4556
3.58579
4.61109
3.99723
3.44898
3.40865
3.86705
4.53785
3.93123
3.55674
4.8687
3.19434
4.40862
3.85129
3.40331
3.69327
3.53496
3.64637
3.58146
3.63108
4.34061
4.14476
3.62215
4.44301
4.03047
4.79776
4.24538
3.37976
4.78024
3.94638
5.07527
3.56017
3.03094
4.28043
2.93851
4.0169
3.26324
4.50404
4.00263
3.26119
4.64789
3.56421
5.23232
4.38005
2.61969
3.29736
4.44717
4.14292
4.20294
4.003
3.55211
3.46716
5.03593
3.64078
4.55372
4.41722
3.28469
3.06473
3.96281
3.88299
3.39825
4.7924
3.34191
4.21147
3.52584
4.4014
3.32512
4.60816
3.9594
3.81247
3.21275
3.54513
3.47676
4.21377
3.93652
3.48464
3.32795
4.39242
4.32215
4.72822
3.16046
3.43535
3.65887
3.89887
4.67398
3.61734
3.65922
3.15254
3.10794
3.6782
4.0056
3.2444
5.15762
3.41711
3.97389
3.71084
3.87907
4.56777
3.26637
3.9829
3.55111
4.68673
3.6021
3.88967
4.56834
4.67133
4.37381
4.20716
3.57489
4.86488
3.43012
4.29093
4.75028
3.91834
3.8189
4.04369
3.46128
3.03842
3.19201
4.32047
2.99858
3.00385
4.10247
3.62815
4.28928
3.94014
3.3861
3.50354
3.39187
2.85485
4.01117
3.51242
4.71842
3.46891
3.33521
3.86641
3.21449
3.71002
2.9532
3.50683
5.06948
3.91748
4.24984
3.2123
3.64489
3.65452
3.34475
4.47883
3.71571
4.30542
3.63168
4.32139
4.16775
3.67639
3.91491
3.6763
3.5674
3.8397
4.01426
3.60163
3.72129
3.9466
3.72599
3.92148
3.14946
3.2491
3.74033
3.05321
3.51515
3.88299
3.09229
5.16367
4.05535
3.42533
4.07806
3.75865
3.59314
3.47265
3.51156
4.16963
3.85106
3.88078
3.98607
3.7702
4.79054
4.57429
3.8408
3.11959
4.44103
3.87871
3.9988
2.84875
3.52649
3.75516
4.5296
3.89254
4.0329
3.4979
3.15701
3.91865
4.19181
3.38368
4.07984
3.03483
4.54321
3.23889
4.35019
4.36363
3.61726
3.66039
3.70184
4.53757
3.75816
5.33736
3.92005
3.33983
4.06157
4.02417
3.35074
4.40587
4.07013
3.93703
3.98304
3.9156
3.83528
4.61043
4.04564
4.2697
4.81146
3.63318
6.32403
4.49186
3.86349
3.37176
3.50586
3.81908
5.26066
3.71814
4.06583
3.53606
3.8982
3.35371
3.37892
2.93711
4.62695
4.46021
3.8095
4.28053
3.5204
4.13286
3.02352
3.42143
3.31413
3.94906
4.06405
3.80426
3.13273
5.37235
3.34483
4.34249
3.56851
3.28979
4.10323
4.26117
3.33693
4.1653
