4.52887
2.77429
3.95394
5.05566
3.27131
4.32201
5.00003
4.77954
5.05231
4.10188
5.21631
3.6286
4.12531
4.21463
4.45038
5.00289
4.08209
4.22401
3.35076
4.52412
4.76565
4.07971
4.58014
5.34393
6.08051
4.89792
4.72301
4.6811
5.4087
4.49428
3.88289
6.07376
3.48229
2.89494
5.34987
5.37303
5.3361
3.78347
2.91676
4.12296
4.80718
3.5395
5.27386
3.7713
3.24108
4.80237
5.04769
4.18427
7.4217
4.88042
5.11827
4.421
4.8841
3.78999
6.11446
4.94024
5.21595
3.0245
5.523
5.28488
5.37863
5.10046
6.17818
4.68641
4.59316
5.84162
5.90861
5.42621
5.04357
4.45787
5.39457
4.98941
3.58124
6.15854
3.16853
3.64304
3.23485
2.849
3.38439
6.93869
6.64545
4.52242
3.16503
6.65678
3.55189
7.03264
5.67881
3.49213
5.87328
3.07573
5.63905
3.81108
3.28368
4.26972
5.13679
7.0749
4.52867
6.60773
5.00566
6.25883
4.49144
4.17605
6.75575
3.39875
4.57855
5.10485
5.0681
3.77015
6.17218
3.87875
3.98298
5.6055
5.6685
3.47815
3.44285
8.38566
3.83886
4.15655
6.04284
4.31562
4.6352
5.71938
4.89089
4.34647
4.63291
2.14363
3.90047
4.29504
4.2119
3.75932
6.7609
5.05251
4.0292
4.44381
5.4071
5.46098
4.62118
5.18029
3.65426
4.92928
4.9762
3.12278
4.85519
3.66284
5.18997
4.13832
5.51376
5.03404
5.24565
4.48543
3.17124
4.97064
4.82505
4.94899
4.61051
3.07044
3.79971
5.55705
4.19358
4.4782
3.91094
6.41261
5.77237
5.0798
3.87691
3.8662
4.92367
5.94291
3.58101
3.90405
8.78255
3.092
3.67635
4.63276
5.96985
3.48673
4.2059
5.52063
5.99098
4.49054
4.21818
5.97757
3.08584
4.88013
5.25629
3.45515
3.21661
2.93399
4.00334
3.84276
5.32842
5.25825
4.76453
3.48401
3.43042
3.99435
6.32549
4.01304
5.13127
4.13552
4.5303
5.61813
5.70971
3.12795
3.53174
5.19474
4.05059
3.17752
4.18249
3.70251
6.11781
4.06894
5.63628
4.50375
4.82808
6.82464
3.31819
6.34376
5.53906
3.50672
5.36727
3.1189
3.57812
4.66881
4.72371
3.16565
6.61859
4.73521
3.92635
4.40976
3.85966
5.09425
4.21905
2.75218
3.38325
4.89035
4.96783
3.43246
4.62832
4.62706
5.13853
5.26064
5.13182
5.3125
4.3219
6.37778
4.31844
4.03868
5.26936
6.37262
6.73696
5.27698
3.86231
3.9959
4.2711
3.34917
5.68972
5.994
3.41732
2.8033
5.42808
5.88149
3.3288
5.02678
5.68847
5.0273
4.4128
6.83394
4.97664
4.74979
4.08482
5.48055
3.21942
3.82342
3.61689
5.3529
2.93088
4.14692
4.82181
3.63503
4.23912
5.33794
4.71176
4.9973
4.99151
3.04566
3.4175
4.32311
4.68493
5.00028
6.53278
2.84792
2.36797
5.69918
7.0618
3.12145
2.80089
6.2328
5.91048
3.07385
4.65678
4.82747
4.08074
4.4679
6.00026
5.20464
4.38224
6.24222
2.66287
5.60151
5.48565
5.90373
3.84565
3.88565
4.07745
5.41151
6.69907
4.86978
4.45661
4.62432
5.74058
4.57909
2.56654
4.37786
3.66816
5.00734
4.08216
6.13316
5.37817
4.74099
2.53347
4.0218
5.39077
4.30785
8.04395
4.78273
3.71608
4.65646
4.99768
6.28407
3.48339
4.79575
6.58722
4.78678
5.40055
4.92555
4.52614
4.19685
7.36812
7.08491
4.83039
5.02784
5.23165
9.52603
4.23355
4.68349
7.2843
4.40902
4.91925
6.40587
4.54993
4.95724
3.47682
4.54351
6.22578
4.17262
4.53622
4.33425
4.79429
6.04806
3.99316
3.46535
3.99105
5.15582
4.84849
3.38364
5.62414
4.62147
3.32791
5.23771
4.51307
5.16885
5.65742
5.38616
5.32478
6.00082
3.35577
2.8452
4.3658
4.16598
5.11652
4.68584
4.84698
4.00515
3.06856
2.85753
3.14061
4.04461
5.68944
4.132
5.46098
5.20403
4.12296
4.41855
2.63791
5.34242
2.94785
5.18553
3.96703
2.82068
6.07371
6.08086
5.73403
5.76223
6.5714
6.98351
4.63253
3.88157
6.89823
5.66989
4.63214
3.16853
6.85645
5.19493
4.80703
5.97755
6.60989
4.37638
3.80937
4.13495
4.23547
5.04872
4.06839
3.90027
6.31396
4.03111
4.42117
4.62163
4.24044
4.9303
4.86714
4.45887
4.02327
3.85377
5.82776
3.98812
3.89714
4.80629
3.14131
3.66702
3.55254
5.73176
3.7112
5.10483
10.5257
3.68821
3.0469
4.61595
3.38637
3.5032
9.07463
4.5132
2.85269
5.58681
5.07939
4.377
7.93914
3.78621
4.48847
4.53464
6.07913
2.36571
3.52744
4.88629
4.43184
2.85763
4.79008
4.51689
4.99506
5.09253
2.74645
4.07686
3.51123
5.02925
3.79038
3.78353
6.26371
7.3335
5.95157
4.99194
5.00477
3.24612
4.32326
3.7466
4.36487
6.46539
3.88922
3.42708
3.9949
3.41807
