5.9769
6.00013
5.8741
6.50653
6.5357
6.84205
6.13404
6.25495
6.09291
6.5925
6.18204
6.73816
6.9781
7.68921
7.66468
6.49864
6.5493
6.68897
7.59444
6.04268
6.03691
6.329
6.53423
6.72639
6.17169
6.5625
6.81836
6.38902
6.65103
6.3929
6.67826
7.27826
6.96907
8.1039
7.17501
7.28631
6.60188
6.03533
6.85663
7.03661
5.95712
6.48448
6.11129
6.80503
6.08552
6.45412
5.95615
6.40642
6.57488
6.56269
5.9995
6.21064
6.50827
6.21539
6.17733
6.05599
6.50822
5.78941
6.50713
6.23314
6.04028
6.42245
6.45218
6.21578
7.23009
6.85229
6.21432
7.77506
7.08846
5.66972
6.81863
6.75049
5.918
6.12846
6.18156
6.26339
7.22229
7.42355
6.25127
7.57322
6.19363
5.72079
6.09612
6.42114
6.05471
6.3336
6.68982
6.60154
6.47815
6.7005
6.14703
6.124
6.74946
7.53452
6.93774
6.86449
6.32011
6.1823
5.76437
6.93762
6.64007
6.95777
5.98561
7.47725
6.42138
6.78556
6.48063
6.05641
6.65537
6.6518
6.31368
6.40641
6.72395
6.58863
6.50716
6.62889
7.82213
6.40552
6.1991
7.69831
7.3888
6.8742
6.65187
6.16436
6.68905
7.46496
5.78636
6.89743
6.24848
6.10933
6.86467
6.40663
6.26126
6.6402
6.495
6.8411
6.24955
6.03612
7.65645
6.34328
6.63051
6.35161
6.29952
6.37569
6.63184
6.77486
5.73724
6.28658
6.34131
6.32931
7.56664
6.42297
6.48019
6.18218
5.95928
6.26697
6.07681
6.70314
6.43778
6.91895
6.86385
6.24837
7.10339
6.08764
7.5271
6.11486
7.51381
6.159
6.65268
8.02004
7.53332
6.56371
6.45061
6.49306
6.63939
6.60491
6.39257
7.21348
5.53673
6.21908
6.52577
6.26596
6.24978
6.39289
6.25873
5.99635
6.53534
5.9688
6.30015
7.00749
6.84148
5.85222
6.67949
6.34756
7.3727
6.3147
6.17392
6.36211
6.01804
6.16358
6.42162
5.96165
6.20042
6.24931
5.91367
6.00698
6.93673
6.22065
6.29887
6.09254
6.69302
6.43697
6.38722
6.78484
6.14159
7.27723
6.2868
7.04834
6.03744
6.01642
6.47047
7.03672
6.26566
5.49904
7.26276
7.39083
6.56439
7.30183
6.21577
6.36155
6.52439
6.3309
7.17587
5.55217
5.78395
6.33056
5.97906
6.33166
6.78677
6.52152
6.43698
6.16634
6.70512
6.24938
7.33563
6.53424
6.01789
6.07333
6.56017
7.36626
7.16152
6.65246
5.50999
5.94018
5.99804
5.76034
6.25296
6.82143
6.67637
6.34629
6.69115
6.01758
6.55222
6.29911
6.46549
7.39903
6.1982
5.83301
5.76772
7.01882
5.71312
7.61451
5.87328
8.7668
7.37299
6.40617
6.55003
7.16721
7.1303
6.92733
6.64184
6.39256
6.73136
6.26238
6.60146
6.00158
7.27819
6.18257
6.15134
6.49215
7.09887
6.52042
6.07354
6.31687
6.53632
6.58748
6.3779
6.38961
5.8509
6.44882
6.68494
6.75494
6.14662
5.78754
6.31449
6.21652
6.03856
6.16331
6.23582
6.21529
6.1999
6.31459
6.62823
6.46347
6.63441
7.05704
6.32974
6.37942
6.49213
6.3302
6.6574
6.9384
5.95685
10.1519
7.47763
6.86369
6.19041
6.48623
7.00071
6.32268
6.3802
6.43832
6.08684
6.8516
6.74981
6.6047
6.6266
7.09484
6.61549
6.84162
6.98853
6.01926
6.2355
7.22312
6.05772
6.9674
7.434
7.57528
5.52704
6.43601
6.08153
5.9718
6.37174
6.60254
6.40724
6.45074
7.42599
6.95142
6.85887
6.10879
6.77586
6.48422
6.60638
6.77437
6.12962
6.07375
6.01733
6.77443
6.14599
6.10981
7.43955
5.7622
6.65602
6.07262
6.74003
7.41227
6.57564
6.5361
6.40609
6.72503
5.84936
6.16281
6.24041
6.23343
5.95922
6.52908
6.29821
6.15273
6.00002
9.11201
5.57904
6.20018
6.02745
6.678
7.00845
6.78507
6.15847
5.72055
6.63958
6.19743
5.97045
6.50977
6.83143
6.45167
6.00424
6.93733
6.82091
6.16665
6.65243
6.84193
6.07417
6.29762
5.94176
6.25143
6.70215
6.2989
6.24813
6.1408
6.0257
6.77292
6.12938
6.09491
6.36128
6.35106
6.1975
6.47912
6.42876
6.7955
6.02044
5.69076
6.8426
6.49248
9.83395
6.59998
7.29566
5.95909
6.34465
6.13449
6.0358
6.94693
6.55298
6.78618
6.90728
6.44991
6.18239
6.7267
6.21404
6.91163
6.86392
6.18223
6.33644
6.74552
6.25596
6.5673
6.85371
6.9494
6.80654
7.26985
5.39909
6.5758
6.42153
5.89538
6.77466
7.41501
6.80771
6.29848
6.99897
6.72976
6.54044
5.73788
6.05527
6.07271
6.06414
7.38776
7.12116
6.28244
6.19244
6.39213
6.21657
7.60183
6.58721
7.58138
6.92579
6.72547
6.87656
6.45773
6.24958
6.28122
6.33283
6.74868
6.08097
6.9378
7.34227
6.44565
6.69112
6.40645
6.32413
6.8209
6.16489
6.31663
