2.84108
2.51227
2.40082
2.29136
2.37784
2.37361
2.6512
2.45661
2.49306
2.46298
2.66686
1.78892
2.31255
2.49375
2.78754
2.76006
2.48082
2.33572
2.68255
2.75286
2.37383
2.74686
2.58343
2.79778
1.61353
2.80333
2.83946
2.23993
2.43938
2.51196
2.69382
2.44332
2.6963
2.43704
2.51067
2.65163
2.45506
2.54019
2.86046
2.78792
2.39535
2.78407
2.19666
2.44768
2.45646
2.7506
2.45864
2.75053
2.70095
2.57748
2.46905
2.69761
2.38425
2.43879
2.31372
2.61976
2.4627
2.47788
2.19156
2.55251
2.6846
2.42956
2.891
1.96622
2.35999
2.73683
2.433
2.24069
2.86342
2.46577
2.5737
2.72924
1.9779
2.73989
2.24302
2.76523
3.05514
2.77768
2.26007
2.55492
2.67387
2.24524
2.66027
2.28713
2.53191
2.21907
2.30005
2.96682
2.72239
2.43202
2.89565
2.83582
2.57799
2.27147
2.77193
2.4366
2.48313
2.52159
2.42666
2.3567
2.35883
3.12275
2.21934
2.37123
2.29685
2.74918
2.30592
2.8528
2.84907
1.97963
2.45197
2.52356
2.23456
2.8489
2.09648
2.40754
2.7534
2.46781
2.57495
2.83192
2.35325
2.63496
2.32594
2.14056
2.36278
2.81958
2.26312
2.605
2.61502
2.72564
2.43999
2.91494
2.48085
2.41728
2.93727
2.30173
2.76184
2.72322
2.38822
2.32248
2.28545
2.1417
2.33717
2.74197
2.7122
2.44568
2.47879
2.39922
3.37394
2.69658
2.60331
2.48205
2.47649
2.63232
2.51413
2.46259
2.64694
2.30562
2.28144
2.78249
2.38443
2.33296
2.66637
2.65897
2.41106
2.83082
2.67767
2.33845
2.42629
2.26334
2.14671
2.38676
2.23261
2.86273
2.71296
2.31183
2.33353
2.63609
2.34136
2.29907
2.5811
2.54471
3.11272
2.32589
2.4729
2.66146
2.8229
2.47451
2.90425
2.62753
2.69394
2.18782
2.24579
2.17491
2.12903
2.68448
2.40043
2.85638
2.58273
2.42679
2.71686
2.54228
2.41044
2.86691
2.42027
2.18636
2.29917
2.90177
2.44859
2.42282
2.42977
2.73711
2.59938
2.38361
2.06768
2.5487
2.57925
2.91394
2.24783
3.04036
2.29966
2.13579
2.4073
2.62746
2.7292
2.60597
2.57454
2.3139
2.81882
2.54313
2.71836
2.63385
2.45409
2.13032
2.38714
2.96032
2.44457
2.13461
2.38728
2.55549
2.39646
3.06115
2.77222
2.2071
2.53413
2.65951
3.02667
2.64669
2.4891
2.34722
2.66137
2.40661
2.49475
2.74625
2.68516
2.69428
2.69194
2.79638
2.66201
2.48805
1.9002
2.45264
2.66836
2.7401
2.2639
2.64828
2.57176
2.85165
2.64068
2.72933
2.71434
3.14834
2.39956
2.49291
2.57649
2.09518
2.88827
2.34507
2.77142
2.35933
2.26605
2.24173
2.72223
2.44917
2.54586
2.87395
2.4824
2.79289
2.93526
2.48998
2.27261
2.18157
2.81041
2.50908
2.55888
2.39086
2.3399
2.64514
2.98373
2.61979
2.6699
2.48111
2.4527
2.14606
2.34503
2.54453
3.04229
2.5557
2.2491
2.68559
1.94772
2.42915
2.34728
1.97706
2.45143
2.31671
2.56506
2.81341
2.43536
2.71895
2.23671
2.55652
2.38186
2.49103
2.98048
2.87298
2.85562
2.39416
2.34789
2.75115
2.2387
2.6468
2.31172
2.47414
2.36459
2.883
2.35738
2.21603
2.70313
2.10765
2.90884
2.55974
2.3303
2.4819
2.80835
2.42512
2.57801
2.92691
2.63444
2.63932
2.30972
2.35406
2.37438
2.64187
2.65586
2.07881
2.86481
2.49014
2.2688
2.3488
2.45373
2.76083
2.84326
2.29192
2.79439
2.37016
2.33076
2.53025
2.31584
2.26307
2.38312
2.2909
2.0836
2.79496
2.0052
2.14003
3.01455
2.19017
2.50733
2.44333
2.50086
2.60279
2.36882
2.09112
2.9631
2.9172
2.48382
2.28046
2.26328
2.64256
2.45486
2.23849
2.30733
2.51753
2.59399
2.3845
2.50548
2.68672
2.11809
2.69848
2.5007
2.76065
2.52494
2.43761
2.43079
2.15926
2.64095
2.62695
2.60598
2.33008
2.42078
2.31273
2.93702
2.57657
2.99291
2.122
2.419
2.29603
2.60899
3.09209
2.58813
2.3261
2.90231
2.54885
2.20689
2.49911
3.32564
2.41833
3.04695
1.92673
2.70035
2.5983
2.6557
2.6315
2.60214
2.8241
2.3823
2.08874
2.55409
2.71878
3.14539
2.33743
2.40139
2.2714
2.87049
2.89103
2.36014
2.20761
2.49983
2.8474
2.96177
2.44094
2.54906
2.39612
2.29344
2.16635
2.52931
2.20756
2.39467
2.59054
2.8576
2.5741
2.7997
2.40973
2.23662
2.18466
2.16772
3.01229
2.31609
2.5766
2.26022
2.53128
2.4346
2.45464
2.68173
2.59343
2.99676
2.34598
2.59182
3.14884
2.59697
2.22528
2.61818
2.23562
2.36896
2.65315
2.74492
2.44172
2.34318
2.42201
2.31999
2.17863
2.30491
2.6875
2.3781
2.88784
2.19695
2.27717
2.59275
2.1787
