3.79116
3.71394
3.25999
3.85316
3.71149
3.44451
4.11064
3.44397
3.69243
4.4154
3.98697
4.04233
3.66744
3.28055
3.9429
3.64701
3.6644
3.15645
3.45395
3.38761
3.31911
3.65131
3.56268
3.6275
3.87871
3.54287
3.96871
3.51985
4.13615
4.10135
3.2901
4.27341
4.15363
3.67892
4.06723
3.65264
3.5779
3.57661
3.55819
3.68783
3.77362
3.45809
3.11848
3.7951
3.3623
3.89204
3.61683
4.12052
3.63848
4.17262
3.83213
3.89428
3.24397
3.84343
4.40911
3.61426
3.58146
3.25993
3.82937
3.72755
3.65969
3.58178
3.66651
4.41263
3.73187
4.08792
3.93439
3.75338
4.0598
3.89784
3.58808
3.85628
3.30631
4.03068
3.5036
3.61029
3.858
3.80021
4.89166
3.44695
3.50458
3.72757
4.26592
3.85603
3.48601
3.76035
3.80583
3.86996
4.03217
3.54115
3.45756
3.93071
3.71848
4.19584
3.62461
3.57262
3.87421
3.81163
3.64444
3.71521
3.34721
4.28806
3.99616
3.93936
3.35474
3.77998
4.09292
3.45339
4.20553
3.76784
3.75146
3.46891
3.78492
3.76374
3.53768
3.7724
3.52293
3.32331
4.83206
3.6459
4.39113
3.44627
3.87292
3.41121
4.39591
3.98479
4.26428
4.04998
4.07692
3.40599
3.57794
4.24213
3.70721
4.0004
3.71491
3.65648
4.14933
3.58956
3.94932
3.38908
3.35461
3.54345
3.68047
3.82379
3.91028
3.64374
3.79496
3.81801
3.45572
3.72646
3.5634
3.70716
3.59174
3.92321
4.07115
3.37976
3.46257
3.38487
3.52314
4.04304
3.24587
4.16706
3.85259
3.46385
3.31616
3.17493
3.69892
3.8646
3.48829
3.75826
4.228
3.31238
3.31085
3.95076
3.84219
3.79404
3.92539
3.66989
3.68745
3.73556
3.82905
4.53779
3.64029
3.48646
3.76262
4.76486
4.16598
4.34281
3.45338
3.83234
3.90058
3.62856
3.65665
3.74017
4.62592
3.54427
3.62217
3.43212
3.81225
3.6051
3.37256
4.10402
3.6188
3.56159
3.85761
3.81151
3.56723
3.5558
3.78092
3.58243
3.68293
3.58158
3.63458
3.46726
4.15586
4.6259
3.61373
3.59138
2.90259
3.74778
3.45458
3.83191
3.37327
3.69592
3.80869
4.20529
3.81936
3.58262
3.7639
4.12959
3.83225
3.31524
3.68154
3.30366
4.05269
3.78166
3.79303
3.6968
3.50765
3.33112
4.17392
4.65177
3.39194
3.44416
4.07123
3.61776
3.83872
3.83895
3.90408
3.63885
3.73651
3.34679
3.52601
4.0412
3.5147
4.1019
3.84326
3.85489
3.73704
3.59605
3.9364
3.65677
3.63812
4.58767
3.86144
3.94966
3.3375
3.82508
3.66774
3.47521
4.00082
3.71993
3.91958
3.62571
3.54735
4.5183
3.52978
3.81308
3.17264
3.45254
3.48184
4.15547
3.16576
3.60629
4.39431
3.77022
3.79915
3.44612
3.50532
3.40377
3.83622
3.47499
3.96066
3.86388
3.69309
3.38729
3.60435
3.97739
4.21284
3.12559
3.66122
4.45749
3.49787
3.44019
3.75157
3.83128
4.27973
4.08338
3.6319
4.17871
3.8356
4.19242
4.1484
4.03806
3.94725
3.68302
4.04731
3.63394
3.46072
3.6836
3.78143
3.45372
3.733
3.59845
3.48225
3.23424
3.85653
3.54047
3.80887
3.87193
3.72177
3.91732
4.00015
3.22179
3.75207
3.69201
3.67702
3.62164
3.18952
3.19035
3.90164
4.44188
3.50963
3.74317
3.6113
3.96583
3.59662
3.76634
3.35958
3.60209
3.58211
4.18679
3.92228
3.59189
3.72527
3.76849
3.5806
3.65503
4.59364
3.51576
3.87824
4.34855
3.90492
3.49843
4.03955
4.07841
3.54967
3.56217
3.69297
4.44657
3.38816
3.68638
3.7507
4.0966
4.01095
3.36107
3.37706
3.93698
4.01482
3.40604
3.59823
3.9587
3.40192
3.93763
3.45026
3.52642
3.7645
3.60158
3.86781
4.24028
3.36466
3.47184
4.51055
3.14503
3.63463
3.52686
3.81309
3.44284
3.55171
3.96775
3.49856
3.66619
4.00921
3.76356
3.6593
3.32152
3.76265
3.29335
3.86621
3.22303
4.03803
3.86504
3.76038
3.83681
3.73234
3.7262
3.61097
3.50464
3.87148
3.81138
4.40187
3.79336
4.22934
3.74672
3.83601
3.93385
3.74851
4.1287
3.79141
3.4079
3.22327
3.81348
3.77479
3.52325
3.63829
3.75015
3.54137
3.65883
3.70277
4.43448
3.65636
3.57782
4.02622
3.64523
3.43209
3.80137
3.96051
4.00028
3.84748
3.48402
3.87746
3.79132
3.57918
3.5391
4.0962
3.98264
3.74499
3.39559
4.21018
3.76516
3.37554
3.57172
4.12644
3.99141
3.46222
3.85947
4.06497
3.7557
4.37227
3.40095
3.67362
3.26859
3.82214
3.94504
3.33046
3.91953
3.79497
3.63257
3.68199
3.7803
3.29948
3.84518
3.80348
3.61483
4.21136
4.11207
4.39636
3.776
3.63103
4.17224
3.35003
3.36232
4.38324
3.87399
3.73827
3.43305
3.70734
3.71094
3.6123
3.88855
