3.11767
2.74826
2.67111
2.49595
2.60085
2.61819
2.92409
2.75179
2.81805
2.76692
2.94918
2.00737
2.54814
2.73926
3.0694
3.06061
2.70225
2.56988
3.00621
3.05831
2.61489
3.01263
2.84968
3.09084
1.80908
3.12983
3.16086
2.44801
2.71121
2.78722
2.98024
2.68023
2.9928
2.72767
2.77311
2.91164
2.70747
2.82558
3.25159
3.06133
2.66809
3.10028
2.43014
2.69965
2.67613
3.09858
2.72376
3.03037
2.98265
2.85932
2.75184
2.9934
2.68018
2.69511
2.57113
2.92466
2.71449
2.71781
2.41138
2.8015
2.99928
2.7194
3.18577
2.16187
2.61687
3.02686
2.67544
2.55115
3.20567
2.69787
2.88658
3.01921
2.18571
3.07831
2.4916
3.05634
3.37165
3.08014
2.48297
2.83827
2.9821
2.47372
2.96994
2.55174
2.83973
2.48061
2.53887
3.33448
2.9659
2.69001
3.26749
3.14081
2.84403
2.53218
3.04895
2.65478
2.77186
2.78769
2.66966
2.57055
2.61245
3.45282
2.45546
2.65845
2.55009
3.02833
2.55903
3.15186
3.17735
2.19647
2.73541
2.8255
2.44692
3.18789
2.33898
2.63745
3.05871
2.70772
2.85899
3.1263
2.59114
2.94469
2.57808
2.33089
2.65903
3.08213
2.48112
2.8717
2.87909
2.96997
2.69443
3.24008
2.7726
2.67022
3.2432
2.55317
3.04524
3.0228
2.63093
2.56595
2.54112
2.36247
2.59712
3.0084
3.03807
2.74736
2.79791
2.64495
3.71037
3.03017
2.85468
2.74068
2.82657
2.94278
2.80961
2.76968
2.90489
2.58912
2.56686
3.07784
2.63958
2.54646
2.99538
2.92665
2.65411
3.1174
2.96075
2.61536
2.72755
2.50437
2.39144
2.66075
2.49227
3.17208
3.02317
2.54012
2.56568
2.9744
2.57926
2.54928
2.83061
2.82176
3.45677
2.59034
2.7495
2.90865
3.09938
2.75431
3.27408
2.8976
3.02874
2.41687
2.47972
2.4298
2.38776
2.97633
2.66546
3.12228
2.87071
2.67347
3.03466
2.77419
2.65451
3.18774
2.68137
2.40958
2.61465
3.20322
2.75504
2.68718
2.7184
3.03574
2.84984
2.63315
2.29537
2.80033
2.8347
3.25057
2.47926
3.40565
2.5442
2.3635
2.66292
2.92697
3.00216
2.90199
2.83963
2.54915
3.10697
2.83639
3.05446
2.89792
2.70927
2.35068
2.64695
3.25505
2.68209
2.38129
2.64547
2.8263
2.6783
3.37648
3.04529
2.42301
2.83483
2.96626
3.39722
2.95134
2.74691
2.57266
2.97759
2.666
2.78431
3.02961
2.95756
3.00522
2.9344
3.08689
2.91495
2.77185
2.09744
2.70835
2.98802
3.02731
2.49924
2.90207
2.85998
3.16384
2.93253
3.02288
3.00161
3.49407
2.67575
2.68291
2.86987
2.34344
3.20206
2.59031
3.09428
2.60974
2.47414
2.4837
2.96368
2.69998
2.8255
3.15513
2.75531
3.14535
3.20012
2.7271
2.52865
2.4075
3.09374
2.73774
2.81138
2.63351
2.63651
2.92317
3.30468
2.91926
2.93769
2.72981
2.76188
2.37122
2.60967
2.79894
3.34211
2.83553
2.46956
3.03596
2.15736
2.67343
2.61068
2.22064
2.70721
2.56995
2.86216
3.13071
2.72147
2.98208
2.44182
2.87744
2.66304
2.77254
3.34259
3.19852
3.17546
2.64245
2.62361
3.02859
2.47484
2.98718
2.5612
2.73574
2.59607
3.17873
2.58285
2.46362
3.01162
2.34225
3.24443
2.82778
2.56723
2.7289
3.15087
2.71359
2.84462
3.25017
2.90425
2.95035
2.56844
2.61801
2.59999
2.95015
2.89889
2.29972
3.15987
2.77151
2.50604
2.6112
2.67966
3.07156
3.12716
2.54161
3.06394
2.60328
2.56236
2.77432
2.59943
2.51963
2.64337
2.54228
2.3002
3.20978
2.22697
2.36857
3.42157
2.4144
2.79494
2.71484
2.74886
2.8702
2.613
2.29581
3.30598
3.23624
2.76637
2.55605
2.49163
2.93622
2.69886
2.47084
2.58205
2.8182
2.88637
2.6356
2.80898
2.97346
2.33417
2.94432
2.77413
3.03714
2.77134
2.70418
2.66885
2.38156
2.95616
2.9128
2.89795
2.57602
2.72396
2.53502
3.24343
2.84389
3.35962
2.35143
2.65454
2.5384
2.89882
3.40626
2.87674
2.58231
3.16621
2.84069
2.4281
2.76242
3.7215
2.72935
3.405
2.16413
3.09224
2.88465
2.95791
2.93441
2.86958
3.13809
2.62731
2.32594
2.84611
2.99169
3.47006
2.60171
2.65915
2.53967
3.14908
3.17131
2.58086
2.47123
2.76089
3.14702
3.24744
2.75479
2.89731
2.61953
2.52261
2.39001
2.83202
2.4307
2.64492
2.82574
3.16286
2.85073
3.06952
2.66162
2.5236
2.40855
2.38449
3.31359
2.55695
2.86581
2.48506
2.81038
2.76162
2.76509
3.02035
2.91631
3.37433
2.59493
2.83823
3.48708
2.92645
2.46273
2.93984
2.51568
2.61673
2.91901
3.02827
2.69419
2.60622
2.75121
2.55686
2.3791
2.53217
3.03538
2.65277
3.22858
2.41546
2.56492
2.84808
2.42209
