3.64769
3.58001
3.16097
3.71925
3.57982
3.33624
3.96523
3.30795
3.55447
4.24737
3.81989
3.89433
3.54565
3.16132
3.80815
3.51324
3.54514
3.05357
3.32085
3.26948
3.20815
3.5267
3.41025
3.4814
3.73524
3.4051
3.84863
3.39076
4.01361
3.96183
3.17315
4.11185
3.99806
3.55057
3.92087
3.52458
3.46096
3.44294
3.45379
3.56271
3.62295
3.35203
3.0023
3.64487
3.22888
3.74808
3.50791
3.8676
3.52039
4.03654
3.6869
3.75785
3.14151
3.69485
4.22984
3.48893
3.44988
3.16079
3.70364
3.60611
3.5311
3.4559
3.53112
4.2589
3.60021
3.92383
3.76666
3.62091
3.88119
3.74593
3.4648
3.69904
3.19845
3.87153
3.36332
3.47091
3.72066
3.55925
4.59072
3.31249
3.38814
3.57894
4.05319
3.72652
3.3736
3.63048
3.6556
3.72338
3.88987
3.41607
3.32358
3.77939
3.5929
4.04795
3.49334
3.43608
3.71588
3.65308
3.52196
3.58458
3.22922
4.12359
3.84781
3.77465
3.22978
3.64889
3.94183
3.30401
4.04555
3.62656
3.60482
3.34911
3.65445
3.63954
3.41167
3.62739
3.4034
3.21075
4.67362
3.52113
4.17698
3.3352
3.74603
3.29491
4.2421
3.85208
4.13962
3.91851
3.93447
3.27862
3.45072
4.06308
3.58636
3.87603
3.56319
3.51645
3.88239
3.46825
3.80797
3.28263
3.23563
3.42568
3.53898
3.68129
3.78756
3.47418
3.66729
3.68063
3.33983
3.59665
3.43042
3.5617
3.46937
3.79377
3.92068
3.25141
3.35401
3.26274
3.41448
3.8635
3.13402
4.01293
3.66039
3.34762
3.20644
3.07377
3.56999
3.73304
3.365
3.60693
4.08125
3.20067
3.19739
3.79073
3.69137
3.67019
3.77847
3.54292
3.53798
3.58736
3.70184
4.37147
3.51027
3.34871
3.61927
4.55122
4.00088
4.14224
3.33098
3.70125
3.75958
3.50774
3.5256
3.60403
4.16556
3.43199
3.43735
3.27034
3.68602
3.45197
3.26017
3.93457
3.49112
3.44102
3.73526
3.61515
3.45927
3.42805
3.65675
3.44113
3.56199
3.47308
3.51325
3.33562
4.02041
4.41469
3.46565
3.48669
2.79789
3.62235
3.34565
3.69385
3.243
3.54967
3.65594
4.02304
3.67961
3.44771
3.61963
3.97472
3.71782
3.2023
3.55718
3.20012
3.85047
3.61808
3.67335
3.5477
3.38322
3.21905
3.96078
4.47945
3.26909
3.31441
3.9208
3.47144
3.70273
3.70109
3.73398
3.5028
3.59696
3.24079
3.36559
3.87505
3.39245
3.96124
3.71558
3.71828
3.56441
3.48205
3.81143
3.53813
3.52104
4.38998
3.70839
3.77403
3.22657
3.69473
3.53065
3.35045
3.83499
3.57829
3.77462
3.49727
3.42375
4.33978
3.41561
3.6808
3.05642
3.32574
3.35991
4.03009
3.06146
3.46315
4.24994
3.63225
3.67128
3.32528
3.39012
3.29233
3.70583
3.35245
3.84969
3.73672
3.57152
3.27597
3.48737
3.80005
4.05812
3.02109
3.53139
4.20088
3.37694
3.30107
3.62523
3.6869
4.07333
3.9194
3.50537
4.01704
3.69499
4.02003
4.01094
3.89371
3.83061
3.53627
3.85056
3.49221
3.33339
3.54166
3.66257
3.34034
3.60841
3.47385
3.37081
3.12049
3.73617
3.4403
3.67178
3.72113
3.59409
3.78008
3.86452
3.11005
3.64078
3.56304
3.54409
3.4929
3.05785
3.07494
3.7609
4.04382
3.39526
3.61394
3.49298
3.82558
3.47418
3.61929
3.24878
3.47491
3.45516
4.01856
3.7818
3.46633
3.61482
3.62852
3.45445
3.5351
4.31355
3.37751
3.73114
4.20433
3.74853
3.38018
3.89554
3.94367
3.43174
3.41701
3.54553
4.24095
3.275
3.55847
3.62747
3.96334
3.80423
3.25038
3.24642
3.77406
3.85673
3.29038
3.48157
3.82656
3.24492
3.79114
3.34052
3.41901
3.6147
3.44869
3.64007
4.10476
3.23785
3.35155
4.29993
3.04481
3.50704
3.41987
3.68639
3.32183
3.42735
3.82998
3.38314
3.53895
3.85973
3.63844
3.52197
3.20029
3.64244
3.17776
3.70052
3.10991
3.89571
3.74262
3.59949
3.70196
3.60653
3.60411
3.48206
3.37248
3.7326
3.68007
4.18789
3.64762
4.1097
3.62646
3.70985
3.80323
3.6227
3.95657
3.60147
3.27008
3.10919
3.68665
3.64202
3.41304
3.49763
3.63024
3.42194
3.52528
3.57255
4.28308
3.53249
3.46215
3.87802
3.51596
3.32073
3.65413
3.81553
3.84456
3.71837
3.35872
3.70598
3.64332
3.46837
3.41578
3.88352
3.82591
3.61174
3.27721
4.0542
3.65095
3.26205
3.43596
3.98829
3.82049
3.34149
3.72168
3.91436
3.62096
4.0969
3.28691
3.55106
3.15171
3.70093
3.8184
3.2296
3.74724
3.65114
3.49199
3.56569
3.65404
3.1873
3.71045
3.68336
3.49541
4.05514
3.96024
4.25593
3.58369
3.50077
4.02227
3.23238
3.26162
4.18888
3.72475
3.58872
3.32397
3.54857
3.58694
3.49488
3.7406
