5.41984
3.60696
4.85018
5.87776
4.06739
5.16504
5.80226
5.64759
6.10795
4.8443
6.22936
4.75159
4.91567
5.30922
5.7686
5.82716
5.11684
5.05833
4.2871
5.44561
5.80236
4.98069
5.14425
6.65608
7.20449
6.45942
6.64073
5.42277
6.32774
5.1832
4.84067
7.75761
4.51285
3.95859
6.81475
6.29456
7.26597
4.59947
3.87514
4.99427
5.73913
4.52064
6.21031
4.94668
4.0123
5.63505
6.45246
4.98939
9.12841
5.83612
6.45957
5.25828
6.00783
4.51152
8.26213
5.70315
6.09167
3.7628
7.41772
6.85049
6.48976
6.98859
7.16872
5.5345
5.31559
7.20673
7.77728
6.48378
6.22417
5.36012
6.81958
6.06951
4.84384
8.09476
3.80335
4.54555
3.95172
3.55479
4.50975
8.7546
8.12316
5.22828
3.99716
8.14867
4.3222
8.80644
7.47904
4.30911
7.08056
3.9864
6.81235
4.5929
4.10474
5.12976
6.55117
8.2234
5.87779
7.95811
5.95496
8.18314
5.30935
5.07699
8.83583
4.2434
5.66689
6.44786
6.37937
4.5644
7.62266
4.84997
4.92855
7.82587
7.59251
4.37226
4.3149
10.1849
4.56867
5.12217
7.87727
5.08066
5.5092
7.38332
6.28634
5.20218
5.58028
2.58175
4.78518
5.36894
5.01094
4.42171
7.94897
5.97746
4.96417
6.07047
6.44353
6.56026
5.69592
7.21056
4.54551
6.17076
6.32797
3.86338
6.62073
4.52879
6.13032
4.90463
6.38548
5.86735
6.31931
5.55282
4.33713
5.90015
5.82452
6.1757
5.47284
3.99099
4.85554
7.02869
4.99489
5.57645
4.79116
7.51181
6.53014
6.15567
5.11122
4.49304
5.72435
7.84371
4.49259
4.96554
9.79788
3.80294
4.54101
5.63538
7.92185
4.32464
5.1506
6.54563
6.90284
5.57667
5.30557
7.96133
3.92909
5.79347
6.37561
4.3786
4.24669
3.44635
5.06877
4.51764
7.01977
6.53689
6.43481
4.31716
4.23363
4.96254
7.56167
5.351
6.07785
5.02269
5.35167
6.83073
6.46779
3.90381
5.25199
5.87376
4.80078
3.96834
5.07789
4.60677
7.78622
5.07339
6.80575
5.85502
6.58409
8.29154
4.18111
8.11427
6.62043
4.47778
6.63206
3.84624
5.45359
5.80583
5.69613
3.89801
7.68693
5.65426
4.68974
5.43679
4.81878
6.1169
5.62115
3.46444
4.76237
5.63362
6.56404
4.36362
5.48345
5.72323
5.90874
6.24834
6.08255
6.47102
5.33365
7.88381
5.06818
4.90448
6.71204
7.26391
7.94629
6.20197
4.71893
4.84285
5.13008
3.98582
7.7715
7.57278
4.13874
3.43807
7.15143
7.71632
4.42316
6.80427
7.17215
6.39123
5.21367
8.06963
6.79453
5.81997
5.03439
7.26409
3.91705
4.64719
4.3588
6.80835
3.6274
4.90009
5.67679
4.59641
5.03788
7.29573
6.06216
6.57534
7.04796
4.55052
4.41063
5.27682
6.30439
6.2879
8.35143
3.63647
3.24383
6.71948
7.91549
3.80809
3.50227
7.94854
6.92023
3.7744
5.62206
5.97659
5.74422
6.37476
7.02452
5.95863
5.22882
7.3121
3.37296
6.99601
6.57144
7.08657
4.71092
4.83388
4.80452
7.59104
7.5363
6.92105
5.74528
5.7315
6.72424
5.51168
3.13477
5.04651
4.77414
6.70593
5.19568
7.33557
6.38946
5.49623
3.29804
5.27057
6.96635
5.16432
9.67936
5.5673
5.16915
5.60537
5.85593
8.32635
4.60322
5.96662
8.84426
5.55122
6.402
5.97131
5.69563
4.90652
9.44808
8.37068
5.77948
6.47836
6.43062
11.1727
5.0212
5.4825
8.89816
5.23249
6.03678
7.90354
5.32775
6.16582
4.28688
5.52803
7.21098
5.50266
5.34286
5.35773
6.03926
7.20109
5.14201
4.41493
5.24831
5.95859
5.83246
4.39606
7.68546
5.40484
4.419
6.85427
5.41976
6.59519
6.82542
7.39625
6.3187
7.01692
4.60268
3.48713
5.34839
5.00119
6.54877
5.48977
6.8164
4.78541
3.91127
3.47106
3.86367
5.00653
6.90844
5.08084
6.80379
6.35515
4.96314
5.1769
3.25118
6.40335
3.65816
6.56666
5.04703
3.66054
7.91651
7.82341
7.09332
7.23896
7.78421
8.84623
5.4298
4.68384
7.89718
6.57771
5.54834
3.87197
7.8155
6.06224
5.82514
6.8909
8.30307
5.27552
4.7864
4.92664
5.0915
6.01058
4.84305
4.88077
7.91197
4.94162
5.24876
5.7022
5.29395
6.07046
5.71848
5.30958
4.73643
4.68239
7.58391
4.87288
4.99195
5.86
3.75467
4.42434
4.89434
7.47718
4.68168
6.57401
12.2923
4.42668
4.16404
5.51289
4.25409
4.37686
10.9462
5.40269
3.70589
6.5616
6.02533
5.30754
9.74542
4.65443
5.73733
5.36625
8.09614
3.27583
4.19
6.17841
5.21807
3.55218
5.74527
5.41011
6.86978
5.99832
3.30352
4.92768
4.36452
6.1948
4.7422
4.86354
7.1604
9.03318
7.96846
5.87148
5.92145
4.22657
5.17927
4.60009
5.37937
8.42954
4.64013
4.36124
5.0418
4.29764
