2.64472
2.59153
2.57746
2.74192
2.47799
2.60314
2.47532
2.86631
2.79251
2.93785
2.5981
2.63012
2.56616
2.60659
2.7067
2.46856
2.8467
2.60572
2.72175
2.72589
2.7198
2.62651
2.60523
2.74417
2.91058
2.28639
2.60446
2.40866
2.9659
2.6577
2.43434
2.78399
2.6091
2.8058
2.66045
2.46575
2.40436
2.73097
2.92014
2.83196
2.37012
2.59153
2.58179
2.47489
2.41494
2.68693
2.46669
2.60153
2.84878
2.85952
2.53738
2.73526
2.96901
2.58606
2.58658
3.1917
2.96307
2.73319
2.49875
2.99255
2.40154
2.62341
2.68975
2.97287
2.71806
2.78553
2.90055
2.70587
2.53595
2.70186
2.53302
2.77853
2.59638
3.06822
2.65328
2.50053
2.89211
2.80571
2.4285
2.32552
2.66171
3.09911
2.637
2.78068
2.55505
2.59925
2.78129
2.79491
2.79013
2.71734
2.53269
2.75979
2.6565
2.90142
2.74677
2.75056
2.47696
2.83088
2.70698
2.67645
2.50316
2.97483
2.63222
2.73926
2.64584
2.49859
2.73821
2.48758
2.70709
2.72959
2.73594
2.58872
2.81373
2.63925
2.66742
2.67891
3.0724
2.66445
2.44237
2.91552
2.63574
2.87928
2.57913
3.0165
2.72305
2.57885
3.20349
2.31296
3.06367
2.67908
2.70885
2.8299
2.8119
2.5676
2.83155
2.69079
2.84416
2.84797
2.79269
2.68963
2.75783
2.79885
2.79328
2.90265
2.79089
2.77644
2.738
2.77783
2.59747
3.02696
2.67666
2.43702
2.9235
2.73459
2.89731
2.83643
2.68532
2.84384
2.76277
2.88252
2.78376
2.49396
2.60338
2.59488
2.83653
2.83427
3.57957
2.92429
2.70428
2.7076
2.75476
2.83198
2.57635
2.67961
2.48345
2.54322
2.61292
2.9083
2.67362
3.13506
2.62408
2.47874
2.80941
2.41812
2.69572
2.79615
2.6741
2.57342
2.59764
2.45105
2.84114
2.60438
3.1766
2.71562
2.73336
2.70992
2.63664
2.67009
2.92025
2.73069
2.4672
2.74853
2.56681
2.84954
2.79189
2.9361
2.67412
2.73039
2.845
2.75219
2.69229
2.66775
2.62012
2.73022
2.6993
2.73126
2.60189
2.88861
2.64205
2.94028
2.57061
2.84749
2.60153
2.79674
2.84213
2.34424
2.77023
3.10219
2.36078
3.14738
2.85493
2.88031
2.42379
2.45695
2.62853
2.66043
2.41208
2.37159
2.50401
2.62913
2.33998
2.82984
2.54847
2.69006
2.67806
2.75338
2.47924
2.8568
2.68084
2.38661
2.43909
2.91701
2.50879
2.71556
2.84403
2.83613
2.37162
2.73505
2.69975
2.66812
2.46364
2.48184
2.59408
2.78692
2.6734
2.87606
2.7581
2.82156
2.5812
2.60332
3.11472
2.42889
2.55238
2.53347
2.79526
2.55915
2.93497
2.69991
2.5919
2.69938
3.30414
2.50069
2.86355
2.84149
2.82451
2.60606
3.01298
2.90686
2.77806
3.19347
2.61936
2.52333
2.73816
2.87962
2.52132
2.86558
2.51187
2.32738
2.61681
2.83144
2.97713
3.03179
2.71221
2.66977
2.86277
2.46573
2.70618
2.55534
3.04088
2.57372
2.81347
2.56428
2.60034
2.6124
2.75298
2.5955
2.76437
2.55776
3.09153
2.30273
2.5692
2.87298
2.71261
2.64773
2.76857
2.64847
2.75371
2.83967
2.68425
2.42552
2.77378
3.08024
2.30285
2.68603
2.68263
2.44117
2.58887
2.67748
2.86566
2.92331
2.65098
2.68381
2.56865
2.67183
2.63295
2.78952
2.40991
2.49324
2.81208
2.65413
2.58413
2.57522
2.69454
2.7432
2.77345
2.63751
2.74904
2.66886
2.65818
2.62147
2.49187
2.50787
2.59899
2.75779
2.65619
2.85164
2.78744
2.72747
2.69134
2.7942
2.58476
3.24498
2.61298
2.60139
2.45839
2.55955
2.70049
2.59823
2.40129
2.8332
2.98655
3.04778
2.6
2.97488
2.859
2.72598
2.83459
2.5974
2.69108
2.48856
2.70006
2.80086
2.618
2.77639
2.54468
2.75968
2.81232
2.85498
2.25799
2.2472
2.76565
2.58663
2.31858
2.49704
2.76497
2.83244
2.95078
2.8069
2.73492
2.74325
2.72993
2.62199
2.63022
2.84693
2.5314
2.60645
2.63339
2.77956
2.6572
2.62606
2.6209
2.78488
2.85455
2.44059
2.71785
2.65899
2.54819
2.56576
2.51249
2.65154
2.51315
2.84698
3.05765
2.75257
2.70908
3.01447
2.43874
2.87834
2.61417
2.58713
2.62152
2.57096
2.63282
2.63159
2.7544
2.51534
2.49218
2.59455
2.54042
2.79677
2.90941
2.92222
2.77121
2.54483
2.62745
2.85259
2.74474
2.9007
2.53931
3.14363
2.72001
2.81786
2.3545
2.82007
2.4955
2.84894
2.50292
2.53543
2.83736
2.73767
2.39792
3.0994
2.70946
2.62144
2.50494
2.47011
2.37295
2.70029
2.66081
2.83606
2.57745
2.55297
2.3853
2.56175
2.63868
2.70009
2.85156
2.52057
2.59819
2.88528
2.61595
2.71197
2.5753
2.56959
2.73243
2.6232
2.94001
2.70712
2.60565
2.65272
