4.06318
4.83881
4.02323
3.72937
3.84701
3.48067
4.63886
3.93228
5.48331
5.33749
4.08969
3.69687
3.64648
5.14377
4.48928
4.17161
4.07729
4.16422
4.88292
4.36177
4.94332
3.49196
4.36559
3.9812
4.19703
6.00309
4.88385
5.11458
3.97158
3.67234
4.77397
3.6873
4.77718
4.33137
4.05134
4.391
5.12267
5.31558
5.09038
4.0865
4.90005
4.50044
3.96782
4.43577
3.64816
4.85921
4.39169
3.53687
3.70369
4.38524
5.12245
4.9665
3.18215
4.42376
5.23696
3.62906
4.00421
3.263
4.33767
4.43408
5.30947
4.1343
3.03838
4.32059
5.3916
2.80336
5.75632
5.05599
4.37192
3.33399
4.30861
3.19118
3.67606
4.35188
4.10516
4.5466
4.99369
4.67398
4.17942
4.27024
4.32917
3.7944
3.50773
4.27289
3.64416
4.20589
4.41852
3.83232
3.91051
5.1253
5.75589
5.15919
5.73377
4.04095
4.08663
5.0313
4.88432
5.32169
4.12684
3.69124
4.09021
4.58518
4.85357
4.68014
4.3478
4.26449
5.20445
4.32926
4.25176
5.63987
4.09271
5.23697
4.42107
4.26979
4.46171
3.50094
3.94172
3.65152
3.81119
4.72273
4.69798
4.72555
4.00223
3.5386
4.16938
3.99455
3.87985
3.13246
3.77447
4.01156
4.3218
4.35802
3.73419
5.01191
3.55815
4.43193
5.32802
4.88257
4.86671
4.81851
3.16913
3.2781
4.90019
3.98783
3.51476
4.75016
3.60629
3.83444
3.82215
7.06498
3.27548
3.34052
4.59888
4.90282
4.72296
3.92865
4.61163
4.76362
3.16484
3.58131
3.6817
4.10248
3.68066
3.8376
3.94658
5.47169
6.50305
4.46398
3.4429
5.76707
5.08224
4.96402
5.14933
3.82308
4.49135
4.09262
3.29539
4.36092
3.9569
5.52169
3.27589
4.32597
3.14427
5.53399
3.99396
4.5207
4.07117
3.5694
3.49552
4.22199
4.20076
3.15389
4.32063
5.0318
4.4626
3.45616
3.59552
6.4973
3.73852
6.06315
3.90873
3.26738
4.09962
4.22391
4.67434
4.43032
4.01072
5.86187
4.67084
4.7528
5.38613
4.96417
6.12949
3.971
4.82198
3.9088
4.04495
3.95496
3.90365
3.34742
4.46722
3.35911
4.97425
3.80779
3.0612
6.69799
4.51533
3.58666
4.06956
5.60686
5.82817
4.0449
3.92316
3.54631
3.85999
3.99631
5.4056
4.37563
3.84005
3.94678
4.23622
5.20492
4.40995
3.92056
5.49508
3.51221
5.00226
4.2334
3.88959
4.04398
3.93809
3.9637
3.87458
4.23477
4.85843
4.55646
3.97827
5.08494
4.41357
5.5638
4.72467
3.73011
5.35307
4.36619
5.53178
3.98177
3.32833
5.05078
3.29591
4.59353
3.60318
5.03375
4.39161
3.5843
5.17645
3.91466
5.89571
5.11635
2.94108
3.74743
4.87027
4.47947
4.85549
4.55229
4.1427
3.86058
5.83591
4.08414
4.94943
4.86732
3.65578
3.42141
4.3161
4.27965
3.76578
5.68786
3.7107
4.67815
3.88317
4.95908
3.70205
5.05404
4.45555
4.18772
3.58579
3.96395
3.84123
4.68916
4.36667
3.83029
3.73642
5.5159
4.91347
5.3824
3.50289
3.7616
4.36734
4.26304
5.23516
4.04012
4.09642
3.47105
3.55503
4.06867
4.42374
3.58267
6.40171
3.80419
4.46189
4.12025
4.2608
5.02085
3.6347
4.47582
3.8683
5.12691
4.02982
4.27509
5.0705
5.69473
5.16671
4.82806
3.97493
5.36546
3.80398
4.89103
5.46221
4.4495
4.33762
4.54115
3.91778
3.36477
3.50304
4.80675
3.4322
3.31615
4.54515
4.03442
4.71592
4.43864
3.86995
3.87791
3.80876
3.16818
4.45757
4.11358
5.14897
3.78512
3.73426
4.33357
3.6107
4.13728
3.27692
3.97898
6.22462
4.37985
4.7035
3.52532
4.08225
4.07838
3.79633
4.97778
4.54677
4.75871
4.12598
4.89661
4.59094
4.00833
4.57044
4.1231
3.95934
4.26983
4.46754
4.20023
4.24304
4.44612
4.09006
4.32543
3.50227
3.61916
4.2254
3.44542
3.91852
4.29186
3.39358
5.67559
4.40707
3.89488
4.53972
4.79793
3.92638
3.86731
3.95478
4.64425
4.2939
4.38875
4.49254
4.61306
5.51054
5.13664
4.21282
3.53676
4.97172
4.4997
4.39509
3.1399
3.89902
4.09287
5.15476
4.31644
4.55779
3.89177
3.49026
4.30695
4.64809
3.83755
4.90157
3.40384
5.10132
3.61142
4.76709
4.81519
3.97283
4.11351
4.20141
5.59798
4.15123
5.97028
4.38029
3.71437
4.44031
4.69175
3.72275
4.88912
4.5497
4.33617
4.44175
4.26162
4.42913
5.32827
4.43127
4.75875
5.26256
4.01733
7.43019
4.96278
4.31047
3.72203
3.88561
4.38706
6.46367
4.20994
4.45119
3.97235
4.28309
3.77555
3.7948
3.28493
5.15302
4.89463
4.21306
4.81554
3.96722
4.89746
3.32468
3.84202
3.65595
4.3514
4.4616
4.20539
3.50412
6.24405
3.6957
4.82964
3.94673
3.65571
4.50161
4.68376
3.77377
4.61439
