3.31922
3.31052
3.43213
3.68707
3.35559
3.57217
3.46802
3.49393
3.40219
3.67523
3.32215
3.48631
3.88628
4.18012
4.56236
3.57995
3.39066
3.70078
4.24324
3.24015
3.33655
3.27279
3.6702
3.85843
3.27318
3.68545
3.62821
3.72637
3.781
3.66626
3.59112
4.13787
3.54919
4.1322
3.68632
3.90983
3.73156
3.39805
3.98677
4.07586
3.31439
3.40128
3.37944
3.43828
3.34379
3.5958
3.50882
3.57697
3.50224
3.69988
3.4648
3.59848
3.36563
3.64697
3.67774
3.48007
3.4351
3.22526
3.41497
3.28612
3.3312
3.42275
3.53376
3.40462
3.92498
3.55744
3.6921
4.29154
4.1148
3.21283
3.54616
3.56038
3.35267
3.38226
3.40073
3.57699
4.05983
4.48434
3.21953
3.58743
3.50649
3.27147
3.4945
3.4991
3.61837
3.83335
3.41473
3.50002
3.59593
3.43638
3.74233
3.52459
3.72614
3.74666
3.76367
3.41668
3.42811
3.50661
3.16973
3.62507
3.60844
3.83545
3.32944
3.7768
3.62059
3.93186
3.59674
3.51178
3.73956
3.71642
3.71046
3.52283
3.70331
3.7733
3.57601
3.67294
3.39155
3.50835
3.67528
4.08884
4.34853
3.86762
3.85801
3.54453
3.76516
3.51583
3.30822
3.6783
3.60767
3.4367
3.83481
3.54638
3.5621
3.26017
3.4187
3.44687
3.6361
3.2873
3.7289
3.55974
3.89722
3.66224
3.36234
3.51636
3.52363
3.24483
3.15391
3.30156
3.4883
3.42271
4.09013
3.59165
3.54122
3.43547
3.50986
3.47677
3.45049
3.5929
3.64629
3.69083
3.62217
3.46411
3.96269
3.37781
3.92994
3.36151
3.84895
3.42332
3.53349
3.62136
3.90222
3.67352
3.73883
3.52347
3.48753
3.60273
3.62734
3.43153
3.1937
3.65908
3.62982
3.31204
3.57513
3.47471
3.5107
3.52306
3.62024
3.45433
3.68506
3.59183
3.88911
3.27227
3.32494
3.59462
3.70318
3.64007
3.50223
3.5321
3.43094
3.52011
3.65928
3.46792
3.56418
3.31884
3.37986
3.57469
3.49977
3.64811
3.45644
3.15374
3.82486
3.79331
3.53453
3.66038
3.55635
3.74034
3.70433
3.77802
3.1285
3.38103
3.69604
3.79421
3.61646
3.13495
3.81821
4.03243
3.79098
4.02253
3.45561
3.34581
3.52639
3.24424
4.22528
3.17981
3.09333
3.54182
3.45233
3.3973
3.57464
3.44397
3.44382
3.63843
3.67514
3.38426
3.84247
3.62049
3.36211
3.41915
3.78233
3.75672
4.1777
3.45388
3.24025
3.09281
3.41702
3.15109
3.52922
3.5223
3.5103
3.50237
3.8163
3.36391
3.54739
3.24332
3.61428
4.1215
3.37992
3.34997
3.3375
3.62024
3.27866
3.58067
3.33285
4.29005
3.64417
3.5749
3.58035
3.74748
3.57306
3.79624
3.621
3.50072
3.4418
3.31881
3.76764
3.25653
3.80781
3.62173
3.49092
3.69922
3.61361
3.49936
3.59628
3.46033
3.5448
3.74999
3.50568
3.2677
3.26834
3.54823
3.85576
4.09749
3.47698
3.06657
3.69708
3.27848
3.22856
3.57573
3.38528
3.39289
3.51122
3.50378
3.62503
3.55124
3.69766
3.53458
3.29813
3.50171
3.60207
3.61263
3.49055
3.51865
3.12534
4.36128
3.8717
3.6237
3.6645
3.56758
3.68036
3.39804
3.61267
3.68113
3.65451
3.60811
3.73065
3.59007
3.60593
4.14
3.62119
3.80369
3.77322
3.33158
3.15096
3.50632
3.32829
3.683
3.70646
3.80696
3.12968
3.33307
3.36946
3.53025
3.60522
3.56012
3.73698
3.41677
4.02636
3.67661
3.94043
3.48178
3.88237
3.85036
3.50482
3.44174
3.65124
3.28056
3.43234
3.77919
3.57724
3.32505
3.48356
3.22537
3.68513
3.57119
3.60703
3.70914
3.5708
3.71222
3.48223
3.60413
3.24513
3.37621
3.40659
3.42256
3.24736
3.58886
3.5398
3.46989
3.40054
4.297
3.18107
3.49747
3.54588
3.74241
3.67864
3.91843
3.26454
3.14164
3.49385
3.6432
3.48077
3.4892
3.40234
3.27027
3.38538
3.61211
3.61601
3.36592
3.74184
3.54782
3.29329
3.60245
3.51288
3.49864
3.57948
3.66654
3.49422
3.37825
3.44642
3.70089
3.1344
3.52644
3.40989
3.55408
3.25777
3.67846
3.62031
3.68804
3.40228
3.17521
3.68055
3.48
5.06616
3.67736
3.90887
3.34604
3.52917
3.40233
3.42845
4.01307
3.85756
3.75484
3.78171
3.65959
3.3582
3.59512
3.63789
4.18435
3.70514
3.54438
3.46717
3.67951
3.59991
3.77091
3.61493
3.816
3.53121
3.89997
3.06305
3.68694
3.55633
3.24428
3.93436
4.08004
3.62364
3.37573
3.59385
4.04593
3.72275
3.27111
3.3803
3.60667
3.26775
3.89123
4.21276
3.75801
3.30643
3.70361
3.57136
3.79025
3.77275
3.59413
3.55703
3.82755
3.56445
3.50036
3.48581
3.73934
3.77438
3.66607
3.58241
3.29727
4.27058
3.94532
3.64885
3.65328
3.6382
3.60015
3.49319
3.59619
