3.65246
3.66069
3.74685
3.99057
3.70799
3.95707
3.80069
3.85698
3.73371
4.04986
3.64596
3.88024
4.26537
4.7499
5.12463
3.95248
3.76277
4.08964
4.76896
3.56006
3.67032
3.59774
4.02374
4.27699
3.60212
4.06237
4.00408
4.059
4.12999
4.02113
4.03092
4.54396
3.96494
4.84444
4.12908
4.39899
4.10742
3.73658
4.43392
4.51608
3.63333
3.79796
3.68607
3.83035
3.67365
3.98494
3.81698
3.92968
3.88846
4.08662
3.79037
3.95312
3.68686
3.99047
4.01611
3.81747
3.83292
3.53877
3.86389
3.63247
3.63347
3.74762
3.93841
3.74543
4.4123
3.99533
4.03394
4.91836
4.56377
3.49589
3.90534
3.94609
3.71552
3.71153
3.73894
3.97156
4.46562
4.95526
3.57496
4.07818
3.84425
3.56299
3.8264
3.84636
3.93935
4.1721
3.8015
3.87935
3.96
3.79092
4.05357
3.82685
4.06372
4.15727
4.17005
3.76783
3.76546
3.87391
3.47742
4.07482
3.99529
4.19503
3.67277
4.1858
3.96885
4.31746
4.01092
3.83322
4.14338
4.09832
4.05062
3.85052
4.12019
4.16182
3.95938
4.06134
4.00456
3.83618
4.0316
4.69443
4.82375
4.25128
4.21663
3.85842
4.1356
4.03253
3.59631
4.1434
3.952
3.76234
4.2399
3.91386
3.90099
3.63717
3.77635
3.82391
3.9771
3.59824
4.29131
3.90389
4.26489
3.99849
3.68445
3.85399
3.89118
3.66362
3.43764
3.66073
3.82428
3.78397
4.64306
3.94143
3.9314
3.77129
3.83981
3.82324
3.79415
4.02019
3.94854
4.13412
3.95515
3.79421
4.41979
3.71299
4.45908
3.67956
4.33477
3.77898
3.90201
4.27015
4.32873
4.01936
4.09481
3.90381
3.82803
4.0222
3.99011
3.86338
3.48605
4.01539
4.00423
3.63646
3.89958
3.84016
3.85923
3.82985
3.98611
3.76943
4.00496
4.00323
4.2878
3.60627
3.69778
3.9458
4.2281
3.99879
3.85209
3.85502
3.74979
3.84393
3.99369
3.8236
3.91195
3.68238
3.67701
3.89698
3.86494
3.9611
3.80722
3.46401
4.20153
4.17247
3.87695
4.05529
3.89393
4.19131
4.07473
4.21272
3.46719
3.70058
4.0495
4.20923
3.94735
3.43589
4.22112
4.48539
4.14714
4.49938
3.7937
3.66029
3.91546
3.62924
4.64031
3.46818
3.39294
3.87558
3.80096
3.72585
3.94235
3.76405
3.80452
3.97722
4.10488
3.73593
4.28606
3.9536
3.69324
3.76145
4.1425
4.2278
4.65827
3.86489
3.50847
3.42187
3.76167
3.47391
3.87545
3.94684
3.9
3.83931
4.22117
3.70335
3.98384
3.58062
3.98956
4.66522
3.7129
3.66481
3.63884
3.98257
3.55233
4.09566
3.64413
5.12024
4.06181
3.87666
3.9575
4.13465
4.01619
4.19756
3.99099
3.88392
3.80816
3.68536
4.12058
3.60288
4.30102
3.95436
3.8424
4.04472
3.98383
3.87296
3.90811
3.80201
3.90143
4.12724
3.85021
3.5874
3.5673
3.91188
4.20231
4.48503
3.79407
3.37902
4.02005
3.62415
3.53871
3.90039
3.75714
3.73161
3.85138
3.85279
3.99273
3.89487
4.05688
4.02506
3.62715
3.85178
3.96746
3.96863
3.89233
3.95901
3.45021
6.21479
4.33996
4.01453
3.9959
3.94302
4.19065
3.79253
4.01424
4.05639
3.96961
3.99617
4.15313
3.97838
3.93479
4.56445
4.00684
4.15584
4.19208
3.6728
3.48443
3.88776
3.65389
4.09464
4.18215
4.414
3.42796
3.71333
3.72331
3.84846
3.93564
3.93415
4.1071
3.76028
4.42817
4.08499
4.39011
3.78749
4.28623
4.23174
3.918
3.80466
3.95052
3.60243
3.75938
4.14102
3.88632
3.62482
3.98397
3.5369
4.05003
3.90394
3.98348
4.14473
3.95044
4.09643
3.83515
3.98403
3.5462
3.70899
3.72676
3.74064
3.58201
3.9615
3.90629
3.80026
3.71098
5.32019
3.46549
3.86001
3.8612
4.12547
4.15376
4.28028
3.6247
3.44991
3.87203
3.98988
3.80108
3.83801
3.83547
3.601
3.71203
4.03883
4.01299
3.70149
4.11415
3.88079
3.63811
3.93919
3.835
3.82151
3.94255
4.005
3.84277
3.73942
3.76183
4.09361
3.47115
3.86537
3.74722
3.90744
3.55385
4.0233
3.9924
4.09095
3.75417
3.48772
4.07543
3.83651
6.31377
4.0569
4.43745
3.69101
3.83152
3.69991
3.78256
4.39694
4.20765
4.11427
4.19232
4.00664
3.68429
3.99748
3.95525
4.60555
4.07866
3.85355
3.82572
4.07629
3.94777
4.15293
4.02257
4.2204
3.92904
4.43357
3.35307
4.06459
3.90457
3.58182
4.37788
4.60708
4.05178
3.73507
3.98224
4.40772
4.09116
3.55392
3.69976
3.90847
3.59823
4.33805
4.59257
4.09458
3.65147
4.07287
3.87993
4.2926
4.12517
4.02425
3.98687
4.18737
3.99745
3.8381
3.82726
4.05299
4.1017
4.08731
3.91891
3.65713
4.75653
4.30348
4.05242
4.03593
3.97929
4.06009
3.84271
3.93596
