5.30092
4.60153
5.11634
4.29316
4.45361
4.54352
5.18957
5.38922
6.46746
5.50347
5.41648
3.85599
4.36882
4.57923
5.41139
5.73764
4.32127
4.49401
6.24199
5.61719
4.34188
5.36369
4.99367
5.29893
3.60722
6.82827
5.47174
4.37051
5.02645
4.75394
5.49923
4.59442
5.5252
5.36133
5.12808
4.70729
4.62898
5.0053
5.99248
5.14947
5.64897
5.32061
4.99758
4.7845
4.55589
6.2289
4.61219
5.28057
5.34982
4.96986
6.25436
5.26173
5.23619
5.24984
4.73331
5.26374
4.69946
4.62633
4.26687
4.61986
5.57187
6.30652
5.49892
3.73862
6.88326
5.40616
5.40339
5.56661
6.72589
4.67242
8.05403
5.18681
3.85923
5.78074
4.37886
5.20833
5.69484
5.72636
4.385
5.14757
5.5633
4.15713
5.93937
4.64773
5.21709
4.9694
4.41532
8.12459
5.33158
5.19527
6.09169
5.44749
5.02488
8.05086
5.97166
4.52787
5.21146
5.08476
4.57963
4.34312
4.9168
6.09736
4.38916
4.99247
4.46532
5.47971
4.93905
5.42051
5.6715
4.45661
4.98528
5.89207
4.45209
6.05019
4.24589
4.36567
5.10261
4.64802
5.13376
5.63998
5.00723
5.18349
4.43563
5.72696
5.1496
5.59717
4.16685
5.00582
5.01068
4.91805
4.78338
6.39664
5.04331
4.5366
6.2271
4.53196
5.12767
5.31488
4.78136
4.98462
4.79473
4.39455
4.7897
5.03819
5.33972
5.57789
5.54013
4.56854
6.40253
5.50386
4.71854
4.86827
6.21646
6.5139
5.09307
5.63447
4.75592
5.00368
4.84436
5.2801
4.54983
4.23106
5.70768
5.17384
4.83757
5.39543
5.25642
4.99284
5.80012
4.63527
5.1967
5.1358
4.49551
6.14589
5.68119
4.57007
4.55228
7.75354
4.54491
5.51606
4.70008
4.80557
6.48689
4.89315
5.21946
4.80321
5.31918
4.80231
6.28925
5.16144
5.74829
4.5392
4.5577
4.93783
4.47541
5.56385
4.82582
5.26552
5.26969
5.00624
5.64087
4.66594
4.99113
5.88551
4.70957
4.24179
5.17704
5.36123
7.08635
5.69025
5.27458
5.61739
5.16683
4.5564
4.82688
5.17854
4.96528
6.46341
4.5609
6.07744
4.35881
4.79627
4.71292
5.48406
4.97344
5.42148
5.17356
4.45775
5.47206
5.29629
5.42883
4.92078
5.04866
4.02393
4.64746
5.61435
4.61011
4.4144
4.53809
4.93451
4.66525
5.51279
4.89778
4.2379
5.8517
5.98649
6.5165
6.1464
4.65019
5.5954
5.77918
4.77868
5.25482
5.38688
5.41543
5.67317
4.5275
5.18447
5.36295
5.45123
3.79407
4.76301
5.94108
5.45446
4.46764
4.96537
5.15439
5.58374
5.59655
5.42088
5.36444
5.99459
4.73218
4.06121
5.34563
4.64556
5.51376
4.60594
5.37516
4.65197
4.03703
5.36483
4.80617
4.6228
5.67207
5.49628
5.6114
6.12771
5.07297
4.82932
4.65386
4.28565
5.0521
4.58624
4.81223
4.46972
5.28262
5.31922
8.89477
5.61363
5.25246
5.02743
5.1697
4.37253
4.83256
4.68634
5.37724
5.34757
4.14003
5.87877
4.8973
4.43262
4.60642
4.50918
4.94298
5.76336
5.03121
5.65081
5.46518
5.14897
4.16497
6.28293
4.99466
5.27342
8.06286
5.80632
5.58675
4.72583
4.654
5.34492
4.38211
6.77315
4.54891
4.68397
4.51211
5.57143
4.23988
5.31207
5.15492
4.43684
6.62526
5.14447
4.67215
4.77233
7.23121
5.51537
5.03276
5.51784
5.09588
5.39037
4.58983
4.95315
4.46917
5.24441
5.03651
4.18207
5.89029
5.04652
4.44394
4.95188
4.38908
6.05914
5.21855
4.62179
5.65256
4.55012
4.61017
4.65818
4.89626
4.75404
4.94415
5.11327
4.24143
6.524
4.24217
4.29843
6.28696
4.28837
5.37723
5.11835
4.84585
5.25172
4.61559
4.22328
6.08227
5.70294
5.03009
5.96616
4.55121
5.3539
4.74883
4.31765
6.23393
5.31484
5.87397
4.68376
5.76962
6.50014
4.03419
4.90992
5.63749
5.23314
4.80813
5.00425
4.58601
4.36655
5.48603
5.1939
5.12089
4.69372
5.71259
4.5767
5.51445
4.89011
6.27136
4.38553
4.77259
4.75856
5.65076
5.8624
5.01861
4.70904
5.4345
5.09152
4.34681
4.7654
6.84846
5.33199
6.90013
4.1448
7.38263
5.39145
5.56647
5.13585
4.89048
5.38084
4.66884
4.61603
5.87437
5.15151
6.77146
4.77603
5.50923
4.74818
5.29692
5.3082
4.51916
5.15348
4.92034
5.73594
5.49706
5.26486
5.913
4.69573
4.55322
4.5157
5.72791
4.23162
4.49268
4.73011
6.3099
5.04764
5.30648
4.53778
5.90941
4.46731
4.4988
5.64894
4.54291
5.44578
4.25366
5.17192
8.79424
5.25347
5.58875
5.67715
7.9107
4.78781
4.9652
6.94241
5.63963
4.47945
5.52462
5.00722
4.75235
5.53452
5.47891
4.58616
5.11032
6.77685
4.7143
4.12603
5.2689
6.27553
5.66262
6.28762
4.19684
4.80513
4.91735
4.71814
