3.16206
3.14882
3.28243
3.5394
3.19223
3.39465
3.31137
3.32619
3.2457
3.49674
3.17252
3.30739
3.7099
3.92782
4.2799
3.41088
3.22271
3.52187
4.00858
3.09286
3.17846
3.12322
3.50426
3.65825
3.12572
3.50678
3.45411
3.56911
3.61651
3.50029
3.39292
3.94736
3.36069
3.84546
3.49075
3.69254
3.55309
3.24116
3.77825
3.87025
3.16429
3.2253
3.23572
3.26481
3.19021
3.41396
3.35907
3.41206
3.3243
3.51981
3.31297
3.42846
3.21591
3.48176
3.5136
3.3202
3.25183
3.07547
3.22173
3.12527
3.18785
3.27225
3.34861
3.24434
3.70783
3.3705
3.52555
4.00677
3.90587
3.07612
3.38489
3.38248
3.17662
3.22991
3.2409
3.39483
3.87073
4.25602
3.06074
3.38631
3.34944
3.13297
3.33844
3.33372
3.4631
3.67013
3.23934
3.32648
3.42261
3.27413
3.59166
3.38198
3.56997
3.56906
3.57584
3.25813
3.27117
3.32992
3.02103
3.4248
3.43277
3.66323
3.16829
3.59608
3.45581
3.74903
3.40518
3.35647
3.54859
3.53484
3.54542
3.36949
3.50778
3.59066
3.39262
3.49297
3.19143
3.35205
3.50158
3.8326
4.12
3.68651
3.68884
3.38958
3.59421
3.30784
3.16831
3.47223
3.44581
3.28248
3.64255
3.37412
3.39689
3.09128
3.25513
3.2765
3.47035
3.14125
3.50627
3.39988
3.72009
3.49895
3.21459
3.36089
3.35315
3.06561
3.01851
3.13303
3.3303
3.25439
3.83207
3.42849
3.35754
3.27524
3.3508
3.31172
3.28738
3.39467
3.50117
3.49864
3.46545
3.30778
3.75374
3.22181
3.70702
3.20771
3.64822
3.25592
3.35925
3.40521
3.71078
3.50951
3.56773
3.34739
3.32732
3.40828
3.45484
3.2529
3.05128
3.48661
3.45526
3.15866
3.41864
3.30868
3.3461
3.37597
3.44418
3.30232
3.5322
3.40996
3.70271
3.11103
3.15686
3.43076
3.48995
3.46769
3.33768
3.38164
3.27855
3.36409
3.50091
3.29588
3.39527
3.15514
3.23769
3.41908
3.33352
3.49887
3.28741
3.00942
3.64479
3.6147
3.37248
3.47524
3.39361
3.54429
3.52871
3.58305
2.97039
3.23143
3.53033
3.59923
3.45981
2.99028
3.64067
3.82398
3.61891
3.80373
3.29589
3.19759
3.35369
3.07058
4.01786
3.04253
2.95083
3.38843
3.28565
3.24388
3.41036
3.29278
3.27892
3.47974
3.47233
3.21814
3.64577
3.46305
3.20319
3.2563
3.61238
3.55163
3.94867
3.26761
3.11123
2.94073
3.25342
2.99786
3.36458
3.33355
3.33493
3.34409
3.62575
3.20321
3.35142
3.08682
3.44125
3.86282
3.2217
3.2004
3.19109
3.45448
3.14562
3.3669
3.18356
3.97885
3.4564
3.43092
3.40284
3.57172
3.38378
3.60983
3.44847
3.32284
3.27782
3.14802
3.59809
3.09464
3.58719
3.45947
3.32599
3.53822
3.44612
3.32901
3.44607
3.30346
3.38119
3.57208
3.34038
3.1196
3.12388
3.37845
3.69274
3.90987
3.3257
2.91849
3.54141
3.11788
3.08094
3.42103
3.21439
3.23057
3.34933
3.34245
3.44937
3.39007
3.53
3.32759
3.14854
3.34129
3.43593
3.44303
3.31152
3.33029
2.97504
3.63509
3.6714
3.44601
3.50624
3.39768
3.44858
3.21558
3.42326
3.50478
3.50333
3.43377
3.53582
3.41277
3.44713
3.93486
3.44661
3.64138
3.58256
3.17022
2.99475
3.34225
3.17521
3.49253
3.49934
3.54681
2.98966
3.15702
3.20232
3.37832
3.44645
3.38549
3.55832
3.25714
3.84651
3.49349
3.72908
3.33304
3.68806
3.66776
3.31489
3.27736
3.50578
3.13006
3.27403
3.6089
3.42807
3.18367
3.28556
3.07648
3.51681
3.41176
3.43294
3.51838
3.39256
3.52807
3.32066
3.43036
3.10293
3.21926
3.25695
3.27298
3.09001
3.41203
3.36535
3.31227
3.25232
3.92794
3.04601
3.32633
3.39344
3.55838
3.4685
3.74397
3.09999
2.99446
3.32446
3.47838
3.32926
3.32671
3.21085
3.11551
3.22917
3.424
3.43496
3.20544
3.56592
3.39314
3.13102
3.44302
3.355
3.34701
3.41502
3.50279
3.32971
3.20934
3.29475
3.52211
2.97813
3.36346
3.25184
3.38804
3.11975
3.51526
3.4483
3.50045
3.23543
3.02492
3.50054
3.3128
4.51697
3.49639
3.67668
3.1834
3.38835
3.25805
3.26067
3.82726
3.68953
3.58528
3.58951
3.49647
3.20445
3.41243
3.48418
3.97949
3.53533
3.39433
3.29979
3.4978
3.43326
3.58985
3.43541
3.62992
3.34392
3.65606
2.92448
3.50568
3.39025
3.08384
3.72631
3.84623
3.43199
3.21073
3.42033
3.87415
3.54961
3.13467
3.23128
3.46292
3.11364
3.69324
4.03101
3.59369
3.14942
3.52566
3.42216
3.57973
3.60649
3.41565
3.36316
3.65985
3.38509
3.34537
3.32268
3.58706
3.61562
3.47811
3.42088
3.13837
4.0372
3.76923
3.46468
3.46977
3.47745
3.40064
3.32953
3.4329
