4.02822
4.79191
3.98401
3.69467
3.81198
3.44742
4.58323
3.8991
5.40563
5.27356
4.05558
3.66276
3.61203
5.09293
4.4424
4.1324
4.03624
4.12564
4.84533
4.32496
4.90511
3.45375
4.33058
3.93784
4.15246
5.94545
4.84165
5.07014
3.92004
3.62087
4.73378
3.65813
4.70787
4.3015
4.02368
4.3602
5.07575
5.24312
5.03627
4.05116
4.84577
4.46638
3.92224
4.39134
3.61262
4.80846
4.34876
3.50876
3.67048
4.34915
5.06738
4.90971
3.15256
4.36629
5.18996
3.59376
3.96871
3.23206
4.29845
4.3917
5.24327
4.08784
3.00204
4.27073
5.33721
2.76622
5.70854
5.00088
4.33616
3.30697
4.25722
3.16334
3.64583
4.31625
4.05707
4.49236
4.94964
4.62805
4.10864
4.2304
4.24356
3.75168
3.48035
4.23173
3.611
4.16535
4.37659
3.80487
3.86684
5.08067
5.66576
5.11545
5.65518
4.00755
4.05095
4.93034
4.82738
5.22461
4.08582
3.6521
4.05443
4.52691
4.80739
4.63773
4.30531
4.22853
5.15469
4.29221
4.20602
5.56814
4.0556
5.1407
4.37899
4.21681
4.42745
3.46921
3.90244
3.62302
3.77943
4.6809
4.63876
4.68261
3.96259
3.50496
4.11973
3.94986
3.8376
3.10088
3.74228
3.96767
4.2922
4.32304
3.69923
4.96741
3.5267
4.3858
5.26977
4.83149
4.82429
4.76881
3.13952
3.24723
4.84977
3.94346
3.47916
4.70738
3.57531
3.78766
3.78814
6.95386
3.24152
3.29468
4.54419
4.85304
4.67125
3.88917
4.56555
4.71507
3.14089
3.55041
3.61112
4.05789
3.65064
3.80166
3.90899
5.41241
6.42982
4.41169
3.40949
5.7161
5.04576
4.899
5.09897
3.78772
4.45046
4.05941
3.26484
4.32639
3.91826
5.45259
3.24644
4.29377
3.11844
5.46964
3.95442
4.48464
4.03777
3.53736
3.46525
4.17735
4.16499
3.10795
4.28844
4.98288
4.42735
3.42956
3.56521
6.4079
3.70633
6.01036
3.86977
3.24187
4.03942
4.18908
4.61652
4.38969
3.96494
5.75388
4.61941
4.70356
5.32045
4.91494
6.01617
3.93215
4.78265
3.87615
3.99786
3.91818
3.85956
3.31874
4.39096
3.3293
4.92926
3.77697
3.03439
6.62607
4.47567
3.55028
4.03148
5.56088
5.74874
4.00906
3.88736
3.51359
3.82154
3.9582
5.33372
4.34084
3.80309
3.89271
4.20209
5.14036
4.36601
3.88587
5.43866
3.48256
4.94477
4.19796
3.84295
4.01154
3.89859
3.93501
3.84754
4.17062
4.80966
4.5184
3.94531
5.01923
4.37886
5.49133
4.68047
3.69676
5.30037
4.32776
5.49062
3.94346
3.30066
4.97571
3.26183
4.54175
3.57169
4.98442
4.35663
3.55423
5.12599
3.88247
5.83393
5.04805
2.91106
3.70518
4.83281
4.44817
4.78829
4.5002
4.08654
3.82365
5.7676
4.04133
4.91299
4.82551
3.62075
3.38675
4.28334
4.24304
3.73108
5.60425
3.67513
4.63555
3.84908
4.90444
3.66619
5.01358
4.40767
4.15337
3.55098
3.92502
3.80694
4.6456
4.32621
3.79804
3.69813
5.40862
4.8581
5.32115
3.47076
3.73199
4.29217
4.22957
5.18374
4.00105
4.05594
3.44122
3.50856
4.03177
4.38335
3.55116
6.29349
3.76761
4.41572
4.08265
4.22549
4.97969
3.60018
4.42853
3.83885
5.08707
3.98853
4.23979
5.02423
5.58843
5.08933
4.76865
3.93705
5.31873
3.76904
4.83396
5.40018
4.39961
4.28988
4.49521
3.87532
3.33369
3.47408
4.76221
3.39025
3.28677
4.50476
3.99718
4.67784
4.39295
3.82289
3.84371
3.7687
3.1387
4.41554
4.05525
5.1095
3.75587
3.69599
4.29109
3.57186
4.09716
3.24626
3.93321
6.11408
4.33818
4.66001
3.49597
4.04227
4.03879
3.75355
4.93353
4.45086
4.71781
4.08069
4.84477
4.55278
3.97774
4.50662
4.08028
3.92341
4.22964
4.42565
4.13776
4.18889
4.39896
4.05607
4.28877
3.46887
3.58374
4.18016
3.40807
3.87966
4.25324
3.3657
5.62895
4.37524
3.8494
4.4963
4.69885
3.89538
3.82933
3.91001
4.59962
4.25218
4.3396
4.4431
4.5225
5.44238
5.08709
4.178
3.49495
4.92212
4.43768
4.35858
3.1116
3.86446
4.06168
5.09481
4.27758
4.5083
3.85558
3.45914
4.27129
4.60587
3.79308
4.81533
3.36839
5.05058
3.57649
4.72899
4.77412
3.94044
4.07025
4.14963
5.5028
4.11547
5.91368
4.33809
3.67975
4.40623
4.62792
3.68769
4.84496
4.50514
4.29872
4.39926
4.22972
4.36825
5.26306
4.39619
4.71379
5.22173
3.97765
7.33539
4.92005
4.2695
3.68941
3.84877
4.33312
6.35827
4.16193
4.41585
3.93157
4.24807
3.73522
3.75453
3.252
5.10527
4.85524
4.17581
4.76555
3.92559
4.81973
3.29619
3.80132
3.6248
4.31405
4.42506
4.16809
3.46906
6.16426
3.66283
4.78392
3.91131
3.62172
4.46502
4.6453
3.73048
4.57286
