3.93171
3.84687
3.35692
3.98462
3.8391
3.5519
4.25398
3.58277
3.82824
4.58178
4.15715
4.18973
3.78824
3.3997
4.07412
3.77881
3.78267
3.2588
3.58634
3.50583
3.42876
3.77558
3.71654
3.78103
4.02124
3.68294
4.08698
3.64823
4.2576
4.23886
3.40597
4.43384
4.30741
3.80739
4.21319
3.77888
3.69155
3.71065
3.6607
3.8118
3.92691
3.56324
3.23539
3.94587
3.49248
4.03594
3.72343
4.42724
3.75555
4.30534
3.98151
4.02857
3.34579
3.99519
4.58586
3.73954
3.71126
3.35737
3.95379
3.84865
3.78684
3.71446
3.80024
4.56558
3.86186
4.25212
4.10281
3.88545
4.24143
4.05029
3.71019
4.01275
3.41283
4.19003
3.64787
3.74855
3.99394
4.08139
5.2116
3.58419
3.62046
3.87614
4.49117
3.98261
3.59866
3.88868
3.95499
4.01484
4.17083
3.66776
3.59287
4.08249
3.84276
4.34054
3.75571
3.71003
4.03877
3.97232
3.76829
3.84537
3.46586
4.44958
4.14126
4.10695
3.47985
3.91048
4.24454
3.6066
4.36278
3.91023
3.89781
3.58712
3.91523
3.88726
3.66297
3.92025
3.6421
3.43503
4.988
3.76905
4.61747
3.55564
3.99828
3.52579
4.54349
4.11703
4.38712
4.18182
4.21825
3.53196
3.70326
4.42405
3.83035
4.12111
3.86636
3.79838
4.4566
3.70928
4.10454
3.49367
3.47284
3.66036
3.82379
3.96321
4.0305
3.81837
3.92062
3.95752
3.56956
3.85449
3.69614
3.85666
3.7141
4.05063
4.22097
3.50918
3.56941
3.50734
3.63089
4.22042
3.35742
4.31861
4.0701
3.57828
3.42531
3.27563
3.82813
3.99414
3.60979
3.91517
4.37101
3.42252
3.42293
4.11037
3.99218
3.91629
4.07081
3.79557
3.83802
3.88995
3.9552
4.69908
3.76903
3.62779
3.90445
4.98074
4.32911
4.54932
3.57437
3.96102
4.04083
3.74838
3.78702
3.8751
5.15024
3.6539
3.8217
3.61587
3.93529
3.75745
3.48628
4.27406
3.74697
3.68118
3.97851
4.0167
3.67455
3.68365
3.90309
3.72513
3.80339
3.68837
3.75483
3.60272
4.291
4.83336
3.76244
3.69402
3.00707
3.87198
3.56264
3.96745
3.50567
3.84231
3.96479
4.38575
3.95707
3.7232
3.90852
4.29862
3.94236
3.42671
3.80335
3.40557
4.27154
3.94631
3.91359
3.85028
3.63419
3.44269
4.38975
4.82256
3.51343
3.57525
4.21973
3.7655
3.97276
3.97754
4.07351
3.77688
3.88658
3.45178
3.70741
4.20845
3.63508
4.23953
3.97099
3.99047
3.91229
3.7102
4.05873
3.77339
3.75326
4.78418
4.01365
4.1339
3.44766
3.9535
3.8049
3.59966
4.16879
3.86092
4.06456
3.75359
3.66818
4.69552
3.64227
3.94321
3.28854
3.57771
3.6032
4.27732
3.26821
3.75406
4.5374
3.90928
3.9239
3.56677
3.61924
3.51339
3.96538
3.59706
4.06863
3.98777
3.8128
3.49731
3.71977
4.15879
4.36724
3.22909
3.78988
4.72163
3.61818
3.58273
3.87552
3.97495
4.48923
4.24615
3.75807
4.34374
3.97451
4.36077
4.28373
4.18197
4.06212
3.8299
4.25673
3.77444
3.58888
3.82321
3.89862
3.56446
3.85547
3.72289
3.59467
3.3476
3.97344
3.63878
3.94407
4.02093
3.84679
4.05294
4.13455
3.33326
3.86056
3.81994
3.81001
3.74932
3.33032
3.3051
4.04196
4.87981
3.62146
3.87152
3.72802
4.10372
3.71799
3.91186
3.46921
3.72707
3.70765
4.35258
4.06098
3.7165
3.83286
3.90771
3.70799
3.77426
4.88141
3.65532
4.02316
4.48997
4.06035
3.61457
4.18406
4.21211
3.66546
3.706
3.84094
4.65558
3.49972
3.8121
3.8737
4.2273
4.24234
3.47143
3.51154
4.10161
4.17693
3.52275
3.71383
4.09175
3.59113
4.08225
3.55831
3.63175
3.91433
3.75667
4.15074
4.37235
3.49326
3.59178
4.72375
3.24465
3.76285
3.63233
3.9396
3.56259
3.67721
4.10375
3.61159
3.79251
4.15919
3.88768
3.79628
3.44241
3.88122
3.40947
4.03147
3.33679
4.18321
3.9854
3.92413
3.97148
3.85765
3.84811
3.73924
3.63956
4.0099
3.94148
4.61016
3.93803
4.34636
3.86579
3.95952
4.06277
3.87409
4.29959
3.99026
3.54613
3.33511
3.94128
3.90829
3.63169
3.77918
3.86807
3.65964
3.79244
3.83254
4.58437
3.77923
3.69086
4.17524
3.7723
3.54285
3.94974
4.1004
4.15916
3.97635
3.60949
4.05616
3.93855
3.68765
3.66192
4.34731
4.13943
3.87725
3.5123
4.36786
3.87692
3.48825
3.70549
4.26367
4.16737
3.58207
3.99638
4.21297
3.8877
4.68337
3.51546
3.79484
3.38577
3.94232
4.06945
3.43049
4.10342
3.93959
3.77227
3.79818
3.90393
3.4094
3.97885
3.92039
3.73332
4.36886
4.26778
4.53143
4.00569
3.75852
4.32026
3.46513
3.4617
4.57531
4.02881
3.88742
3.53979
3.86945
3.83486
3.72768
4.03407
