3.76613
3.29005
3.33158
2.95635
3.11473
3.18013
3.56538
3.47924
3.68087
3.5425
3.62002
2.55443
3.08443
3.2855
3.73008
3.79981
3.18812
3.13357
3.82367
3.75939
3.15007
3.66008
3.4713
3.76683
2.29626
4.00502
3.9119
2.95015
3.36302
3.40739
3.69871
3.22875
3.71797
3.44584
3.40511
3.47845
3.28389
3.48806
4.19117
3.69223
3.34878
3.80663
3.03964
3.29188
3.19615
3.95724
3.30642
3.68833
3.65174
3.50322
3.48027
3.68657
3.41785
3.30761
3.19099
3.63763
3.30756
3.26733
2.94021
3.36673
3.77268
3.54294
3.86069
2.60973
3.314
3.69416
3.25954
3.39343
4.07302
3.24416
3.86101
3.68135
2.66891
3.90258
3.05977
3.72146
4.09508
3.84389
3.01604
3.51028
3.69015
2.99691
3.7336
3.17216
3.56798
3.13769
3.08722
4.44676
3.54544
3.32271
4.19593
3.8249
3.46609
3.33256
3.74573
3.14802
3.47534
3.41862
3.23009
3.06905
3.21749
4.22477
3.01953
3.36437
3.11754
3.68155
3.18048
3.82172
3.92923
2.74234
3.41204
3.5951
2.95417
4.0095
2.90383
3.14745
3.72256
3.25281
3.51683
3.83364
3.17475
3.67893
3.15186
2.81573
3.38134
3.71856
2.98038
3.4866
3.49818
3.52375
3.29584
4.0559
3.46836
3.24689
3.9577
3.13966
3.69107
3.73365
3.19165
3.16934
3.15922
2.89389
3.21404
3.60546
3.78682
3.48001
3.61002
3.20655
4.51745
3.80551
3.42795
3.35252
3.76772
3.73912
3.51861
3.56341
3.47559
3.29736
3.2696
3.77046
3.20712
3.02007
3.80869
3.56369
3.23955
3.78924
3.61543
3.29693
3.48587
3.07832
2.99811
3.33948
3.10269
3.98216
3.76459
3.07034
3.12012
3.95096
3.14675
3.16634
3.39896
3.4398
4.30315
3.2263
3.4254
3.45507
3.74965
3.3977
4.18506
3.5393
3.8384
2.96593
3.0365
3.08803
3.01199
3.70737
3.30245
3.72946
3.58591
3.27346
3.79814
3.31458
3.23197
3.98236
3.28738
2.92427
3.39791
3.89322
3.60901
3.36339
3.42672
3.76972
3.44252
3.20093
2.8768
3.39523
3.43293
4.07658
3.0412
4.26988
3.10158
2.9174
3.25499
3.64634
3.60583
3.61841
3.45389
3.09506
3.7787
3.56679
3.82925
3.50494
3.32652
2.85114
3.24987
3.93246
3.22306
2.95935
3.23519
3.44681
3.31404
4.08121
3.63428
2.94347
3.58106
3.75986
4.3189
3.74472
3.32682
3.10227
3.71835
3.28899
3.49444
3.70827
3.64293
3.77411
3.4443
3.74828
3.52997
3.4828
2.56472
3.30633
3.78151
3.70234
3.0644
3.50082
3.54078
3.90266
3.64394
3.70881
3.66874
4.28478
3.31623
3.09447
3.59123
2.95198
3.92336
3.16254
3.82225
3.19188
2.943
3.11703
3.50199
3.27719
3.52404
3.82426
3.4681
3.99913
3.79484
3.28901
3.1247
2.93299
3.7052
3.28188
3.40383
3.17689
3.38167
3.60572
4.30114
3.64718
3.57834
3.31836
3.49678
2.92139
3.24358
3.36245
4.00343
3.52233
2.97462
3.88446
2.69512
3.21668
3.213
2.83374
3.31742
3.19489
3.5464
3.87377
3.43316
3.59674
2.90978
3.70103
3.35744
3.4531
4.52166
3.98976
3.90186
3.21051
3.25995
3.68242
3.03679
3.91917
3.14167
3.34571
3.13163
3.8853
3.07811
3.09684
3.71503
2.90439
4.11528
3.47898
3.13822
3.32677
4.08721
3.4238
3.46355
3.96677
3.53871
3.70782
3.16946
3.25847
3.11778
3.6614
3.46704
2.8262
3.86745
3.42695
3.06194
3.24311
3.20033
3.88979
3.78705
3.13122
3.71829
3.12788
3.13001
3.3135
3.26385
3.1345
3.25803
3.15469
2.81739
4.31084
2.76432
2.89853
4.39775
2.93911
3.49051
3.37302
3.34069
3.51746
3.1787
2.79041
4.13433
3.98432
3.41923
3.28967
3.03835
3.62264
3.28184
3.00369
3.28893
3.55243
3.60582
3.22367
3.58252
3.68904
2.83318
3.50051
3.46209
3.67299
3.35156
3.3435
3.2213
2.91194
3.71644
3.55533
3.57186
3.17049
3.50192
3.07989
3.93864
3.46427
4.31958
2.90224
3.21524
3.13669
3.62417
4.1496
3.55631
3.18535
3.79255
3.53976
2.94358
3.37496
4.69528
3.49486
4.35024
2.75111
4.21343
3.59472
3.68668
3.62108
3.48612
3.84056
3.21403
2.90598
3.59099
3.62194
4.2482
3.22502
3.29678
3.19304
3.77558
3.8092
3.08405
3.14723
3.39669
3.85764
3.90356
3.5296
3.80045
3.15641
3.06456
2.92541
3.56267
2.94314
3.21662
3.36843
3.88785
3.50761
3.69221
3.22404
3.32369
2.93922
2.91623
3.9997
3.12787
3.55953
2.99606
3.48134
4.00751
3.53949
3.83651
3.72153
4.43531
3.19265
3.44055
4.33806
3.75299
3.02609
3.71356
3.18862
3.19811
3.55992
3.71771
3.25655
3.267
3.6971
3.13462
2.84867
3.06469
3.93345
3.36586
4.07606
2.91208
3.23343
3.44921
3.02309
