2.66781
2.68074
2.44044
2.7854
2.63959
2.5941
2.98068
2.43794
2.63192
3.15022
2.78139
2.90885
2.69644
2.35868
2.83517
2.60654
2.72695
2.3512
2.42483
2.48292
2.44474
2.68567
2.44531
2.60477
2.79172
2.5394
2.99912
2.53255
3.13774
2.98325
2.36945
3.04122
2.97788
2.68665
2.95438
2.6502
2.61006
2.56924
2.71608
2.71019
2.69565
2.61667
2.24202
2.67141
2.29977
2.78857
2.72507
2.79081
2.71283
3.07101
2.73744
2.82018
2.43115
2.75068
3.04657
2.65051
2.56116
2.456
2.82881
2.77355
2.65515
2.69059
2.60831
3.21269
2.69613
2.86976
2.73115
2.73111
2.78396
2.77781
2.6136
2.65352
2.44644
2.85222
2.46624
2.53829
2.76866
2.46356
3.08347
2.46837
2.58742
2.61956
2.90215
2.80017
2.61632
2.72312
2.66998
2.736
2.90403
2.57437
2.4664
2.82226
2.72705
3.01091
2.62327
2.56539
2.73626
2.64612
2.69872
2.69754
2.45911
2.99508
2.81303
2.76495
2.41012
2.77421
2.9609
2.41004
2.96535
2.70181
2.66259
2.54095
2.75714
2.79896
2.55835
2.69966
2.5952
2.42775
3.56449
2.65536
3.00303
2.55605
2.86371
2.48127
3.10396
2.9598
3.24512
3.02843
2.97296
2.42394
2.58542
2.94907
2.78292
2.98865
2.55841
2.62676
2.68285
2.63452
2.95881
2.53225
2.43316
2.62503
2.63741
2.70258
2.92269
2.47164
2.77325
2.79296
2.52441
2.71003
2.55659
2.67352
2.64085
2.89839
2.93522
2.41321
2.59143
2.44002
2.66606
2.69887
2.38508
2.94338
2.67848
2.52768
2.46059
2.38749
2.71775
2.82405
2.49611
2.69526
3.04918
2.42392
2.40867
2.73828
2.70193
2.80265
2.78869
2.67949
2.57664
2.63938
2.82231
3.22143
2.61458
2.4718
2.65601
3.23053
2.92674
2.92141
2.4954
2.79189
2.84079
2.68385
2.64302
2.6737
2.65266
2.63025
2.44763
2.37742
2.79115
2.44574
2.52012
2.85109
2.62503
2.62117
2.8765
2.56253
2.72058
2.57045
2.79394
2.52352
2.7482
2.70539
2.68215
2.50996
3.09813
3.10859
2.52764
2.72928
2.10209
2.7705
2.59489
2.73776
2.40699
2.58617
2.67951
2.8392
2.73423
2.60474
2.6933
3.03436
2.85244
2.42064
2.69029
2.47684
2.75876
2.58998
2.84306
2.62883
2.5849
2.45611
2.71317
3.31943
2.43022
2.47596
2.91364
2.55596
2.7773
2.7883
2.64075
2.63946
2.74448
2.50874
2.5047
2.83398
2.55449
3.00337
2.85243
2.77094
2.49684
2.71794
2.91957
2.7088
2.68181
3.17127
2.74189
2.74147
2.47396
2.79463
2.62005
2.51999
2.80035
2.66071
2.82064
2.65936
2.55509
3.16967
2.61786
2.77551
2.27854
2.46137
2.53563
3.11689
2.3331
2.56085
3.24286
2.72029
2.76919
2.51546
2.58307
2.50414
2.80769
2.51904
3.03699
2.83398
2.72718
2.4928
2.66708
2.73969
3.02545
2.29918
2.63702
2.81054
2.55723
2.43747
2.74302
2.71599
2.84066
2.87672
2.64797
3.01978
2.74178
2.86249
3.05632
2.91972
3.0074
2.56143
2.73692
2.53696
2.51286
2.57562
2.83838
2.53881
2.71549
2.64544
2.63091
2.35807
2.84746
2.72156
2.72806
2.69784
2.69747
2.83448
2.94011
2.35932
2.82268
2.68823
2.66735
2.61756
2.26428
2.28824
2.80693
2.60035
2.58047
2.74509
2.66702
2.86071
2.63621
2.62155
2.49516
2.5892
2.58116
2.91175
2.82475
2.61438
2.79962
2.69031
2.62366
2.71082
2.86013
2.47383
2.74936
3.2006
2.73868
2.55799
2.94028
3.03043
2.5862
2.46789
2.59967
2.98322
2.48511
2.65169
2.78766
3.02545
2.70617
2.50206
2.43732
2.76436
2.90233
2.52589
2.66327
2.95072
2.41128
2.79097
2.57053
2.65327
2.65088
2.48851
2.62442
3.11756
2.42795
2.54926
3.05574
2.35773
2.63781
2.65944
2.82491
2.50319
2.60978
2.89233
2.56017
2.67102
2.88376
2.77623
2.61725
2.39245
2.79705
2.39078
2.62056
2.36497
2.97699
2.87333
2.60537
2.81824
2.76493
2.77281
2.60623
2.53831
2.80992
2.78458
2.85805
2.67662
3.23971
2.79326
2.82283
2.88487
2.77662
2.8281
2.53198
2.38238
2.31321
2.82694
2.76747
2.6393
2.56036
2.79219
2.61536
2.62778
2.68315
3.24553
2.68155
2.63863
2.92275
2.62653
2.55643
2.71226
2.79444
2.87002
2.87112
2.52605
2.68042
2.65774
2.67468
2.5816
2.69367
2.82757
2.72562
2.44051
3.05798
2.83152
2.48917
2.52244
3.02879
2.78753
2.50341
2.778
2.89293
2.68251
2.89163
2.52945
2.70945
2.37459
2.8503
2.93501
2.51926
2.73535
2.70349
2.54804
2.75118
2.76818
2.38547
2.78835
2.80161
2.68451
2.99772
3.01209
3.20869
2.65286
2.59379
3.02411
2.38534
2.54441
2.94726
2.78782
2.60832
2.54931
2.5601
2.75025
2.68286
2.72824
