3.59237
3.65114
3.49055
3.76144
3.43976
3.57675
3.45345
3.88284
3.91693
4.29378
3.81079
3.6199
3.7581
3.51935
3.88818
3.54036
4.04254
3.58536
3.7403
3.7466
3.70286
3.68145
3.60646
3.8608
4.01588
3.17611
3.49016
3.4232
4.2527
3.64946
3.29721
3.88372
3.57834
3.84364
3.66149
3.43059
3.36285
3.71311
4.1865
3.70232
3.27835
3.6545
3.60278
3.36818
3.54237
3.69048
3.39626
3.76558
3.93456
4.14662
3.59351
3.65648
4.03754
3.56113
3.5559
4.46701
4.02657
3.7202
3.44875
4.06541
3.42803
3.65939
3.83622
4.60424
3.71157
3.89968
3.98321
3.6525
3.42605
3.74853
3.59859
3.76224
3.66594
4.25805
3.64113
3.46321
3.95904
3.93489
3.36066
3.24294
3.65622
4.23503
3.64262
3.9196
3.65406
3.60819
3.87326
3.93233
3.84923
3.82776
3.6064
3.73364
3.74544
3.96078
3.78301
3.96393
3.47379
3.9392
3.77532
3.73669
3.43067
4.04358
3.71677
3.78044
3.85482
3.4177
3.70137
3.47819
3.67068
3.73142
3.7835
3.6096
3.94408
3.73067
3.71711
3.77498
4.06817
3.90693
3.39036
3.99709
3.64831
4.00295
3.7863
4.14495
3.997
3.5689
4.44652
3.19122
4.2983
3.76486
3.83079
3.90676
3.81054
3.52794
3.84678
3.62668
3.87568
3.88559
3.88551
3.6902
3.87592
3.89002
3.79965
4.04463
3.92653
3.88268
3.57765
3.88081
3.7415
4.40277
3.66296
3.31903
4.00496
3.9307
4.17916
3.78121
3.957
3.94901
3.77791
4.11345
3.88029
3.51894
3.6211
3.5408
3.87735
4.0006
5.1006
4.10627
3.82466
3.75236
3.85087
4.09295
3.50472
3.6437
3.67964
3.55326
3.57623
3.91869
3.66145
4.39874
3.63605
3.54447
3.89465
3.32622
3.72902
3.84114
3.69281
3.52648
3.69665
3.52193
4.11669
3.73068
4.56611
3.65619
3.75729
3.75498
3.63773
3.68825
4.19467
3.88976
3.41061
3.59373
3.56782
3.95338
3.7669
4.06654
3.62468
4.24171
4.01646
3.72811
3.81345
3.69026
3.58256
3.78663
3.82173
3.82139
3.79604
3.84842
3.63853
4.15429
3.98299
3.92895
3.65157
3.68019
3.86087
3.34391
3.76164
4.26812
3.34492
4.72827
4.08531
3.92925
3.36243
3.46873
3.84178
3.77476
3.31548
3.38799
3.48381
3.65269
3.3149
3.85123
3.90669
3.79367
3.61748
5.67352
3.57139
3.86203
3.69888
3.26056
3.40061
4.15447
3.54572
3.70095
3.96242
3.81862
3.26537
3.83966
3.73732
3.71275
3.37282
3.47452
3.55714
3.90616
3.80812
4.15921
3.78796
3.81046
3.67518
3.58174
4.52745
3.39799
3.73703
3.84547
3.91577
3.54153
4.14769
3.72218
3.61515
3.71605
4.54436
3.61162
3.79724
3.87795
4.01515
3.83093
4.07256
4.09835
3.84065
4.79329
3.61258
3.61281
3.70349
4.05183
3.41364
3.92111
3.47349
3.24924
3.62345
3.83958
4.22648
4.55123
3.83083
3.64851
3.96141
3.30438
3.84765
3.65528
4.31643
3.70648
4.11604
3.83313
3.76398
3.56239
3.93853
3.56745
3.80256
3.68965
4.35749
3.40723
3.77903
4.0582
3.95429
3.68026
3.8522
3.64404
3.87346
3.97541
3.85061
3.36185
3.79831
4.39534
3.28538
3.79694
3.73631
3.2475
3.61803
3.58506
3.97253
4.11751
3.60633
3.60351
3.59636
3.66319
3.57948
3.84438
3.49935
3.41741
3.91536
3.57256
3.69002
3.70657
4.01178
3.64725
3.79133
3.83437
3.79939
3.7576
3.64334
3.61939
3.41566
3.4753
3.44055
4.07249
3.76658
4.07533
4.02467
3.79146
3.75119
3.90566
3.66736
4.48045
3.64998
3.57618
3.4013
3.60572
3.72319
3.60508
3.37423
3.80727
3.95131
4.22392
3.53346
4.40962
3.88497
3.64489
4.03462
3.6439
3.67726
3.39411
3.75079
4.0707
3.65243
3.82196
3.54895
3.79634
3.90822
3.91611
3.1101
3.10419
3.76678
3.57883
3.14334
3.44532
3.91647
4.03134
4.12475
4.06722
3.67821
3.72794
3.69961
3.75784
3.63952
4.11054
3.38945
3.67637
3.58488
3.9124
3.58816
3.65743
3.60422
3.83443
3.93042
3.35535
3.93246
3.61146
3.5292
3.50059
3.48319
3.76877
3.41045
4.08759
4.22451
3.83723
3.68489
4.46174
3.55634
3.97837
3.60727
3.50974
3.6591
3.56985
3.58244
3.95664
3.83938
3.40397
3.38321
3.5419
3.56358
3.72769
4.03264
3.95557
3.81514
3.83976
3.53473
4.03441
3.84009
3.98468
3.484
4.44128
3.84507
3.974
3.26571
3.90286
3.4988
3.88576
3.56826
3.58674
4.0893
3.83652
3.32595
4.30016
3.88353
3.64689
3.42645
3.43068
3.29652
3.62959
3.58782
4.02742
3.54551
3.56561
3.28754
3.6274
3.68958
3.67436
4.00915
3.50374
3.54779
4.01742
3.5432
3.66357
3.53531
3.6355
3.94905
3.64633
4.23721
3.7773
3.46809
3.69212
