5.15496
3.33777
4.56516
5.60691
3.83091
4.90826
5.55677
5.37761
5.79205
4.61791
5.92293
4.41778
4.66496
4.97842
5.386
5.56835
4.79142
4.80985
3.98368
5.14772
5.50195
4.70111
4.967
6.29128
6.88997
6.04976
6.1287
5.20111
6.05077
4.97288
4.54466
7.29064
4.20906
3.62364
6.39253
6.01743
6.73022
4.3516
3.53904
4.71453
5.47617
4.20523
5.93405
4.55411
3.76092
5.37931
6.0499
4.74019
8.72671
5.55754
6.0729
5.00183
5.67839
4.27823
7.72413
5.46186
5.82017
3.52674
6.94477
6.37763
6.12698
6.49361
6.88105
5.28096
5.10324
6.8049
7.27236
6.1833
5.85096
5.07697
6.41567
5.74485
4.42764
7.60576
3.60175
4.25752
3.72508
3.32869
4.16782
8.28413
7.71279
5.01962
3.74187
7.72635
4.07164
8.34454
7.0206
4.03329
6.71499
3.70331
6.48236
4.34008
3.84564
4.85838
6.10531
7.89904
5.45765
7.5658
5.65494
7.7095
5.06173
4.79758
8.31526
3.97737
5.33165
6.07173
5.96722
4.32594
7.18085
4.54797
4.6327
7.30181
7.09554
4.10574
4.03562
9.7702
4.32534
4.82292
7.39601
4.84709
5.24735
6.88396
5.86307
4.94694
5.29016
2.4361
4.49736
5.04917
4.76008
4.21305
7.63855
5.71159
4.68194
5.56951
6.10949
6.21919
5.35399
6.65461
4.27133
5.81178
5.93851
3.63747
6.10423
4.25893
5.84856
4.667
6.12856
5.60692
6.00784
5.23093
3.95793
5.61477
5.52427
5.8026
5.213
3.70046
4.52129
6.56033
4.74325
5.23461
4.52018
7.19958
6.29962
5.83295
4.73146
4.29646
5.49942
7.32146
4.18054
4.62652
9.54728
3.57391
4.28063
5.3259
7.44131
4.06347
4.86684
6.2518
6.63661
5.26286
4.95787
7.44504
3.64849
5.51314
6.03362
4.10457
3.89741
3.28026
4.75407
4.30385
6.54151
6.17752
5.94348
4.03336
3.98109
4.66508
7.21969
4.93899
5.79745
4.74845
5.10696
6.46457
6.24692
3.65616
4.74916
5.67322
4.56488
3.72033
4.81603
4.33511
7.32974
4.76307
6.4607
5.43369
6.07186
7.8747
3.91453
7.68463
6.29906
4.16338
6.26388
3.60745
4.86654
5.46491
5.39916
3.66066
7.38105
5.36873
4.45841
5.11144
4.51989
5.8133
5.21834
3.24222
4.29788
5.41103
6.08431
4.06956
5.21321
5.3729
5.67675
5.97116
5.80318
6.13704
5.02398
7.46083
4.84824
4.6425
6.28157
6.98462
7.6262
5.90918
4.45196
4.58512
4.85637
3.77323
7.26037
7.15061
3.916
3.23145
6.71323
7.23355
4.05531
6.32696
6.78389
6.01736
4.97988
7.74342
6.31974
5.49273
4.75
6.7673
3.69322
4.40068
4.13264
6.38506
3.40167
4.67459
5.41524
4.29565
4.79011
6.81765
5.63565
6.10692
6.51388
4.05304
4.09257
4.94532
5.81825
5.90349
7.90837
3.37281
2.94243
6.41408
7.66779
3.58621
3.28452
7.49018
6.63145
3.54585
5.32131
5.63986
5.21761
5.86424
6.71691
5.72982
4.97636
7.01223
3.14184
6.57866
6.22882
6.74168
4.43622
4.5422
4.56619
7.02479
7.30408
6.38132
5.35017
5.39954
6.42675
5.22132
2.94984
4.84032
4.44085
6.21729
4.84404
7.01918
6.08247
5.25257
3.04376
4.88975
6.51091
4.9033
9.25312
5.32684
4.69358
5.31318
5.60644
7.79767
4.2405
5.62536
8.32039
5.31705
6.11177
5.65136
5.3432
4.69159
8.94095
8.04057
5.50489
6.02903
6.092
10.805
4.78112
5.23518
8.5017
4.98244
5.69963
7.48297
5.09269
5.80552
4.01699
5.21104
6.92035
5.03779
5.08072
5.05012
5.64142
6.84548
4.78619
4.12098
4.80361
5.73171
5.53973
4.0643
7.15703
5.14603
4.07739
6.38468
5.14336
6.1896
6.48363
6.88003
6.01918
6.76157
4.19428
3.27771
5.04428
4.72918
6.15643
5.24166
6.32856
4.54873
3.63763
3.27829
3.62805
4.71409
6.5791
4.79873
6.43025
6.02062
4.69706
4.93952
3.04859
6.10017
3.43714
6.1515
4.69674
3.38079
7.44625
7.36719
6.69143
6.79301
7.46016
8.36906
5.17538
4.44648
7.6142
6.31589
5.27295
3.64668
7.55344
5.79737
5.50572
6.62426
7.8303
5.00522
4.48586
4.67439
4.83437
5.7235
4.60209
4.57344
7.48636
4.66624
4.99065
5.39256
4.98219
5.7344
5.45585
5.04905
4.5108
4.41746
7.09204
4.6108
4.64882
5.52534
3.55893
4.19036
4.45213
6.97425
4.3764
6.16216
11.8938
4.19043
3.79227
5.23693
3.98597
4.08138
10.5204
5.13284
3.40754
6.28581
5.73947
5.01874
9.3005
4.39148
5.32712
5.12898
7.57931
2.97235
3.98089
5.77496
4.97693
3.33215
5.458
5.14352
6.3489
5.72107
3.12845
4.67231
4.08129
5.8381
4.41022
4.50516
6.87811
8.58181
7.43681
5.62201
5.65483
3.92734
4.91979
4.34216
5.0472
7.91374
4.39856
4.07227
4.71769
3.99412
