4.03514
2.38625
3.50747
4.66672
2.82903
3.85886
4.54889
4.32187
4.47604
3.6987
4.65766
3.01405
3.72515
3.65173
3.72361
4.58114
3.57587
3.73634
2.91394
4.07956
4.18977
3.62379
4.27072
4.54213
5.36165
3.98103
3.73017
4.25705
4.89879
4.1149
3.41952
5.17162
2.91493
2.39126
4.58755
4.86215
4.36024
3.33483
2.52984
3.69294
4.23096
3.08436
4.72377
3.26099
2.87193
4.36384
4.27818
3.77029
5.91834
4.31776
4.34279
3.96761
4.25621
3.43016
4.6958
4.53781
4.74184
2.67187
4.28204
4.56188
4.84329
3.99364
5.59749
4.21527
4.16566
5.06878
4.86624
4.7671
4.45075
3.99345
4.57291
4.40869
3.05521
4.93777
2.84685
3.19275
2.86991
2.50186
2.82068
5.64078
5.81266
4.10097
2.73067
5.76167
3.19439
5.87167
4.44388
3.13738
5.17719
2.61955
4.8882
3.41738
2.88341
3.83249
4.51295
6.33344
3.87067
5.84224
4.49274
5.07844
4.03492
3.70598
5.34677
2.97695
4.04191
4.30594
4.49052
3.32988
5.44947
3.37564
3.50429
4.00777
4.50781
2.98441
3.01197
6.71577
3.50385
3.66948
5.00747
3.90309
4.1527
4.94753
4.17663
3.8648
4.13987
1.9381
3.49025
3.69628
3.79956
3.41745
5.86242
4.49558
3.51548
3.66501
4.87438
4.91265
4.09108
4.2314
3.19277
4.23042
4.22299
2.724
4.0613
3.21286
4.65845
3.73022
4.98032
4.583
4.59935
3.9136
2.66699
4.47101
4.26446
4.28485
4.14264
2.63985
3.25483
4.90669
3.78357
3.92148
3.45135
5.71294
5.35138
4.4747
3.28394
3.52855
4.40038
4.98828
3.18446
3.40479
7.87883
2.7389
3.2037
4.08283
4.66534
3.04785
3.68637
4.90762
5.4198
3.84866
3.70654
4.78845
2.70171
4.39163
4.6689
2.94332
2.77573
2.68
3.42093
3.49697
4.44129
4.52613
4.01466
3.12224
3.03087
3.50565
5.54354
3.36306
4.5976
3.65591
4.06284
4.98303
5.24092
2.75244
2.69321
4.7825
3.66222
2.77591
3.65503
3.20359
5.12035
3.56091
4.98029
3.83716
3.91895
5.97918
2.86252
4.99775
4.92233
3.06341
4.6754
2.7874
2.94476
4.05356
4.20105
2.81377
5.95753
4.23671
3.50276
3.91899
3.38089
4.49899
3.43545
2.381
2.89059
4.45371
4.15167
2.98905
4.18583
4.08242
4.71287
4.62481
4.58208
4.62047
3.79474
5.52733
3.87616
3.56435
4.52778
5.91536
5.89109
4.79063
3.42217
3.53821
3.82948
3.04748
4.32909
4.97159
3.04085
2.49883
4.23498
4.8542
2.88541
4.0684
4.68306
4.16974
3.92629
5.92621
3.85491
4.20984
3.55893
4.52707
2.87841
3.36674
3.21507
4.5743
2.59374
3.71344
4.37388
3.14989
3.83259
4.01511
4.09129
4.25687
3.8286
2.54838
2.96104
3.88547
3.89173
4.34632
5.18565
2.49984
2.02023
5.10293
6.53022
2.78308
2.43742
5.24298
5.28119
2.74236
4.16101
4.18367
3.46689
3.45993
5.42384
4.7784
3.90099
5.54081
2.32866
4.81511
4.93918
5.24886
3.40258
3.39184
3.72388
4.29313
6.13367
3.74295
3.78806
4.01829
5.17462
4.07881
2.29162
4.01686
3.10265
4.17568
3.57085
5.27034
4.80996
4.36413
2.19525
3.36606
4.52958
3.83871
6.95034
4.34904
3.15065
4.14859
4.4796
5.12694
3.00658
4.13497
4.64795
4.35891
4.81307
4.37779
3.89172
3.79926
5.82473
6.0745
4.26046
4.32019
4.52417
7.69165
3.80347
4.24518
6.03455
3.95522
4.29576
5.56259
4.11618
4.30778
3.10703
4.06149
5.6569
3.70761
4.13563
3.78058
4.23545
5.42745
3.41316
3.00187
3.489
4.63876
4.30273
2.93425
4.50208
4.24707
2.81075
4.37776
4.02367
4.37172
4.96894
4.26185
4.75941
5.17968
2.82429
2.54251
3.85338
3.75145
4.26262
4.24714
3.64446
3.58006
2.66953
2.5418
2.79132
3.53485
4.88773
3.60017
4.62918
4.52806
3.69153
4.02604
2.35178
4.69962
2.57723
4.49298
3.48247
2.45993
4.96849
5.01717
5.03978
4.99607
5.70368
5.76029
4.22773
3.42184
6.24332
5.11004
4.11279
2.83023
6.19732
4.71065
4.28468
5.40379
5.61117
3.8697
3.31006
3.73546
3.76034
4.49151
3.66175
3.41271
5.31448
3.5397
3.98876
3.97321
3.66325
4.31786
4.4101
3.99799
3.65774
3.43985
4.91668
3.49964
3.37121
4.28104
2.82856
3.27619
2.99893
4.85288
3.23694
4.25696
8.54666
3.32663
2.54025
4.11797
2.93442
3.12069
7.29886
4.01007
2.47741
4.92865
4.54896
3.897
6.64057
3.31267
3.92455
4.00817
4.81294
1.96126
3.18375
4.24769
4.00441
2.50462
4.26849
4.01707
4.08798
4.60814
2.45927
3.61851
3.13341
4.4318
3.37505
3.30581
5.80508
6.25207
4.77692
4.42598
4.46982
2.74835
3.85083
3.27835
3.88223
5.40931
3.52702
2.93427
3.46699
3.03565
