4.66346
4.93559
4.62284
4.75347
4.50798
4.55273
4.62334
4.97917
5.4716
5.89643
5.95194
4.70861
5.20857
4.51581
5.08441
4.80314
5.25859
4.64836
4.73338
4.7443
4.83555
4.67569
4.60985
5.01963
5.05778
4.07552
4.36207
4.40298
5.64199
4.5882
4.20757
4.92932
4.54764
4.83833
4.65484
4.44998
4.44521
4.85646
5.78118
4.56706
4.30196
5.12757
4.78543
4.30063
5.31515
4.70488
4.29579
5.12543
4.96744
5.58075
4.62298
4.61352
5.0608
4.59078
4.83041
5.90967
5.11325
4.69437
4.49324
5.18317
4.8205
4.66042
5.08497
6.28513
4.72034
5.13899
5.18818
4.74504
4.39157
4.86917
4.84855
4.81376
4.85813
5.51701
4.74069
4.59353
5.01811
5.12642
4.36129
4.24958
4.72629
5.33993
4.81452
5.39477
4.75723
4.61679
5.0974
5.33155
4.99548
5.11504
4.80994
4.75429
4.98185
5.16901
4.80741
5.94431
4.81982
5.42523
4.80097
4.94837
4.35712
5.30585
4.81231
5.13594
5.107
4.30961
4.69269
4.56105
4.67428
4.80285
4.80935
4.67324
5.27794
4.87047
5.19661
4.9658
5.21031
5.62527
4.3472
5.11923
4.6572
5.12147
5.24596
5.32222
5.73828
4.84964
5.70018
4.0257
5.54214
4.84772
4.93988
4.89534
4.83721
4.58276
4.86339
4.6025
4.97869
4.95113
4.9708
4.70403
5.21234
4.99828
4.78651
5.17949
5.43323
5.23847
4.44635
5.1684
5.15949
5.7778
4.70304
4.17613
5.05536
5.19903
5.86881
4.69533
5.42116
5.03401
4.90917
5.43738
5.17752
4.5209
4.74437
4.56834
5.0268
5.12365
6.59726
5.45276
5.09612
4.96728
5.19267
5.24553
4.5346
4.73708
4.92798
4.80994
4.66081
5.05512
4.67799
5.52482
4.69052
4.78866
5.0742
4.23767
4.74615
4.87206
4.67912
4.52616
5.29209
4.87481
5.38155
5.20358
5.84295
4.67368
4.71635
4.90559
4.51811
4.71825
5.6967
5.18754
4.33774
4.35643
4.53647
5.0501
4.83777
5.10326
4.59628
7.22722
5.35572
4.79616
5.04143
4.78514
4.63749
4.81725
4.92185
4.90221
5.03113
4.83058
4.70543
5.38205
5.57174
5.14945
4.96673
4.60783
4.8954
4.64804
4.78356
5.337
4.4116
6.45746
5.28018
5.17419
5.10109
4.58098
5.11356
4.96755
4.40314
4.48879
4.55764
4.8273
4.4602
4.82964
6.08884
5.02573
4.58661
8.4658
4.69139
4.84896
4.66559
4.20847
4.39968
5.35266
5.07663
4.6554
5.18583
4.83882
4.08836
4.97925
4.94563
4.67565
4.29858
4.54171
4.46328
5.07655
4.97535
5.51968
5.1314
4.73342
5.72343
4.59088
5.82856
4.42567
6.10006
5.39856
5.21034
4.50338
5.70908
5.27389
4.80887
4.81409
5.65633
4.79926
4.74139
4.94396
5.61887
5.9165
5.27851
5.54112
4.9811
6.26807
4.81744
4.79522
4.72872
5.20355
4.31831
4.98149
4.82161
4.31624
4.63848
4.79738
5.77241
6.1454
5.20434
4.74823
5.09051
4.17221
5.00108
4.77758
5.35822
4.93739
5.33369
5.47532
4.96173
4.54279
5.06952
4.55514
4.94147
5.0209
5.51624
5.71128
5.17728
5.19451
5.44016
4.72605
4.91469
4.6484
5.05159
5.05327
5.1564
4.28957
4.86003
5.64195
4.52191
5.00114
5.49782
4.07034
4.69009
4.51079
5.47793
5.24639
4.55319
4.55004
4.69365
4.79316
4.64404
4.86095
4.74792
4.51942
5.06681
4.59765
4.93354
4.98636
5.54669
4.52683
4.83761
5.33975
4.81235
5.23181
4.82376
4.67629
4.4148
4.37926
4.26305
5.40939
4.91782
5.58891
5.27296
4.99991
4.93832
4.94948
4.84841
5.82175
4.93958
4.58547
4.43115
4.70333
4.82186
4.78187
4.53832
4.84884
4.91874
5.59024
4.45355
6.23388
4.9292
4.6148
5.16475
4.69575
4.63234
4.34873
4.88297
5.40516
4.79405
5.0457
4.52738
4.85535
5.02463
4.99132
4.01547
4.02107
4.89588
4.6048
3.9569
4.39729
5.08304
5.19952
5.27077
5.47691
4.66688
4.67585
4.69449
4.96321
4.72285
5.49043
4.37979
4.78671
4.54965
5.05724
4.5429
4.81172
4.7663
4.96851
5.06025
4.31221
5.23642
4.59334
4.5471
4.44507
4.3961
5.63433
4.27171
5.47037
5.23269
4.95799
4.8514
5.84815
5.07362
5.11346
5.04744
4.47268
4.74233
4.70745
4.61699
5.66805
4.97325
4.44132
4.37758
4.63458
4.59118
4.6907
5.26618
5.03143
5.00552
5.23391
4.47055
5.38748
5.02078
5.06108
4.4297
5.76533
4.94239
5.17608
4.33289
5.04812
4.67818
4.87546
4.67876
5.35551
5.39606
5.39526
4.37852
5.70764
5.20959
4.69588
4.46762
4.35004
4.27024
4.62303
4.66788
5.26956
4.6247
4.5661
4.22672
4.798
4.8004
4.71241
5.17632
4.63207
4.4914
5.17998
4.47607
4.7371
4.5384
4.79407
5.14735
4.77708
5.64284
4.87276
4.35594
4.709
