3.64058
3.57342
3.15606
3.71262
3.57325
3.3309
3.95804
3.30134
3.54766
4.23909
3.81177
3.88705
3.53964
3.15546
3.80144
3.50663
3.53926
3.0485
3.3143
3.26368
3.20267
3.52057
3.40281
3.47438
3.72818
3.3984
3.84269
3.38441
4.00756
3.95493
3.16737
4.1039
3.99039
3.54427
3.91367
3.51826
3.45513
3.43639
3.44861
3.55654
3.61563
3.3468
2.99662
3.63751
3.22225
3.74101
3.50251
3.85645
3.51457
4.02978
3.67984
3.75111
3.13646
3.68762
4.221
3.48277
3.44338
3.15588
3.69743
3.60014
3.52476
3.44987
3.52443
4.25133
3.5937
3.91579
3.75846
3.6144
3.87251
3.73849
3.45872
3.6913
3.19312
3.86373
3.35651
3.46404
3.71388
3.54838
4.57655
3.30596
3.38241
3.57165
4.04308
3.72008
3.36808
3.62406
3.6482
3.71615
3.8828
3.40996
3.31704
3.77199
3.5867
4.04062
3.4869
3.4294
3.70824
3.64535
3.51597
3.57815
3.22344
4.11545
3.84044
3.76665
3.22366
3.64244
3.93443
3.29678
4.03764
3.61965
3.59763
3.3432
3.64803
3.63342
3.40547
3.62033
3.39752
3.20519
4.66577
3.51497
4.1668
3.3297
3.73976
3.28915
4.23439
3.84555
4.13345
3.91205
3.92745
3.27233
3.44443
4.05436
3.58047
3.86983
3.55574
3.50963
3.8703
3.46226
3.80127
3.27735
3.22977
3.41987
3.53208
3.67422
3.78147
3.466
3.66096
3.67393
3.33409
3.59024
3.42389
3.55466
3.46336
3.78736
3.91329
3.24513
3.34864
3.25675
3.40912
3.85466
3.12852
4.0053
3.65149
3.34187
3.20104
3.06879
3.56367
3.72653
3.3589
3.59964
4.07396
3.19515
3.19177
3.78287
3.68396
3.66406
3.77122
3.53666
3.53067
3.58019
3.69557
4.36319
3.50385
3.34202
3.6122
4.5408
3.99275
4.13254
3.32494
3.69475
3.75265
3.50178
3.51915
3.59732
4.14544
3.42641
3.42863
3.2628
3.67975
3.44444
3.25468
3.92628
3.48486
3.43507
3.72921
3.60578
3.45395
3.42178
3.65061
3.43423
3.55604
3.4677
3.50726
3.32924
4.01375
4.40428
3.45841
3.48149
2.79274
3.61616
3.34028
3.68701
3.23665
3.54249
3.64851
4.01407
3.67271
3.4412
3.61256
3.96737
3.71208
3.19671
3.55101
3.19499
3.84094
3.61009
3.66747
3.54049
3.37716
3.21354
3.95043
4.47096
3.26303
3.30807
3.91338
3.4643
3.69601
3.69434
3.72563
3.49617
3.5903
3.23556
3.35814
3.86694
3.3864
3.95426
3.70931
3.71155
3.55601
3.47646
3.80523
3.53225
3.51524
4.38029
3.70088
3.7656
3.22111
3.68828
3.52392
3.34432
3.82692
3.57133
3.76751
3.49096
3.41761
4.33101
3.40996
3.67426
3.0507
3.31947
3.35391
4.02384
3.05629
3.45622
4.24281
3.6255
3.66492
3.31934
3.38442
3.28681
3.69939
3.34642
3.84417
3.7304
3.5655
3.27047
3.48159
3.79146
4.05051
3.01593
3.52498
4.18856
3.37098
3.29432
3.61897
3.6798
4.06331
3.91134
3.49914
4.00919
3.68804
4.01149
4.00414
3.88661
3.82483
3.52907
3.84119
3.48523
3.32717
3.53464
3.6567
3.33471
3.60224
3.46773
3.36536
3.11489
3.73017
3.43533
3.665
3.71368
3.58775
3.7733
3.85782
3.10456
3.63525
3.55668
3.53757
3.48656
3.05156
3.06926
3.75397
4.02595
3.38958
3.60758
3.48713
3.81864
3.46814
3.61203
3.24331
3.46861
3.44889
4.01026
3.77486
3.46014
3.60932
3.62163
3.44828
3.52919
4.30013
3.37075
3.72387
4.19718
3.74085
3.37432
3.88848
3.93703
3.42589
3.40986
3.53832
4.23094
3.2694
3.55213
3.62141
3.95674
3.79458
3.24494
3.24009
3.76612
3.84908
3.28472
3.47581
3.8201
3.23777
3.7839
3.33509
3.41369
3.60736
3.44124
3.63004
4.09802
3.23166
3.34563
4.2897
3.03987
3.50078
3.41458
3.68016
3.31586
3.42127
3.82318
3.37741
3.53268
3.85241
3.63227
3.51523
3.19433
3.63649
3.17209
3.69237
3.10437
3.88879
3.73656
3.59167
3.69534
3.60034
3.59811
3.47571
3.36606
3.72577
3.67359
4.17731
3.64044
4.10376
3.62052
3.70359
3.79677
3.61651
3.9481
3.59239
3.26333
3.10353
3.68044
3.63552
3.40759
3.49072
3.62431
3.41605
3.51873
3.56614
4.2756
3.52638
3.4564
3.87077
3.50957
3.31524
3.64693
3.80829
3.83699
3.71203
3.35258
3.69772
3.63604
3.46287
3.40971
3.87371
3.81823
3.60518
3.27135
4.04659
3.64528
3.25646
3.42925
3.98147
3.81223
3.33553
3.71489
3.90691
3.61428
4.08438
3.28132
3.54501
3.14598
3.69495
3.81213
3.22462
3.73902
3.64409
3.48507
3.55996
3.64777
3.18173
3.70381
3.67738
3.48952
4.04748
3.95288
4.24889
3.57504
3.49431
4.01487
3.22653
3.25664
4.17931
3.71752
3.58138
3.31856
3.54086
3.58085
3.48907
3.73328
