2.65616
3.05826
2.51012
2.37894
2.45799
2.20942
2.70313
2.64853
3.16117
3.1245
2.74644
2.25502
2.32769
3.11145
2.72568
2.65322
2.53552
2.63607
3.24132
2.85876
3.33784
2.2232
2.87033
2.4907
2.52786
3.75731
3.16658
3.25426
2.13819
1.92422
3.06993
2.54697
2.62304
3.03568
2.8728
3.1047
3.17003
2.92177
3.047
2.61275
2.9272
3.02817
2.3847
2.78214
2.30903
2.81375
2.66442
2.30918
2.41457
2.91501
3.23116
3.12405
2.0357
2.61154
3.49222
2.29008
2.62163
2.10543
2.73195
2.7836
3.04543
2.38693
1.88992
2.48985
3.42586
1.54544
3.83278
3.17029
2.93669
2.27059
2.5912
2.12304
2.48087
3.0164
2.53842
2.58121
2.95575
3.04549
2.27561
2.65976
2.28334
2.38192
2.36869
2.73094
2.39389
2.53428
2.85942
2.70693
2.35927
3.08271
2.74659
3.29549
3.10144
2.67711
2.69126
2.57796
2.89312
2.98151
2.53194
2.20239
2.63041
2.64457
2.92017
2.94059
2.74211
2.85631
3.3763
2.8013
2.73403
3.10728
2.71289
2.63685
2.71636
2.45116
2.90874
2.2157
2.4079
2.55882
2.52384
3.08985
2.82256
3.01287
2.44772
2.32443
2.50436
2.47953
2.47333
1.99997
2.52292
2.31817
3.04665
2.90661
2.46313
3.23329
2.34163
2.72833
3.21455
3.04482
3.07008
2.99518
2.04462
2.09878
3.01536
2.44059
2.17588
3.15792
2.38324
2.2764
2.59362
3.30564
2.0001
2.00633
2.64244
3.09858
2.85279
2.41857
2.87258
2.85008
2.20541
2.39205
2.10931
2.50709
2.47494
2.43751
2.46412
3.23388
3.68306
2.67605
2.17372
3.59037
3.65624
2.9508
3.22915
2.42259
2.78687
2.74945
2.12342
2.85166
2.61322
2.99493
2.13786
2.99207
2.08626
2.92875
2.49746
3.06876
2.68443
2.29208
2.31257
2.53742
2.81817
1.67397
2.94711
3.06484
3.03587
2.37153
2.36356
3.43911
2.54697
3.51362
2.34011
2.23375
2.5415
2.85381
2.67454
2.86355
2.35979
2.76166
2.66634
2.89145
2.93807
3.03072
2.39145
2.41677
3.15549
2.61682
2.33589
2.53653
2.34965
2.13545
2.33237
2.20607
3.2524
2.58124
2.03869
3.80035
2.96535
2.25835
2.65524
3.425
3.15553
2.63009
2.53887
2.23796
2.45383
2.50433
2.82378
2.92637
2.48089
2.30797
2.86152
3.01396
2.67758
2.6186
3.20938
2.32358
3.09529
2.80804
2.31925
2.72867
2.57882
2.70382
2.73315
2.55545
3.03496
3.0038
2.59907
3.07557
2.92261
3.1389
2.97116
2.49374
3.20756
2.77341
3.75157
2.40295
2.22752
2.85095
2.06582
2.52541
2.37364
3.13792
2.84206
2.36917
3.3711
2.61181
3.68375
2.70742
1.80041
2.21964
3.18893
3.21872
2.89113
2.6944
2.27177
2.5008
2.99214
2.57014
3.41657
3.22567
2.34081
2.20776
3.01211
2.83224
2.4677
2.94858
2.43462
2.96541
2.60704
3.07658
2.40993
3.35036
2.79822
2.78385
2.24801
2.45238
2.5246
2.98624
2.81541
2.54954
2.29685
2.70535
2.9344
3.15961
2.23874
2.52384
2.33414
2.91664
3.21732
2.50006
2.53195
2.31686
2.19712
2.73565
2.97136
2.33819
2.99658
2.41292
2.77025
2.60788
2.8392
3.29211
2.31124
2.84523
2.63567
3.39624
2.55584
2.814
3.26566
3.22303
2.88161
2.80084
2.57525
3.55876
2.46979
2.83792
2.96136
2.64264
2.50118
2.74551
2.34967
2.19234
2.34527
3.03794
1.99404
2.19361
2.78648
2.53482
3.01781
2.6614
2.31237
2.44676
2.40166
2.05409
2.8459
2.24457
3.51475
2.60652
2.40229
2.63741
2.30298
2.61318
2.15218
2.41845
3.22941
2.63035
3.11471
2.37278
2.48129
2.56164
2.2836
3.0739
2.53359
2.98695
2.39404
2.8177
2.92653
2.73291
2.55929
2.65454
2.51893
2.75253
2.81315
2.42774
2.63655
2.72712
2.75258
2.75886
2.26524
2.33124
2.54052
2.11152
2.56537
2.87396
2.26476
3.66122
3.02854
2.39666
2.95036
2.22303
2.69551
2.53377
2.45852
3.0236
2.75079
2.70811
2.75857
2.53599
3.22529
2.9964
2.87318
2.23462
3.10781
2.59912
2.9363
2.13988
2.54714
2.83446
3.08628
2.72289
2.79066
2.42605
2.29847
2.83548
2.96229
2.38609
2.58509
2.16263
3.03394
2.3059
3.14229
3.15646
2.59599
2.58059
2.59385
2.70744
2.66669
3.55975
2.69488
2.34656
2.92831
2.5774
2.39893
3.0761
2.89795
2.87156
2.81544
2.94474
2.71243
2.96278
2.95663
2.98547
3.50585
2.76351
3.45102
3.223
2.68651
2.45723
2.56092
2.53164
2.82504
2.56514
3.00279
2.47185
2.82682
2.32475
2.38399
2.07209
3.19605
3.15554
2.76176
2.96806
2.4007
2.64166
2.23348
2.45363
2.37398
2.86548
2.96111
2.72816
2.199
3.3317
2.41495
3.07467
2.59485
2.33625
3.00726
3.09171
2.36883
2.94514
