3.0631
2.70207
2.61739
2.45611
2.55721
2.5702
2.87049
2.69285
2.75235
2.70583
2.8935
1.96341
2.50203
2.69154
3.01404
3.00091
2.65941
2.52346
2.94125
2.9983
2.56798
2.96002
2.7974
3.03324
1.76978
3.06403
3.09729
2.40687
2.65737
2.73324
2.92307
2.63376
2.93379
2.66973
2.72121
2.86133
2.65806
2.76934
3.17336
3.00769
2.61384
3.03846
2.38318
2.64999
2.63292
3.02888
2.67225
2.97523
2.92702
2.80399
2.69515
2.93495
2.62097
2.64461
2.52
2.86445
2.66476
2.67083
2.3678
2.7528
2.93638
2.66011
3.12801
2.12354
2.56526
2.97002
2.62749
2.48767
3.13706
2.65224
2.8227
2.96224
2.14476
3.01073
2.44278
2.99931
3.30975
3.01968
2.43886
2.78218
2.92154
2.42886
2.90851
2.4994
2.77859
2.42821
2.49202
3.25919
2.91814
2.63874
3.1927
3.08142
2.79169
2.47923
2.99402
2.61237
2.7144
2.7352
2.62198
2.52862
2.56226
3.38781
2.40865
2.60089
2.50058
2.97335
2.50861
3.09348
3.11287
2.15313
2.67909
2.76487
2.40501
3.12052
2.29106
2.5928
2.99935
2.66097
2.80314
3.06808
2.54389
2.88311
2.52862
2.29315
2.59992
3.03035
2.43844
2.81931
2.82713
2.92233
2.64416
3.17527
2.71462
2.6206
3.18328
2.50353
2.9897
2.96344
2.58333
2.5175
2.49039
2.31876
2.5457
2.95655
2.97369
2.68721
2.73365
2.59683
3.64361
2.9642
2.80544
2.68957
2.75495
2.88059
2.75084
2.70765
2.8547
2.53217
2.50952
3.01954
2.58996
2.50507
2.92948
2.87373
2.6061
3.06086
2.90506
2.56
2.66705
2.45669
2.34263
2.60591
2.44081
3.10979
2.96173
2.49523
2.51982
2.90555
2.5322
2.49956
2.78175
2.76768
3.38832
2.53785
2.69462
2.86076
3.04506
2.69921
3.20013
2.84425
2.96199
2.37156
2.43359
2.37843
2.33616
2.91797
2.6128
3.0704
2.8131
2.62453
2.97148
2.72876
2.60656
3.12355
2.62994
2.36582
2.55105
3.14408
2.69285
2.6344
2.66086
2.97622
2.8006
2.58431
2.24981
2.75086
2.78442
3.18384
2.43334
3.33321
2.49617
2.31836
2.61262
2.86754
2.94921
2.84332
2.78759
2.50293
3.0504
2.77784
2.98804
2.84618
2.65881
2.30753
2.59578
3.19734
2.63567
2.3325
2.59474
2.77318
2.62288
3.31474
2.99243
2.38018
2.77469
2.90448
3.32319
2.89011
2.69658
2.52839
2.91529
2.61454
2.72647
2.97348
2.90307
2.94297
2.88795
3.02993
2.86494
2.71519
2.05844
2.65808
2.92411
2.97078
2.4526
2.85201
2.803
3.10212
2.87454
2.96515
2.94518
3.42617
2.62119
2.64636
2.8114
2.29398
3.14038
2.54201
3.03107
2.56053
2.43358
2.43518
2.91682
2.65071
2.76976
3.09962
2.70043
3.07501
3.14847
2.68053
2.47821
2.36304
3.03913
2.69257
2.76159
2.58624
2.57692
2.86782
3.23992
2.85976
2.88472
2.68072
2.7004
2.32645
2.55721
2.74948
3.28382
2.77997
2.42628
2.96601
2.11533
2.62582
2.55886
2.17171
2.65666
2.51974
2.8036
3.0681
2.6644
2.93032
2.40183
2.81306
2.60675
2.71661
3.26729
3.13361
3.11282
2.59377
2.56913
2.9739
2.42804
2.91805
2.51205
2.68409
2.5506
3.12018
2.53917
2.41391
2.95085
2.29573
3.17709
2.77465
2.52032
2.67997
3.08158
2.65616
2.79224
3.18722
2.85108
2.88823
2.51742
2.56554
2.5559
2.88938
2.85117
2.25595
3.10173
2.71614
2.45931
2.55929
2.63532
3.00903
3.07126
2.49228
3.01073
2.55792
2.51632
2.727
2.54335
2.46879
2.59212
2.49241
2.25732
3.12483
2.18286
2.32354
3.34014
2.37023
2.73781
2.66097
2.69984
2.81724
2.56502
2.25533
3.23794
3.17342
2.71075
2.50042
2.44643
2.8784
2.65073
2.42526
2.527
2.75814
2.82823
2.5861
2.74813
2.91639
2.29168
2.89649
2.71942
2.983
2.72285
2.65139
2.62212
2.33758
2.89344
2.85691
2.84051
2.52725
2.66302
2.49085
3.18356
2.79127
3.28516
2.30592
2.6081
2.49012
2.84087
3.3443
2.81953
2.53173
3.11439
2.7827
2.38466
2.71059
3.64245
2.66701
3.33258
2.11646
3.0117
2.82754
2.89796
2.87495
2.81702
3.07669
2.57882
2.27875
2.78773
2.93814
3.40596
2.54946
2.60787
2.48611
3.09484
3.11649
2.53774
2.41817
2.7089
3.0878
3.19158
2.69173
2.82656
2.57549
2.47738
2.3458
2.77203
2.38701
2.59578
2.77974
3.10296
2.79584
3.01691
2.61251
2.465
2.36442
2.34139
3.25477
2.50936
2.80865
2.44103
2.75499
2.69293
2.70268
2.9527
2.85161
3.29736
2.54561
2.78929
3.41966
2.86007
2.41581
2.87586
2.45986
2.56793
2.86652
2.97191
2.64501
2.55366
2.68382
2.50977
2.33972
2.48764
2.96531
2.59748
3.16066
2.37277
2.50798
2.79776
2.37351
