3.79307
3.61178
4.46764
3.9388
3.71002
3.25053
3.91642
4.03099
4.07804
4.04638
3.5715
3.84169
3.69491
3.93195
4.03736
3.73967
3.23129
3.51621
4.07748
3.84019
4.41338
3.55951
4.61603
4.22488
3.72119
4.06482
4.41063
3.54349
3.78721
3.68688
3.81546
3.91984
3.70689
4.17927
3.76257
3.79176
3.79826
3.89356
3.95921
3.64977
4.78721
3.67105
3.49582
3.74375
3.88015
3.77487
4.22268
3.90063
3.57958
3.46525
3.59813
4.08381
3.91903
3.77329
3.79727
3.56431
3.86543
3.90476
3.99076
3.38916
4.35936
3.69374
4.12197
3.736
4.75734
3.55966
3.99546
3.71495
4.33114
3.50586
3.62447
4.35378
3.3238
3.90596
3.90963
3.77996
4.00238
3.86174
3.57798
4.54198
3.72366
4.16717
3.3425
3.74644
4.36749
3.51409
3.76464
4.76805
3.84074
4.09581
3.5481
3.78692
3.44151
3.40122
3.63693
4.95674
3.74331
5.41785
3.44839
3.8361
4.58126
3.85708
4.12392
3.88713
3.33601
5.44764
3.98606
3.30105
5.07422
3.94485
3.64247
4.17806
3.50935
3.81351
3.59106
3.2483
3.85348
3.33615
3.78442
3.62948
3.4745
3.72503
3.56045
4.03384
4.02992
5.95897
3.74487
3.39388
3.2571
3.40588
4.25735
4.36454
3.4498
3.74681
3.94574
3.7511
4.45183
4.0479
4.32584
4.18013
3.85681
4.08773
4.78934
3.8148
4.47999
3.46899
4.30667
3.41769
3.21882
4.55276
3.80386
3.47466
4.06733
3.63208
3.14457
3.67554
3.7939
3.69794
3.76955
4.15885
3.71493
3.47389
4.2358
4.56634
4.07589
4.06016
3.52326
4.98631
3.71787
3.9563
3.5666
3.23069
3.94793
3.6434
3.56072
3.89002
3.40715
3.44737
4.04783
4.11516
4.07736
3.86927
4.49298
3.8063
3.62685
4.14048
3.94845
3.3798
3.32609
3.84052
3.37429
4.12203
3.69955
3.71731
3.5393
4.10824
3.99295
4.0132
4.02653
3.67539
4.29767
3.88439
4.1314
4.40875
4.55205
3.66331
3.4498
3.17114
4.40777
4.08417
4.21512
3.32355
3.28048
3.84788
3.55379
3.71966
3.48894
3.72959
3.34122
3.65099
4.58696
3.86396
4.26158
3.78738
3.53519
3.54421
4.46839
3.66608
3.32148
4.17417
4.5549
3.48472
3.12089
3.92121
3.683
4.04606
4.05822
4.04169
3.88059
3.99929
3.63513
3.84405
3.43282
3.51688
3.5528
3.75244
4.07231
4.7045
4.87068
3.79615
3.437
4.63089
3.4203
4.07951
4.17529
3.87187
4.42249
4.04072
3.79011
4.50704
3.80537
3.9367
4.37756
3.84394
3.88996
4.31057
4.12849
3.6417
3.92617
3.77584
3.68693
3.90402
3.80513
3.97453
3.73392
3.64843
6.0371
3.81139
3.63615
4.17598
4.05726
3.65837
3.38257
3.85263
4.18248
3.98868
3.72982
4.14411
3.63752
3.74801
4.19256
4.20096
3.8414
3.595
3.59491
3.83615
3.23582
3.74993
3.77284
3.85542
3.99718
4.52443
3.48684
3.88097
4.28301
4.0495
3.84085
3.58648
3.90826
4.14534
3.81141
3.773
4.14933
3.59497
3.66862
3.61265
4.01817
4.41709
3.09339
3.37058
4.25265
3.39652
4.09632
3.8429
3.60949
4.30465
4.05176
3.48071
3.32373
3.65506
3.44338
3.87939
3.94888
4.37416
4.53802
3.49306
4.008
3.74948
3.87718
3.64287
3.80099
3.9894
4.09916
4.00172
4.51206
4.01708
3.65175
3.85475
3.67683
3.99137
3.64442
3.5431
3.90358
4.03087
5.19823
4.12695
3.74414
4.07443
4.50162
4.33805
3.72424
4.1969
4.29211
3.8936
3.69517
3.71679
3.48108
4.0525
3.61835
3.31439
3.75405
3.99467
4.00998
3.35529
4.00932
4.00434
3.44012
3.59512
3.36819
3.96
3.7136
3.83534
3.88831
3.6536
3.75443
4.03398
3.88069
3.81603
3.70234
3.96075
3.4979
3.34938
4.15797
3.66352
3.77982
3.45992
3.70062
3.90243
3.15599
4.151
3.39529
3.71408
3.82603
4.24976
3.59094
3.60357
3.6208
3.76997
3.77282
4.11739
4.35277
4.33709
3.53748
3.55821
3.33614
3.52997
3.77458
3.39049
3.33506
4.08377
4.22833
3.79585
4.035
3.79385
3.74293
4.39848
3.80322
5.45403
3.85247
3.86313
3.92595
4.09364
3.74166
3.65774
4.59691
3.74251
4.0147
4.09319
4.24554
3.81869
3.79799
4.06895
4.7941
3.8504
3.51207
3.89386
3.63716
4.96646
3.79048
4.27109
3.60025
4.47715
4.07284
4.05141
3.86675
4.00194
3.65368
4.7746
4.31294
4.31584
3.75695
3.62227
4.17928
3.87186
3.65392
3.69821
3.43473
4.20102
3.27498
3.78323
3.1947
3.99751
4.72191
3.40888
3.83624
3.68441
4.6413
3.691
3.40537
3.58166
5.56463
4.21407
3.96292
3.97256
4.36313
3.67615
3.34622
3.42665
4.04204
4.10976
3.79825
4.04364
3.96678
3.50876
3.8673
3.74256
4.19826
3.54706
3.91923
3.84594
