4.81372
5.14923
4.80997
4.89243
4.66483
4.69431
4.79096
5.14878
5.70655
6.0984
6.17688
4.87278
5.3891
4.66465
5.24972
4.96967
5.42775
4.80552
4.8707
4.88776
5.00242
4.80809
4.76065
5.19321
5.19503
4.20341
4.49437
4.53313
5.83122
4.71959
4.35096
5.07122
4.70242
4.97346
4.79809
4.60748
4.60139
5.03181
5.97548
4.69516
4.46359
5.3438
4.95843
4.44808
5.5528
4.84349
4.42846
5.31464
5.11164
5.77694
4.77339
4.75282
5.20495
4.74171
5.01618
6.11883
5.26518
4.85483
4.65358
5.35263
5.02156
4.80816
5.25667
6.46875
4.86416
5.31137
5.36609
4.90155
4.54126
5.02436
5.03901
4.97783
5.02813
5.69241
4.90189
4.75156
5.16243
5.29551
4.50722
4.40548
4.88084
5.48776
4.98829
5.61131
4.90994
4.76352
5.25927
5.52461
5.16473
5.30349
4.98315
4.89719
5.15735
5.3727
4.95297
6.17962
5.00786
5.64597
4.94539
5.12115
4.49736
5.48311
4.97283
5.35621
5.2745
4.44162
4.83969
4.72653
4.82824
4.96581
4.95704
4.82318
5.46499
5.03307
5.41336
5.1229
5.3832
5.83911
4.484
5.28139
4.79319
5.26607
5.4453
5.49145
5.9419
5.07131
5.87094
4.14053
5.7066
5.0104
5.07815
5.0287
4.98988
4.74776
5.00771
4.7581
5.13698
5.10315
5.11656
4.85256
5.3928
5.14749
4.93046
5.33072
5.66389
5.46056
4.5858
5.33522
5.37511
5.94485
4.85772
4.30192
5.19684
5.37376
6.08668
4.82483
5.62711
5.17461
5.07943
5.59929
5.38838
4.6553
4.90395
4.72711
5.20678
5.27812
6.79955
5.64053
5.26246
5.14699
5.37097
5.39062
4.6854
4.90511
5.09852
5.00461
4.82604
5.23472
4.83043
5.66877
4.83725
4.96231
5.24866
4.36803
4.88786
5.01265
4.81545
4.68133
5.50678
5.07612
5.54401
5.39816
6.00192
4.82568
4.84941
5.05457
4.64213
4.86227
5.90143
5.36275
4.47992
4.46249
4.6779
5.19853
5.00493
5.23569
4.7364
7.47339
5.55327
4.95961
5.21154
4.9331
4.79237
4.95404
5.06987
5.04936
5.19269
4.98273
4.85168
5.5408
5.76479
5.32248
5.18135
4.74251
5.03896
4.86387
4.93004
5.4705
4.5604
6.64768
5.44322
5.34866
5.34356
4.74411
5.27467
5.14216
4.57932
4.6559
4.70969
4.99971
4.6381
4.96377
6.34366
5.19351
4.73161
8.65745
4.85739
4.98857
4.79722
4.35321
4.55915
5.50257
5.30052
4.78899
5.34808
4.99803
4.20406
5.13885
5.11939
4.80783
4.42948
4.69434
4.59009
5.25842
5.12195
5.68913
5.3304
4.85847
5.97599
4.73464
5.99406
4.57697
6.3351
5.59507
5.39995
4.63658
5.93894
5.51438
5.01786
4.96483
5.79578
4.95669
4.88547
5.093
5.82993
6.16295
5.45343
5.75203
5.14432
6.44025
5.00356
4.949
4.88144
5.36554
4.45891
5.12887
5.04497
4.47861
4.79382
4.93088
5.98641
6.33683
5.41006
4.90135
5.2551
4.30579
5.15548
4.93816
5.48396
5.10772
5.49752
5.66723
5.1301
4.68317
5.22622
4.69669
5.10834
5.21012
5.67251
5.96743
5.37475
5.3395
5.62807
4.8697
5.05659
4.79558
5.21864
5.1989
5.32479
4.42219
5.00506
5.8011
4.72318
5.16673
5.74567
4.20583
4.85187
4.64925
5.69009
5.38753
4.68508
4.69712
4.85993
4.95122
4.82426
5.01484
4.91454
4.69192
5.23114
4.76423
5.09905
5.16785
5.73383
4.65428
5.00362
5.52635
4.9542
5.43757
5.00702
4.82608
4.56469
4.50338
4.38125
5.59339
5.0756
5.7887
5.44331
5.18362
5.10166
5.09086
5.02584
6.01041
5.12078
4.72794
4.5896
4.85374
4.98551
4.96003
4.73805
4.99614
5.06717
5.79933
4.58225
6.47772
5.07649
4.76495
5.31353
4.83745
4.76565
4.49576
5.0442
5.58088
4.96537
5.22266
4.66825
4.99726
5.17684
5.13925
4.14978
4.16163
5.07601
4.7536
4.07302
4.53594
5.23013
5.34752
5.4198
5.66004
4.81847
4.80972
4.83115
5.12694
4.87353
5.6594
4.56123
4.9386
4.69524
5.21473
4.67902
4.98558
4.94829
5.12807
5.21928
4.45153
5.40364
4.74302
4.68785
4.57886
4.52323
5.88123
4.39533
5.63342
5.36057
5.12181
5.01892
6.00586
5.2948
5.28019
5.29555
4.61287
4.9005
4.88854
4.76329
5.88258
5.13351
4.61374
4.53013
4.79672
4.73087
4.83593
5.4393
5.18599
5.1651
5.407
4.62843
5.54883
5.1792
5.21102
4.57447
5.93541
5.0829
5.33047
4.49585
5.20539
4.84867
5.00335
4.83421
5.59605
5.56269
5.64122
4.53161
5.8933
5.38666
4.85928
4.62156
4.48153
4.4073
4.77618
4.83047
5.43383
4.77809
4.69934
4.36372
4.96388
4.96539
4.86114
5.3244
4.81364
4.62747
5.34602
4.61285
4.9043
4.67761
4.95912
5.30632
4.95747
5.83526
5.02968
4.49037
4.85305
