4.45715
2.71526
3.8876
4.99773
3.20688
4.2552
4.93596
4.71268
4.96826
4.04344
5.13601
3.53841
4.06628
4.13009
4.34293
4.94088
4.00598
4.15536
3.28458
4.45776
4.68105
4.01185
4.53627
5.22826
5.98067
4.75695
4.56016
4.62067
5.33514
4.43971
3.81209
5.9335
3.39876
2.81761
5.23296
5.2993
5.1806
3.71872
2.85654
4.05957
4.72592
3.47006
5.19584
3.69301
3.18595
4.73815
4.933
4.12298
7.22968
4.8004
5.00605
4.35533
4.79247
3.73722
5.90357
4.88222
5.14784
2.97124
5.33605
5.1716
5.29943
4.92997
6.09516
4.61809
4.53276
5.72983
5.74768
5.33382
4.95605
4.3896
5.27466
4.90414
3.49811
5.9745
3.12123
3.57646
3.18112
2.79737
3.29871
6.76194
6.52106
4.46339
3.10082
6.5284
3.49773
6.86529
5.50116
3.43765
5.77534
3.00739
5.53489
3.75351
3.22335
4.20532
5.03918
6.97303
4.42938
6.49691
4.93256
6.07233
4.42597
4.10713
6.55153
3.33601
4.49747
4.98872
4.97763
3.70646
6.06329
3.80466
3.91197
5.36795
5.49285
3.40615
3.37895
8.17729
3.78847
4.08404
5.88105
4.25565
4.56521
5.59914
4.78413
4.27706
4.56002
2.11299
3.83824
4.20837
4.15147
3.70934
6.64311
4.97359
3.95473
4.32448
5.33027
5.37887
4.54219
5.02098
3.58597
4.82685
4.86518
3.06456
4.72681
3.59669
5.11393
4.07919
5.44014
4.96955
5.15441
4.40142
3.09214
4.89813
4.74448
4.85217
4.54222
3.00399
3.72033
5.4565
4.13325
4.39538
3.8432
6.31597
5.71204
4.99292
3.78562
3.81778
4.85191
5.7898
3.52089
3.82794
8.67197
3.03994
3.60753
4.55383
5.77438
3.42252
4.13042
5.43322
5.91264
4.39866
4.14058
5.79826
3.02759
4.80915
5.1699
3.38057
3.14887
2.89666
3.91726
3.79212
5.19128
5.14985
4.64239
3.42885
3.37074
3.9211
6.21502
3.91436
5.05419
4.06637
4.46337
5.52383
5.64471
3.07158
3.39963
5.13745
3.9938
3.11805
4.10752
3.63001
5.97101
3.99273
5.54127
4.40361
4.68904
6.70199
3.25145
6.15624
5.45101
3.43864
5.26481
3.06848
3.46803
4.57882
4.64765
3.11306
6.52625
4.66356
3.86546
4.33538
3.78803
5.0097
4.10278
2.69782
3.30207
4.82907
4.84604
3.36484
4.56377
4.5467
5.07703
5.17276
5.05322
5.21424
4.24394
6.25188
4.25576
3.96982
5.15725
6.30538
6.62141
5.20697
3.79737
3.92922
4.20662
3.30442
5.48165
5.84755
3.36185
2.75788
5.25895
5.72084
3.25873
4.87536
5.54616
4.90485
4.34472
6.71366
4.80868
4.66864
4.00844
5.33451
3.16864
3.75721
3.55855
5.236
2.8806
4.08531
4.75584
3.56281
4.17869
5.13977
4.61625
4.8799
4.80626
2.9601
3.34742
4.25855
4.56262
4.90112
6.34468
2.79456
2.31272
5.61521
6.98846
3.07133
2.74734
6.08198
5.82277
3.02403
4.58367
4.73374
3.97665
4.30564
5.91799
5.14402
4.31327
6.14639
2.61244
5.48907
5.40524
5.8075
3.78077
3.81271
4.02534
5.22433
6.62267
4.69056
4.35754
4.53605
5.6607
4.50696
2.52566
4.32561
3.58282
4.87567
4.00315
6.01664
5.29687
4.6857
2.48155
3.92464
5.26298
4.24008
7.88997
4.72065
3.62395
4.58282
4.92491
6.10251
3.40792
4.69938
6.32865
4.72605
5.31627
4.8449
4.43345
4.13989
7.15304
6.95343
4.74966
4.92082
5.12925
9.31977
4.17131
4.62078
7.11543
4.34364
4.82975
6.2809
4.48761
4.86147
3.42098
4.47216
6.14482
4.09747
4.47747
4.25335
4.7079
5.95841
3.90667
3.39478
3.91347
5.08472
4.76896
3.31453
5.44064
4.56606
3.24863
5.10835
4.44183
5.05064
5.55997
5.20693
5.24449
5.89497
3.27218
2.79973
4.29054
4.10512
4.99123
4.62276
4.65602
3.94335
3.00828
2.81115
3.08866
3.96946
5.57746
4.0551
5.34232
5.10744
4.05984
4.36106
2.59491
5.25121
2.89347
5.0802
3.8923
2.7645
5.90258
5.92119
5.62885
5.6485
6.45532
6.80525
4.57319
3.81576
6.80923
5.59193
4.55786
3.11765
6.76738
5.12607
4.73015
5.89874
6.4646
4.30366
3.73476
4.07617
4.1668
4.96982
4.00894
3.82743
6.16932
3.95919
4.35778
4.52926
4.15562
4.83924
4.80094
4.39215
3.96966
3.79267
5.68562
3.91668
3.81714
4.72844
3.09559
3.6092
3.46528
5.59504
3.63985
4.97968
10.3057
3.63434
2.96998
4.54483
3.31975
3.44471
8.85162
4.44132
2.7964
5.49845
5.00345
4.30623
7.75402
3.71735
4.40322
4.46179
5.88853
2.3038
3.47733
4.79126
4.37019
2.8058
4.71405
4.44467
4.84913
5.02201
2.70434
4.00943
3.45319
4.94016
3.72782
3.71002
6.19635
7.17789
5.77245
4.91412
4.92819
3.1713
4.25515
3.67865
4.29301
6.29539
3.83501
3.35506
3.91592
3.35997
