2.60178
2.40083
3.02108
2.65961
2.47498
2.30629
2.64081
2.66281
2.72706
2.60076
2.44225
2.51054
2.5052
2.6092
2.53981
2.43738
2.14081
2.36887
2.67066
2.49407
2.93871
2.4493
3.03057
2.67963
2.60073
2.74833
2.98469
2.47866
2.56924
2.56549
2.70904
2.63197
2.48662
2.81471
2.49134
2.40961
2.51597
2.54705
2.67118
2.43922
3.08025
2.14681
2.35792
2.39188
2.53089
2.59532
2.75601
2.72204
2.32285
2.24025
2.44048
2.70829
2.67283
2.46835
2.49094
2.49397
2.6987
2.63083
2.57951
2.3605
2.66162
2.53765
2.78634
2.44258
3.00355
2.54364
2.63998
2.57196
2.92143
2.36335
2.39112
2.67029
2.25057
2.576
2.63924
2.50754
2.6576
2.63066
2.46399
3.00643
2.4124
2.92018
2.23085
2.45273
2.7856
2.41455
2.65465
2.76948
2.58533
2.81273
2.41934
2.53012
2.3777
2.18714
2.51097
2.96814
2.44174
2.97152
2.36033
2.64468
2.82169
2.48271
2.86157
2.48049
2.27976
2.913
2.57387
2.2996
2.87266
2.59127
2.41541
2.89068
2.32361
2.61971
2.34816
2.23887
2.43826
2.21093
2.6572
2.51855
2.37333
2.60717
2.38478
2.67558
2.46335
3.04357
2.59002
2.32694
2.13303
2.33227
2.75818
2.81751
2.31816
2.45132
2.66539
2.55243
2.77898
2.69319
2.97137
2.51397
2.56821
2.49077
3.25083
2.57439
2.87257
2.27777
2.83437
2.33066
2.23466
2.95519
2.43993
2.38853
2.56607
2.43279
2.1204
2.45253
2.5794
2.38229
2.38429
2.89547
2.65453
2.24886
2.91111
3.00382
2.72001
2.6984
2.37522
2.67838
2.35694
2.58087
2.48333
2.22924
2.69978
2.37573
2.45178
2.64986
2.22394
2.37303
2.66968
2.66917
2.77804
2.65568
2.72531
2.56402
2.52909
2.84437
2.64878
2.26714
2.22408
2.58851
2.31399
2.55645
2.46672
2.55523
2.3879
2.77738
2.50629
2.69972
2.63353
2.41101
2.68026
2.6539
2.80664
2.77288
3.04596
2.41532
2.33514
2.04576
2.93238
2.70148
2.89758
2.20534
2.16855
2.6898
2.42451
2.49166
2.40409
2.43141
2.28599
2.47274
3.1614
2.62895
2.90416
2.60835
2.50087
2.39452
2.49776
2.375
2.2739
2.7203
2.77567
2.43932
2.169
2.8345
2.54475
2.72215
2.71813
2.60474
2.484
2.76545
2.45888
2.46606
2.31376
2.21096
2.29052
2.67544
2.69455
3.06861
3.10919
2.63373
2.26722
3.10658
2.30517
2.71378
2.93658
2.58648
2.97991
2.79326
2.52568
2.83921
2.62768
2.65476
2.7215
2.48445
2.64788
2.8678
2.7201
2.50097
2.28039
2.56664
2.53938
2.72354
2.53748
2.75282
2.39648
2.56223
3.40411
2.51938
2.42055
2.63885
2.74209
2.42355
2.27067
2.61936
2.75251
2.79012
2.57765
2.59444
2.57455
2.53742
2.79306
2.78663
2.63481
2.39643
2.30717
2.72784
2.22477
2.56811
2.56291
2.60629
2.40834
2.99371
2.34859
2.48877
2.84495
2.67963
2.49884
2.43534
2.66832
2.63571
2.62269
2.43932
2.85598
2.19457
2.59398
2.42598
2.81201
2.86832
2.08085
2.37721
2.69902
2.41288
2.68401
2.70113
2.40152
2.70099
2.75327
2.26736
2.31111
2.40631
2.25176
2.65754
2.53553
2.8376
2.90672
2.36579
2.65194
2.4666
2.39645
2.354
2.57828
2.63751
2.80264
2.70834
3.02268
2.55233
2.52151
2.52156
2.33766
2.79081
2.51919
2.28772
2.64323
2.84633
3.08374
2.53989
2.62683
2.74283
2.86192
2.95364
2.489
2.67251
2.74098
2.71253
2.4882
2.46818
2.30577
2.84752
2.51016
2.1783
2.46072
2.62473
2.72026
2.2176
2.76399
2.73431
2.44457
2.49238
2.26009
2.65556
2.50866
2.67729
2.64668
2.3611
2.4422
2.51211
2.5626
2.52661
2.38472
2.50622
2.33485
2.35487
2.68491
2.55426
2.58637
2.23348
2.52007
2.48289
2.10898
2.79054
2.36
2.47213
2.66695
2.79116
2.379
2.44925
2.49709
2.60524
2.45349
2.80824
2.80791
2.76502
2.2714
2.12196
2.1888
2.34686
2.54008
2.23037
2.28013
2.61081
2.85982
2.55445
2.49204
2.5435
2.47017
2.95327
2.65064
2.72381
2.72374
2.47531
2.60007
2.67412
2.6073
2.59212
3.0054
2.44999
2.63428
2.75168
2.7216
2.53515
2.52252
2.73122
2.634
2.67805
2.35938
2.67337
2.43191
3.01171
2.4465
2.78221
2.27297
3.00851
2.76394
2.72879
2.56275
2.71943
2.3277
2.99199
2.71756
2.81603
2.51206
2.50112
2.77203
2.56027
2.4798
2.57022
2.2362
2.7265
2.14311
2.43781
2.22698
2.65716
3.32904
2.29038
2.54984
2.41914
2.99939
2.60407
2.34198
2.50842
3.66489
2.64041
2.6396
2.619
2.77393
2.38822
2.32747
2.33033
2.69582
2.77175
2.69049
2.75228
2.70807
2.23185
2.51883
2.53599
2.67911
2.38255
2.55382
2.52689
