4.80773
4.73565
4.00076
4.8443
4.63348
4.29902
5.17508
4.61965
4.68575
5.63658
5.33384
5.15453
4.63575
4.23792
4.90898
4.64361
4.58342
3.99758
4.5128
4.33357
4.18047
4.65129
4.78903
5.10384
4.95276
4.6895
4.8743
4.50921
5.12449
5.1632
4.22086
5.47119
5.27483
4.74434
5.24176
4.59105
4.40821
4.66108
4.33304
4.64422
4.99558
4.29547
4.08804
4.98514
4.32377
5.07932
4.42643
6.56306
4.56503
5.1525
5.28673
4.89308
4.06099
5.16894
5.69422
4.6268
4.57805
4.0274
4.81101
4.70549
4.64994
4.79192
4.68056
5.62933
4.7262
5.32722
5.21784
4.81514
5.47784
5.10206
4.53027
5.07548
4.14328
5.25504
4.88121
4.66088
4.90021
6.14733
7.16389
4.595
4.44352
4.86643
6.05904
4.80744
4.42046
4.76988
4.93303
4.94163
5.02384
4.66904
4.54655
5.08004
4.6856
5.25965
4.66068
4.68487
5.31399
5.1404
4.71889
4.74444
4.35525
5.47625
5.10944
5.27747
4.35014
4.82961
5.28464
4.69751
5.35442
4.95212
4.84248
4.36165
4.84756
4.73701
4.51555
5.1178
4.47621
4.23351
6.02341
4.60791
6.20838
4.2807
4.84133
4.29869
5.41169
5.01437
5.21306
5.24553
5.141
4.35766
4.49934
5.72166
4.89002
4.87283
4.88106
4.82286
6.54584
4.49461
5.78526
4.18994
4.27667
4.46587
4.859
4.83515
4.80974
5.01823
4.77513
5.00805
4.3258
4.71323
4.61183
4.96772
4.60675
4.89137
5.2326
4.44666
4.28011
4.40933
4.39555
5.32262
4.12998
5.28911
5.92832
4.34351
4.18662
3.99606
4.73392
4.83378
4.42732
5.12328
5.25659
4.17336
4.22586
5.1701
4.99287
4.7542
5.03266
4.64092
4.87865
5.29381
4.80557
5.67031
4.63226
4.92094
4.82535
6.45344
5.35191
6.00862
4.38155
4.79888
4.98937
4.55871
4.68526
4.77913
7.72811
4.36335
5.36581
5.48658
4.71725
4.79444
4.36467
5.38978
4.73904
4.504
4.82491
5.3595
4.44903
4.58813
4.71017
4.74174
4.67495
4.4034
4.61979
4.63979
5.2272
6.05479
4.7608
4.37938
3.74242
4.70261
4.32815
4.84884
4.57451
4.85331
5.17039
5.52392
4.83835
4.92375
4.9228
5.91352
4.63355
4.18333
4.59374
4.09095
5.95183
5.04948
4.94313
4.94874
4.59378
4.23587
5.75826
5.96362
4.34168
4.55476
5.16831
4.82647
4.85028
4.95436
5.1544
4.77892
5.39488
4.16928
5.30957
5.34785
4.43296
5.0965
4.86299
4.93355
5.14556
4.49655
4.85403
4.55141
4.53112
5.97665
4.99898
5.57645
4.21631
4.79184
4.75536
4.44692
5.34601
4.79912
5.04355
4.6289
4.44005
5.80942
4.39575
4.77941
4.09795
4.42033
4.43095
5.04291
3.95708
4.91009
5.53049
4.98884
4.71175
4.4074
4.39905
4.27133
4.85117
4.44532
4.75636
4.76878
4.60499
4.27657
4.51893
5.44767
5.43285
3.95623
4.66861
6.33534
4.46816
4.64275
4.68547
4.9376
5.83213
5.2595
4.66022
5.5249
4.88682
5.39335
5.1654
5.18818
4.85688
4.84864
5.88201
4.70056
4.53069
4.71201
4.67369
4.2767
4.67708
4.59557
4.44016
4.15035
4.71595
4.30845
4.86837
4.99554
4.6564
4.96207
5.09894
4.1179
4.57478
4.68816
4.7969
4.60407
4.73274
4.10864
5.01385
7.07054
4.35247
4.73793
4.50439
4.98708
4.54813
4.89662
4.20188
4.54665
4.56662
5.38805
4.96435
4.57165
4.53837
4.83847
4.67587
4.60415
6.59458
4.69731
4.93772
5.40829
5.05672
4.36986
5.19764
5.10463
4.43503
4.65497
4.82806
6.14892
4.26346
4.65832
4.82347
5.07933
6.26722
4.25759
4.57187
5.17755
5.34471
4.37894
4.54078
5.03815
5.5795
5.03738
4.30063
4.33171
4.89689
4.90683
6.36862
5.22983
4.47859
4.41735
6.1312
3.94897
4.7301
4.35033
4.82487
4.35664
4.616
4.9944
4.34713
4.64998
5.17477
4.76405
4.72348
4.33759
4.69467
4.29034
5.16699
4.18125
5.26135
4.79809
5.10756
4.88375
4.7249
4.71875
4.6424
4.65273
4.9931
4.82332
5.78005
4.89652
5.10657
4.67753
4.75517
4.93153
4.77695
5.42078
5.38044
4.49134
4.07061
4.89012
4.88175
4.35578
4.82072
4.64076
4.44125
4.71392
4.80099
5.59396
4.61923
4.43071
5.19423
4.59797
4.33111
5.0202
4.93317
5.3288
4.84677
4.48636
5.50449
4.93853
4.39121
4.50618
6.62588
5.18596
4.77872
4.31545
5.45037
4.6186
4.26193
4.60478
5.24015
5.4266
4.42022
4.929
5.17146
4.73256
6.65487
4.35347
4.61333
4.27938
4.80206
4.87813
4.16474
5.65879
5.03938
4.72955
4.70295
4.6853
4.15497
4.90432
4.70086
4.53708
5.726
5.44774
5.35126
5.88421
4.58606
5.26215
4.22267
4.14928
5.76055
5.43469
4.88747
4.2397
5.01464
4.71575
4.4821
5.01761
