6.2802
6.41586
5.56899
6.68134
6.19864
6.11018
6.75536
6.52799
6.19722
7.26351
7.08581
6.84962
6.33641
5.84526
6.59427
6.22541
6.19211
6.00327
6.28176
6.02231
5.90949
6.59857
6.64085
7.20309
6.6361
6.60993
6.44696
6.11402
6.78368
6.84834
6.02061
7.1634
6.83244
6.61578
7.22679
6.08507
5.84592
6.63558
5.7955
6.25098
6.85825
5.9552
5.9252
6.7781
5.98632
7.01303
6.01238
8.59216
6.23773
6.86981
7.32515
6.44128
5.69297
7.2466
7.41078
6.30933
6.38039
5.60323
6.51878
6.50885
6.26346
6.58667
6.26388
7.40143
6.48387
7.0111
7.01815
6.635
7.30223
6.96045
6.07834
7.00956
5.86348
7.12707
6.90584
6.35734
6.53291
8.15336
9.08269
6.35087
6.16823
6.51473
7.86319
6.55244
6.17122
6.40965
6.70464
6.51801
6.63499
6.55194
6.2665
6.76097
6.48301
6.91409
6.48208
6.54805
7.20698
7.04308
6.7273
6.50843
6.33647
7.07219
6.969
7.20321
6.05974
6.79434
7.01528
6.40505
6.98862
6.84989
6.53006
5.96752
6.5798
6.3854
6.19843
7.22182
6.19475
6.09566
7.79694
6.39537
8.20194
5.88394
6.47175
6.03967
7.00981
6.6337
6.82995
7.3522
6.75262
5.98246
5.96499
7.59208
6.9766
6.3526
6.5687
6.68652
8.57012
6.09375
7.97191
5.82536
5.84807
6.22589
6.66163
6.37847
6.37389
6.72178
6.45618
6.89539
6.03897
6.52211
6.45301
6.82828
6.45131
6.64489
7.09885
6.10802
5.86384
6.14926
6.30329
7.07259
5.7407
6.99806
8.06236
5.89366
5.85215
5.75475
6.4533
6.39718
6.09334
7.19046
6.79483
5.8273
6.26207
6.88203
6.87946
6.55831
6.72268
6.42454
6.71726
7.41033
6.41696
7.38024
6.17739
7.15155
6.46726
8.40421
6.95783
7.93928
6.05814
6.49308
6.76565
6.21598
6.51906
6.49499
9.68347
5.93128
7.39744
7.64346
6.42236
6.75356
6.24901
7.14435
6.75372
6.38027
6.5672
7.17999
6.30029
6.33541
6.39416
6.70809
6.71686
5.98406
6.56991
6.42157
7.10162
7.80459
6.49892
6.09191
5.34523
6.3965
6.17861
6.56038
6.68137
6.63543
7.14484
7.33309
6.41802
6.92252
6.79615
7.91603
6.11511
5.8667
6.29373
5.64437
7.96812
6.8702
7.06667
6.59229
6.42759
5.84068
7.56009
7.76589
6.03935
6.52104
6.78523
6.88048
6.53632
6.76152
6.85001
6.62386
7.46339
5.76624
7.31092
7.32357
6.04324
6.66046
6.51423
6.73149
7.0845
6.07353
6.53334
6.21633
6.18083
7.63648
6.72746
7.52259
5.86998
6.37358
6.42239
6.11817
7.29504
6.4965
6.72979
6.32883
5.96822
7.55214
6.0573
6.36674
5.84268
6.11652
6.21234
6.59615
5.88656
6.86097
7.26301
7.11853
6.21029
6.13025
5.96119
6.07557
6.67033
5.99371
6.19575
6.36926
6.25039
6.15757
6.27777
7.37575
7.28128
5.52844
6.44897
8.09369
6.30152
6.46988
6.34218
6.66684
7.58209
6.96191
6.5317
7.31917
6.53714
7.04492
6.73037
7.00124
6.51472
6.72843
7.91361
6.25842
6.4252
6.3702
6.27861
5.80434
6.38209
6.33473
6.17841
5.82941
6.34846
5.98194
6.76315
6.63459
6.24939
6.65129
6.96137
5.79596
6.36525
6.48068
6.8412
6.13695
6.91119
5.84795
6.79386
8.80196
5.983
6.54421
6.08018
6.59551
6.2124
6.66462
5.64111
6.17677
6.27806
7.04257
6.51743
6.32208
6.17929
6.40087
6.55952
6.30566
8.50976
6.66669
6.53946
7.23696
6.72838
5.87124
6.93264
6.74271
6.00666
6.58612
6.45358
8.10556
6.05983
6.33938
6.86856
6.75545
8.39409
5.96466
6.63365
6.88158
7.21418
6.14632
6.29858
6.73049
7.74742
6.84878
6.0736
5.97048
6.61668
6.97338
8.43618
6.81312
6.48498
5.97726
8.03553
5.62094
6.58236
6.11064
6.52232
5.78958
6.45255
6.75605
5.89372
6.36719
6.98226
6.52373
6.44383
6.43742
6.42345
6.14464
7.12964
5.90966
7.12977
6.50577
7.08185
6.52809
6.50463
6.52179
6.43736
6.56429
7.02027
6.50931
7.38848
6.59792
6.65897
6.36734
6.33772
6.61343
6.72946
7.20986
7.30058
6.21465
5.69127
6.70885
6.85976
5.96291
6.65952
6.23475
6.02612
6.46476
6.88095
7.27956
6.25199
6.16174
6.99757
6.21235
6.22865
6.98931
6.36943
7.22015
6.47824
6.21465
7.61952
6.84035
5.94583
6.13101
8.71654
6.95248
6.53385
6.15246
7.23515
6.39402
5.96401
6.45779
7.06386
7.33188
6.10356
6.57691
6.90074
6.36969
8.52464
6.0876
6.19103
6.23058
6.62203
6.43987
5.92807
7.7223
7.11203
6.45288
6.69834
6.14763
5.88864
6.80567
6.50027
6.16559
7.89103
7.39929
6.96939
7.77331
6.32351
6.86245
5.79237
5.7644
7.50997
7.50125
6.63846
5.82463
6.70802
6.45125
6.09296
7.02259
