6.67498
6.05603
6.61001
6.155
5.84797
6.03167
6.58983
7.04987
7.99974
6.89816
6.99403
5.0818
5.80895
5.81593
6.93186
7.27045
5.60256
5.75
8.08602
7.40263
5.50934
6.80858
6.27036
6.72476
5.20343
8.45827
6.75888
5.74573
6.45948
6.0718
6.87759
6.03755
6.93179
6.85195
6.72967
5.9759
6.07458
6.3089
7.32605
6.5949
7.37847
6.73557
6.65339
6.16936
5.91023
7.98461
5.91897
6.73273
6.90603
6.53952
8.00501
6.69067
6.62579
6.94913
6.12643
6.61794
6.09775
6.1307
5.85417
5.85911
6.98757
8.04217
7.01136
5.08782
8.55599
6.90462
7.30067
7.03557
8.44336
6.03118
9.55849
6.65175
5.20905
7.16058
5.64479
6.42531
7.06089
7.19487
5.78031
6.68829
7.31406
5.3985
7.4676
5.97156
6.83455
6.48506
5.73839
9.59703
6.82573
6.97581
7.27542
6.88055
6.52765
9.72312
7.63176
6.0794
6.66406
6.55362
5.92155
5.57209
6.55385
7.79668
5.7674
6.53027
5.99472
7.09391
6.64295
6.91044
7.09879
5.96984
6.39771
7.69006
6.05566
7.55154
5.53361
5.7003
6.5298
6.1343
6.57763
7.14096
6.85927
6.3648
5.74515
7.52484
6.60472
7.12172
5.45126
6.62437
6.40147
6.27581
6.21534
7.99079
6.48092
5.74654
7.89186
6.22985
6.51264
6.68994
6.36418
6.59847
6.28606
5.82963
6.37014
6.63407
6.6362
7.3859
6.85995
6.00916
7.92761
6.90884
5.99265
6.3372
7.80533
8.24091
6.40689
7.18613
6.11933
6.39346
6.17576
6.55934
5.84683
5.71084
7.1729
6.82353
6.20305
6.89223
6.76668
6.50455
7.53089
6.32187
7.09941
6.79061
5.71432
7.58808
7.25311
6.46126
5.85982
9.31687
5.9738
7.43703
6.18078
6.168
7.95981
6.5187
6.60099
6.25513
6.74663
6.19331
7.75838
6.63393
7.18838
6.19514
6.08926
6.53567
5.88463
7.04595
6.25945
6.86084
6.66477
6.77463
7.18055
5.91436
6.48482
7.41154
6.11506
5.6471
6.70664
6.73182
8.8325
7.46506
6.70192
7.07559
6.67332
5.88147
6.59283
6.86165
6.44974
8.06893
6.13888
7.47796
5.6768
6.47583
6.28022
7.18715
6.33479
6.9022
6.93
5.92967
6.97726
6.61273
6.74581
6.26459
6.55555
5.4345
6.15187
7.06411
6.14694
5.79933
5.75832
6.38776
6.00855
6.86945
6.24824
5.70688
7.67352
7.62766
7.89714
7.59584
6.03271
7.49081
7.55197
6.14215
6.77431
6.96285
6.97945
7.18512
5.73849
6.4765
6.9655
6.90269
5.22093
6.14742
7.71758
6.87818
5.81004
6.4019
6.55972
6.88297
7.13684
6.95359
6.94913
7.29925
6.1354
5.21947
6.93109
6.19848
7.02557
6.09756
6.80677
5.98108
5.3309
7.026
6.20436
5.95068
7.47927
6.90617
7.32475
7.91844
6.35414
6.32876
6.25448
5.7725
6.31728
5.87821
6.12863
5.78357
6.81437
6.76884
10.4839
7.31227
6.77868
6.81851
6.49065
5.80973
6.2059
6.09587
6.56734
6.7289
5.35487
7.26945
6.80168
5.87174
6.11554
5.95952
6.53983
7.6205
6.32306
7.1864
7.09114
6.64531
5.75676
8.00014
6.37892
6.97017
9.59193
7.15154
7.05252
6.54307
6.04539
6.77322
5.67606
8.48832
6.13742
5.88172
6.08085
7.09345
5.63948
7.20797
6.40709
5.98219
8.15676
6.50176
6.18517
6.02006
8.95057
7.05861
6.5337
6.81526
6.43136
6.67432
5.9584
6.53688
5.88332
6.57642
6.79072
5.72695
7.58076
6.5872
5.82514
6.52399
5.66634
7.42734
6.56542
6.08414
7.29579
6.13007
5.97685
6.17818
6.3903
6.148
6.47334
6.90123
5.83312
7.86175
5.72644
5.92794
7.7016
5.78023
6.97338
6.81037
6.23321
6.68871
6.04394
6.01983
7.54607
7.08967
6.69933
7.74439
6.14438
6.83266
6.02378
5.83435
8.09052
6.80625
7.58146
6.06636
7.37642
8.04695
5.57334
6.36952
7.4379
6.59482
6.1698
6.48497
5.91002
5.85348
6.91689
6.85842
6.47436
6.03323
7.27135
6.17498
6.82491
6.28764
7.498
5.97053
6.27268
6.3378
7.31461
7.27466
6.41806
6.17707
6.88201
6.45606
5.86997
6.10908
8.26355
6.83834
8.50403
5.58774
8.89536
6.77432
7.06871
6.59406
6.18493
6.7479
6.02348
6.28462
7.42862
6.57917
8.51791
6.21629
7.16026
6.15148
6.79334
6.75406
6.38111
6.70105
6.30829
7.51287
6.76441
6.6163
7.28834
6.27418
6.11785
6.1489
7.4818
5.58711
5.81763
6.21828
8.07741
6.39515
6.85639
5.98211
7.42824
5.9453
6.15267
7.156
6.03312
7.14674
5.96433
6.74784
10.3267
6.53957
7.12611
7.09949
9.54987
6.25018
6.42392
8.61286
7.18932
5.83036
6.98489
6.56071
6.42906
7.28202
7.08395
6.06071
6.79021
8.50184
6.32499
5.67146
7.04258
7.73445
7.43384
7.88749
5.65106
6.26034
6.38448
6.2975
