2.59485
2.58959
2.73988
2.98433
2.61738
2.7734
2.74922
2.74106
2.67945
2.85732
2.6399
2.69234
3.08596
3.11696
3.30325
2.81646
2.6432
2.90176
3.24448
2.57025
2.61007
2.58869
2.91091
2.94609
2.61252
2.87466
2.83374
2.99825
3.02286
2.9041
2.72482
3.2709
2.70866
3.02058
2.83868
2.96091
2.91885
2.68621
3.06465
3.14613
2.6293
2.62951
2.71755
2.67736
2.64841
2.77871
2.80157
2.82407
2.70569
2.89033
2.77095
2.80935
2.67023
2.87793
2.91087
2.74704
2.61136
2.53267
2.60566
2.56038
2.66435
2.73727
2.706
2.6747
2.9873
2.74483
2.91692
3.10415
3.18702
2.56507
2.81308
2.7619
2.54215
2.68873
2.66733
2.76838
3.17843
3.43234
2.51342
2.73687
2.7884
2.63224
2.78107
2.73446
2.89362
3.06708
2.6366
2.72642
2.79648
2.71141
3.03079
2.86818
2.99927
2.95712
2.91293
2.69397
2.71657
2.69471
2.47889
2.7574
2.82354
3.03344
2.59458
2.97467
2.86217
3.09319
2.74996
2.78875
2.87699
2.87987
2.93692
2.8229
2.81542
2.94341
2.72975
2.8652
2.56346
2.78019
2.86384
3.05573
3.32107
3.03317
3.09
2.79638
2.98499
2.6524
2.63911
2.79229
2.87026
2.72619
2.95716
2.74756
2.79113
2.50708
2.67912
2.68673
2.85815
2.6155
2.81477
2.83001
3.07501
2.89594
2.68274
2.80248
2.73994
2.475
2.52083
2.53449
2.75217
2.66426
2.98717
2.84934
2.71589
2.68784
2.77248
2.71053
2.69777
2.72075
2.96556
2.85459
2.89021
2.73933
3.06285
2.666
2.99119
2.63536
2.9843
2.65842
2.73888
2.76156
3.04109
2.91337
2.94576
2.73689
2.74135
2.7355
2.83282
2.64621
2.51836
2.85969
2.83579
2.6064
2.83857
2.732
2.74099
2.83171
2.80698
2.7388
2.96864
2.79794
3.05381
2.52914
2.57098
2.84359
2.82261
2.84519
2.74907
2.84055
2.72454
2.78619
2.93341
2.67311
2.76825
2.58732
2.71632
2.84759
2.74759
2.95033
2.67109
2.48623
2.98773
2.98948
2.78392
2.82725
2.80137
2.89774
2.89838
2.91997
2.40448
2.70146
2.92822
2.91533
2.89566
2.46482
3.03081
3.09051
2.98635
3.05673
2.72358
2.66318
2.76635
2.47762
3.23981
2.54274
2.43251
2.83754
2.68981
2.69321
2.83385
2.7367
2.69958
2.90879
2.76291
2.62337
2.97845
2.89547
2.62246
2.67098
3.00243
2.87053
3.13575
2.63409
2.63194
2.40986
2.6644
2.44735
2.76685
2.70197
2.73369
2.77438
2.95512
2.62221
2.70314
2.53857
2.83461
3.00069
2.64864
2.65717
2.6458
2.85356
2.64612
2.66372
2.63849
3.11059
2.80087
2.89666
2.76641
2.95904
2.7567
2.9446
2.82927
2.70126
2.70692
2.54782
2.98744
2.52378
2.86285
2.85494
2.74108
2.95907
2.85732
2.74748
2.89179
2.74517
2.7976
2.94113
2.7324
2.58141
2.58543
2.78451
3.0927
3.22505
2.77514
2.38424
2.96321
2.54804
2.53609
2.85918
2.61875
2.63619
2.76369
2.76748
2.81332
2.80573
2.92797
2.67037
2.62032
2.77333
2.8506
2.83664
2.70359
2.70307
2.4421
2.575
3.01164
2.82936
2.93056
2.81064
2.70437
2.59125
2.76033
2.87605
2.94575
2.81541
2.86894
2.79577
2.86328
3.19715
2.84013
3.05356
2.91576
2.5906
2.43885
2.78325
2.62319
2.82841
2.82259
2.7568
2.49223
2.5447
2.61004
2.82728
2.85752
2.76469
2.90222
2.68442
3.2094
2.85534
2.99449
2.77819
2.98929
3.00848
2.66597
2.70599
2.95828
2.59143
2.69452
2.99231
2.87116
2.67047
2.64319
2.53251
2.92838
2.82747
2.81081
2.86731
2.75863
2.86595
2.76204
2.82325
2.58656
2.65819
2.71219
2.72507
2.5207
2.77477
2.74793
2.73913
2.71217
3.01023
2.55216
2.71161
2.82756
2.89026
2.76627
3.10053
2.5318
2.45833
2.73691
2.8797
2.7755
2.73853
2.57364
2.55459
2.65657
2.79836
2.8108
2.62338
2.93694
2.83247
2.55066
2.86732
2.76259
2.80407
2.83704
2.90207
2.73704
2.61747
2.73264
2.90254
2.41989
2.77446
2.68498
2.80117
2.62382
2.93159
2.83884
2.8452
2.64298
2.47888
2.88098
2.71391
3.30383
2.86158
2.93199
2.60584
2.87657
2.7194
2.67102
3.15886
3.06939
2.9659
2.91112
2.90849
2.64834
2.78886
2.91775
3.25334
2.93479
2.8293
2.70468
2.861
2.835
2.94614
2.81498
2.97663
2.68861
2.85372
2.42391
2.84893
2.78353
2.50864
3.02139
3.06966
2.78524
2.62301
2.81433
3.25534
2.92923
2.62674
2.6938
2.93726
2.56113
3.03629
3.36289
2.98232
2.60707
2.87936
2.86904
2.89842
3.01227
2.82072
2.71613
3.06067
2.77629
2.79618
2.73259
3.01386
3.02763
2.84991
2.82961
2.5797
3.21373
3.11208
2.83771
2.81345
2.89101
2.75437
2.74818
2.83375
