6.15138
6.28408
5.42154
6.54142
6.06211
5.96561
6.62709
6.39524
6.06021
7.13908
6.95712
6.71414
6.1976
5.71881
6.45922
6.09906
6.06439
5.85859
6.14544
5.8811
5.77031
6.45919
6.50837
7.06745
6.50239
6.47041
6.3143
5.98829
6.66234
6.72166
5.88558
7.03122
6.7048
6.47898
7.09086
5.95637
5.70906
6.49644
5.65808
6.12208
6.71931
5.82076
5.78215
6.64753
5.84625
6.88208
5.87638
8.46871
6.10981
6.73194
7.19458
6.31307
5.55351
7.11266
7.28443
6.18239
6.23979
5.47059
6.38084
6.37368
6.14157
6.4549
6.13034
7.27521
6.34497
6.88116
6.88276
6.49871
7.17776
6.82325
5.94564
6.87301
5.71941
6.99111
6.77331
6.22354
6.39884
8.03523
8.9639
6.22263
6.03455
6.38904
7.75035
6.41526
6.0353
6.28473
6.56713
6.38999
6.50044
6.42405
6.12891
6.62287
6.35049
6.78713
6.34258
6.41104
7.07949
6.9146
6.58745
6.37171
6.194
6.95327
6.84067
7.06766
5.92104
6.65498
6.88809
6.27958
6.86039
6.7129
6.39722
5.82587
6.45079
6.2611
6.06319
7.08746
6.05151
5.95297
7.66999
6.25369
8.07419
5.73863
6.34398
5.8951
6.87373
6.49953
6.69582
7.2176
6.62587
5.83995
5.82802
7.4739
6.84235
6.22527
6.44004
6.55418
8.44846
5.95487
7.84264
5.68465
5.71291
6.08245
6.531
6.25104
6.23999
6.59928
6.32352
6.76369
5.8941
6.38361
6.31338
6.69141
6.31236
6.50457
6.96192
5.98439
5.73203
6.02139
6.15885
6.9448
5.60391
6.86261
7.93388
5.76015
5.71735
5.61789
6.31613
6.26435
5.95016
7.05675
6.67293
5.68883
6.11997
6.74865
6.74201
6.41916
6.58803
6.28344
6.57929
7.27956
6.28462
7.24556
6.05547
7.01499
6.3328
8.27952
6.83338
7.81169
5.92392
6.35313
6.63346
6.07888
6.37823
6.35838
9.5689
5.79439
7.26384
7.51457
6.27997
6.61572
6.11083
7.0107
6.61712
6.23777
6.43743
7.04911
6.16555
6.19361
6.25427
6.57005
6.57747
5.84045
6.4287
6.29106
6.96587
7.68164
6.36794
5.94704
5.2124
6.2579
6.03471
6.42253
6.5415
6.49806
7.01031
7.20242
6.28607
6.7894
6.66646
7.78672
5.99178
5.7266
6.15343
5.50753
7.83974
6.73232
6.93116
6.47025
6.291
5.7159
7.43469
7.64118
5.90642
6.38135
6.6624
6.7424
6.4003
6.62893
6.7125
6.4885
7.33831
5.62826
7.17858
7.18953
5.90804
6.53207
6.38429
6.5958
6.95113
5.93144
6.39369
6.08157
6.04275
7.51463
6.58937
7.39194
5.73712
6.24436
6.29598
5.98277
7.1621
6.36289
6.59546
6.19661
5.83565
7.4233
5.9158
6.22669
5.70042
5.97819
6.06919
6.45812
5.74125
6.72405
7.13427
6.98254
6.08609
5.98917
5.84191
5.93493
6.53101
5.87285
6.0706
6.22967
6.11586
6.0198
6.14095
7.24308
7.14972
5.40115
6.30597
7.97873
6.16538
6.33924
6.20519
6.53531
7.45856
6.82635
6.39106
7.19454
6.40431
6.92097
6.6088
6.86649
6.39255
6.58937
7.78735
6.13138
6.28832
6.2374
6.14215
5.66732
6.24797
6.20315
6.03952
5.69624
6.20471
5.84604
6.62471
6.50709
6.11797
6.51556
6.82629
5.66336
6.22241
6.34071
6.70413
6.01312
6.77339
5.70692
6.66442
8.70041
5.84153
6.40531
5.943
6.46584
6.08124
6.5305
5.517
6.0465
6.14366
6.91272
6.39323
6.18827
6.03605
6.28343
6.42298
6.16377
8.38752
6.53503
6.40672
7.1022
6.59411
5.74172
6.80106
6.61348
5.87915
6.44671
6.33058
7.98542
5.91631
6.20067
6.72979
6.62952
8.26971
5.82273
6.49354
6.74612
7.08391
6.00665
6.16576
6.59823
7.61789
6.71113
5.92961
5.82962
6.48453
6.8375
8.31142
6.69187
6.34663
5.84975
7.90849
5.47694
6.45215
5.9665
6.38837
5.67563
6.31355
6.62521
5.75992
6.23042
6.84726
6.39165
6.30717
6.29547
6.28358
6.01101
6.99495
5.77226
6.99672
6.36644
6.94545
6.40248
6.36304
6.3825
6.2969
6.4266
6.8843
6.38093
7.26771
6.46197
6.53252
6.23343
6.20475
6.48738
6.59088
7.08259
7.16665
6.07434
5.54776
6.57491
6.72155
5.81879
6.53419
6.1039
5.88493
6.33501
6.7431
7.15896
6.12122
6.01864
6.86009
6.08253
6.08559
6.85198
6.24794
7.08944
6.34236
6.07721
7.48773
6.70284
5.80411
5.9933
8.59466
6.81783
6.39929
6.01213
7.10031
6.25142
5.82229
6.32311
6.93207
7.19872
5.97322
6.45351
6.76694
6.23546
8.40603
5.95807
6.06821
6.08938
6.48444
6.3069
5.79174
7.59452
6.97716
6.32384
6.56125
6.01203
5.74885
6.66663
6.36678
6.03132
7.76096
7.27177
6.83214
7.6598
6.18528
6.73276
5.66177
5.63023
7.38524
7.37806
6.50303
5.68266
6.5925
6.32221
5.95879
6.88781
