3.72626
4.38501
3.64678
3.39499
3.50887
3.16237
4.11446
3.61391
4.76372
4.72967
3.76145
3.36216
3.31707
4.64625
4.03523
3.79776
3.68489
3.78895
4.51092
4.00311
4.5714
3.14173
4.02427
3.57882
3.77105
5.44282
4.47524
4.67566
3.47678
3.185
4.37582
3.4074
4.12071
4.03926
3.78155
4.09218
4.65882
4.62928
4.57047
3.74132
4.37366
4.16487
3.54096
4.01306
3.31002
4.36223
3.97264
3.26147
3.38738
4.03611
4.61876
4.4376
2.89991
3.90776
4.79224
3.29506
3.66352
2.97029
3.95422
4.03021
4.6854
3.68956
2.70919
3.84465
4.87968
2.45368
5.29385
4.53579
4.02382
3.07531
3.83357
2.92545
3.38658
4.0147
3.66417
4.02462
4.5486
4.24514
3.56617
3.88154
3.60806
3.39785
3.24103
3.88291
3.32899
3.80805
4.0208
3.56807
3.49851
4.67228
4.88468
4.72867
4.97706
3.7194
3.74573
4.09888
4.33896
4.50445
3.72696
3.32014
3.7439
4.04397
4.39659
4.26403
3.94609
3.91938
4.73259
3.96687
3.83511
4.94449
3.74309
4.35444
4.01144
3.77082
4.11827
3.19295
3.56334
3.38204
3.50456
4.31944
4.15541
4.31009
3.62306
3.22522
3.70672
3.57946
3.50101
2.83635
3.46577
3.58771
4.03273
4.01749
3.40594
4.58258
3.25748
3.98975
4.77034
4.40203
4.45082
4.34571
2.88899
2.98453
4.41765
3.57491
3.17471
4.34743
3.3086
3.4055
3.50303
5.90096
2.95135
2.94552
4.07983
4.43122
4.23511
3.55145
4.17688
4.29638
2.9353
3.28776
3.12253
3.68384
3.39095
3.49012
3.58493
4.8999
5.77797
3.97527
3.1241
5.26953
4.73444
4.38552
4.66688
3.48322
4.09267
3.77303
3.00384
4.01907
3.59976
4.85672
2.9929
4.01243
2.89547
4.88463
3.6141
4.17115
3.74459
3.26228
3.20577
3.79045
3.85965
2.7377
4.00509
4.54981
4.11915
3.19937
3.30193
5.61791
3.43477
5.51422
3.52826
3.02145
3.59111
3.89373
4.12807
4.04325
3.57057
4.80213
4.16404
4.28727
4.73774
4.48571
4.88217
3.59328
4.43426
3.59622
3.5915
3.60193
3.48711
3.06915
3.78369
3.07541
4.54368
3.51201
2.80602
5.99209
4.13492
3.24387
3.71213
5.14504
5.08332
3.6979
3.58158
3.23052
3.49809
3.62987
4.69695
4.03829
3.49016
3.46187
3.90687
4.60629
3.98305
3.5949
4.93746
3.22847
4.4692
3.89241
3.45368
3.73111
3.57625
3.68141
3.61325
3.68703
4.3955
4.18929
3.66077
4.50608
4.07261
4.87734
4.29714
3.41662
4.84234
3.99213
5.12568
3.60635
3.06287
4.35715
2.97597
4.08033
3.29978
4.56067
4.04577
3.29594
4.70297
3.60222
5.30258
4.45836
2.65401
3.34494
4.49458
4.17911
4.26566
4.06043
3.61333
3.50886
5.12758
3.68678
4.59669
4.46546
3.32399
3.10149
4.0008
3.92579
3.43718
4.88603
3.38022
4.26224
3.56337
4.45847
3.36459
4.65704
4.01066
3.85326
3.2526
3.59007
3.51548
4.26526
3.98219
3.52164
3.3714
4.50306
4.38474
4.7975
3.197
3.47113
3.72529
3.93832
4.73478
3.66292
3.70616
3.18647
3.15119
3.71926
4.04895
3.28067
5.29205
3.45809
4.02536
3.75524
3.92019
4.61744
3.30561
4.03397
3.58533
4.73525
3.6466
3.93155
4.62252
4.76323
4.45297
4.27136
3.61709
4.91832
3.46997
4.35386
4.83032
3.97449
3.87481
4.0973
3.51
3.07286
3.22544
4.37316
3.04335
3.03699
4.15101
3.67225
4.3368
3.99404
3.43555
3.54441
3.43516
2.88811
4.0586
3.57367
4.76529
3.50303
3.37662
3.91735
3.25489
3.75545
2.98733
3.55544
5.18286
3.96846
4.29709
3.24567
3.69246
3.69972
3.39211
4.53458
3.78415
4.35542
3.68509
4.38458
4.21452
3.71242
3.98121
3.7225
3.60992
3.88554
4.06311
3.65896
3.7718
3.99921
3.76495
3.96588
3.18667
3.28777
3.79206
3.09426
3.5569
3.92606
3.12479
5.21976
4.09407
3.47345
4.12682
3.86047
3.62888
3.51358
3.55635
4.21975
3.89792
3.93306
4.03826
3.84472
4.86515
4.6374
3.88044
3.1611
4.49752
3.94036
4.0416
2.87877
3.56649
3.79164
4.59438
3.93863
4.08817
3.54063
3.1926
3.96084
4.24102
3.42977
4.15737
3.07316
4.60424
3.27844
4.39572
4.41299
3.65623
3.70774
3.75099
4.64961
3.80119
5.40754
3.96993
3.38022
4.10354
4.09317
3.39014
4.45846
4.12125
3.97967
4.03226
3.95307
3.89267
4.68791
4.08786
4.32259
4.86109
3.67107
6.4502
4.5433
3.9119
3.40924
3.5452
3.87829
5.39271
3.76861
4.10772
3.58245
3.94029
3.39789
3.422
2.97375
4.68447
4.50805
3.85295
4.33731
3.56809
4.2068
3.0554
3.46468
3.35149
3.99238
4.10717
3.84736
3.17201
5.46628
3.38228
4.3943
3.60878
3.32903
4.14644
4.30737
3.38106
4.21384
