3.19452
3.18199
3.3134
3.57014
3.22584
3.43113
3.34371
3.36062
3.27803
3.53364
3.20331
3.34401
3.74621
3.97887
4.33858
3.44554
3.25709
3.55856
4.05616
3.12316
3.21113
3.154
3.53849
3.69963
3.15589
3.54364
3.48995
3.60162
3.6505
3.53451
3.43334
3.98661
3.39934
3.90194
3.53053
3.73674
3.58994
3.27343
3.82104
3.91254
3.19526
3.26114
3.26539
3.30017
3.22181
3.45136
3.39021
3.44603
3.36082
3.55682
3.34425
3.46369
3.24686
3.516
3.54768
3.35323
3.28949
3.10649
3.26065
3.15836
3.21751
3.30323
3.38657
3.27739
3.75198
3.40837
3.56015
4.0645
3.94876
3.10455
3.41798
3.41902
3.21313
3.26125
3.27392
3.43216
3.90981
4.30332
3.09318
3.42678
3.3818
3.1616
3.37063
3.36794
3.49533
3.70401
3.27524
3.36206
3.45847
3.30742
3.62297
3.41143
3.6022
3.60528
3.61446
3.2907
3.30346
3.36652
3.05189
3.4655
3.46873
3.69894
3.20152
3.63299
3.48985
3.78679
3.44447
3.38869
3.58795
3.5724
3.57971
3.4011
3.54807
3.6283
3.43059
3.52993
3.23079
3.38443
3.53767
3.88372
4.16721
3.72394
3.72372
3.42196
3.62937
3.34947
3.19744
3.51406
3.47918
3.31435
3.68227
3.40971
3.43123
3.12585
3.28874
3.3114
3.50482
3.17141
3.55061
3.43278
3.75682
3.53289
3.24499
3.3929
3.38831
3.10189
3.04658
3.16779
3.36297
3.28903
3.8848
3.4621
3.39537
3.30845
3.38377
3.3459
3.32111
3.43531
3.53128
3.53763
3.49789
3.34011
3.7963
3.25394
3.75181
3.2397
3.68871
3.29046
3.39522
3.44734
3.75
3.54343
3.60318
3.38353
3.36046
3.44821
3.4905
3.28913
3.08093
3.52239
3.49121
3.19036
3.45114
3.3427
3.38017
3.40648
3.48067
3.33389
3.56389
3.44699
3.74103
3.14446
3.19129
3.46454
3.53252
3.50339
3.37163
3.41268
3.31012
3.3965
3.53361
3.33155
3.43039
3.18864
3.26715
3.45138
3.36768
3.52979
3.32247
3.03921
3.68209
3.65147
3.406
3.51336
3.42736
3.58401
3.56499
3.62283
3.00302
3.26225
3.56456
3.63938
3.49216
3.02027
3.67685
3.86684
3.65463
3.84853
3.32888
3.22823
3.38887
3.10607
4.06125
3.07095
2.98033
3.41998
3.3201
3.27553
3.44395
3.32408
3.31278
3.51247
3.51412
3.25246
3.68587
3.49557
3.23614
3.28997
3.64747
3.59319
3.99597
3.30569
3.13802
2.97199
3.28724
3.02954
3.39865
3.37198
3.37076
3.37675
3.66501
3.23643
3.39128
3.119
3.47679
3.91591
3.25443
3.23135
3.22153
3.48864
3.17331
3.41006
3.2145
4.03928
3.49494
3.46079
3.43948
3.60774
3.42213
3.64823
3.48405
3.35941
3.31138
3.18317
3.6332
3.12799
3.63206
3.49324
3.35999
3.57141
3.48051
3.36386
3.47724
3.33572
3.41485
3.60877
3.37466
3.15017
3.15391
3.41339
3.72647
3.94878
3.35701
2.94913
3.57373
3.15095
3.11154
3.45304
3.24946
3.26424
3.38283
3.37566
3.48574
3.42334
3.56457
3.36917
3.17925
3.37425
3.47002
3.4781
3.34803
3.3685
3.00599
3.75916
3.71195
3.48239
3.53899
3.43245
3.49564
3.25299
3.46227
3.54113
3.53468
3.4695
3.57575
3.44911
3.4801
3.97736
3.48236
3.67483
3.62168
3.20357
3.02697
3.37563
3.20682
3.53167
3.5413
3.59897
3.01853
3.1932
3.2368
3.40975
3.47942
3.42149
3.59538
3.29005
3.88337
3.53098
3.77253
3.36399
3.72828
3.70554
3.35379
3.31102
3.53605
3.1611
3.30689
3.64408
3.45908
3.21289
3.3253
3.10733
3.55139
3.4448
3.46879
3.55724
3.42931
3.56618
3.35377
3.46601
3.13235
3.25167
3.28787
3.30391
3.12252
3.4486
3.40137
3.34491
3.28302
3.99792
3.07397
3.36167
3.42512
3.59651
3.51123
3.78017
3.13371
3.02495
3.35909
3.51247
3.36059
3.36024
3.24981
3.14748
3.26156
3.46222
3.47202
3.23869
3.60225
3.42505
3.16452
3.47597
3.38791
3.37829
3.44875
3.53678
3.3637
3.2441
3.32624
3.55873
3.01033
3.39722
3.28445
3.42226
3.14821
3.54897
3.48368
3.53902
3.26987
3.05608
3.53741
3.3473
4.62193
3.53374
3.7236
3.21696
3.4174
3.28807
3.29528
3.86575
3.72439
3.62036
3.62913
3.53015
3.23622
3.44978
3.5161
4.0219
3.5702
3.42556
3.33429
3.5351
3.46774
3.62722
3.47202
3.66815
3.38251
3.70579
2.95317
3.54323
3.42465
3.11701
3.76894
3.89373
3.47102
3.24468
3.45586
3.90965
3.58535
3.16302
3.26202
3.49267
3.14542
3.73348
4.06867
3.62787
3.18157
3.56255
3.45316
3.62213
3.6408
3.45178
3.4027
3.6944
3.42137
3.37724
3.35645
3.61875
3.6486
3.51637
3.45437
3.17094
4.08542
3.80592
3.50234
3.50773
3.51069
3.44095
3.36325
3.46677
