3.53159
3.58627
3.43523
3.70157
3.37919
3.51915
3.39224
3.82277
3.84531
4.20116
3.71162
3.55938
3.67569
3.46372
3.81623
3.46985
3.97104
3.5258
3.68027
3.68768
3.6419
3.61998
3.54832
3.79422
3.94979
3.12331
3.439
3.36235
4.17179
3.59225
3.24648
3.81964
3.52172
3.78323
3.60263
3.37318
3.30267
3.65259
4.09743
3.65197
3.22294
3.58386
3.5392
3.31451
3.46312
3.63015
3.34284
3.69163
3.87157
4.06436
3.53157
3.60163
3.97571
3.50288
3.49256
4.38669
3.96313
3.66413
3.39223
4.00243
3.35882
3.60008
3.76462
4.49251
3.65203
3.82878
3.91879
3.59391
3.37315
3.68344
3.53243
3.70365
3.59914
4.18429
3.58051
3.40118
3.89551
3.86763
3.30399
3.18748
3.59523
4.16679
3.58034
3.84846
3.58871
3.54858
3.80397
3.85846
3.78489
3.75707
3.54057
3.67468
3.67589
3.89818
3.72235
3.86906
3.40697
3.86686
3.71269
3.66915
3.3759
3.97656
3.6534
3.71544
3.77971
3.36502
3.64477
3.41781
3.61334
3.67076
3.72213
3.54806
3.87174
3.66421
3.64871
3.70658
4.00695
3.81998
3.33439
3.93177
3.58768
3.9341
3.70728
4.07833
3.90203
3.5073
4.37243
3.14011
4.22309
3.7014
3.76143
3.84486
3.75137
3.47073
3.78763
3.57264
3.81301
3.82441
3.82034
3.6322
3.80369
3.82495
3.7413
3.97612
3.85338
3.81487
3.52931
3.80909
3.66673
4.31583
3.60464
3.2682
3.9406
3.85796
4.09201
3.72644
3.8785
3.88201
3.71639
4.03266
3.81333
3.45798
3.55804
3.48471
3.81493
3.9322
5.01242
4.03278
3.75366
3.68635
3.77847
4.01776
3.44751
3.58388
3.60622
3.48995
3.51833
3.85639
3.60407
4.32529
3.57453
3.47612
3.82935
3.2727
3.66777
3.77865
3.63284
3.46985
3.62295
3.45413
4.03791
3.65575
4.48269
3.5999
3.69812
3.68771
3.58244
3.62741
4.11332
3.81767
3.35598
3.54649
3.50973
3.88625
3.70805
4.0009
3.56812
4.07999
3.94214
3.6692
3.74401
3.62708
3.52397
3.72321
3.75479
3.75565
3.72138
3.79149
3.57696
4.0796
3.88718
3.86122
3.58577
3.62711
3.80015
3.28044
3.70231
4.19822
3.28383
4.61533
4.01289
3.86296
3.29555
3.40566
3.76401
3.70803
3.25857
3.32706
3.42279
3.58961
3.25331
3.79243
3.80048
3.72423
3.56139
5.36605
3.50587
3.80325
3.64031
3.20801
3.34339
4.07997
3.47689
3.64355
3.89143
3.7608
3.21457
3.77302
3.67342
3.65286
3.3184
3.41328
3.50198
3.83983
3.73681
4.07628
3.72077
3.75339
3.59754
3.52276
4.44225
3.33926
3.637
3.75678
3.84548
3.48318
4.07222
3.65619
3.55445
3.65434
4.47229
3.54289
3.74252
3.8155
3.93453
3.73873
4.00791
4.02461
3.77583
4.69468
3.54956
3.54296
3.64516
3.9833
3.36203
3.85821
3.41245
3.19272
3.56479
3.78157
4.1432
4.45291
3.75913
3.58777
3.89534
3.25513
3.77789
3.58971
4.24516
3.63494
4.03775
3.7436
3.69331
3.50614
3.86918
3.50993
3.73974
3.61805
4.2848
3.31924
3.70223
3.98691
3.8726
3.61874
3.78695
3.58613
3.80453
3.90952
3.77636
3.30738
3.73642
4.31719
3.22391
3.72586
3.66727
3.20044
3.55681
3.5317
3.89795
4.04659
3.5497
3.54966
3.53417
3.60094
3.52276
3.78313
3.42835
3.35916
3.84863
3.51764
3.61882
3.63512
3.92177
3.59529
3.73207
3.75206
3.73836
3.68307
3.58101
3.55894
3.36011
3.41957
3.39172
3.99319
3.69768
3.99365
3.94936
3.72651
3.68498
3.84039
3.60185
4.40645
3.583
3.51799
3.3442
3.54078
3.66235
3.54474
3.31474
3.74781
3.89545
4.15121
3.47832
4.31571
3.82459
3.59113
3.96375
3.58077
3.6191
3.34046
3.68635
3.9922
3.58843
3.75679
3.49069
3.73299
3.84253
3.85209
3.05895
3.05275
3.70649
3.51954
3.09519
3.38982
3.84579
3.95829
4.05338
3.98582
3.62233
3.67113
3.64089
3.68761
3.57826
4.02761
3.33823
3.61125
3.52929
3.84498
3.53281
3.59441
3.54437
3.77038
3.86576
3.30024
3.85585
3.55611
3.47001
3.44465
3.42772
3.6934
3.35903
4.00294
4.15932
3.77251
3.6233
4.37005
3.48347
3.91367
3.54496
3.45488
3.59584
3.5103
3.52347
3.86492
3.77406
3.35006
3.32935
3.48322
3.50179
3.67328
3.96318
3.89367
3.74857
3.75651
3.48178
3.95634
3.77211
3.92078
3.42932
4.36178
3.77668
3.90147
3.20951
3.83694
3.43364
3.82424
3.50475
3.51351
4.01005
3.76648
3.26782
4.22168
3.80796
3.5861
3.37017
3.37539
3.24022
3.57342
3.53113
3.9536
3.48459
3.50406
3.23398
3.56097
3.6266
3.61551
3.93791
3.44409
3.49267
3.94937
3.48897
3.60499
3.4772
3.57023
3.87533
3.58418
4.1556
3.71287
3.41723
3.63121
