6.0007
6.02361
5.89742
6.52987
6.55882
6.86478
6.15648
6.27739
6.11658
6.61494
6.20565
6.76113
7.0007
7.70956
7.68639
6.52131
6.5724
6.71208
7.61592
6.06481
6.06061
6.3526
6.5573
6.74916
6.19398
6.58412
6.84128
6.41008
6.67428
6.41405
6.70118
7.30045
6.99163
8.1248
7.19748
7.3085
6.62497
6.05904
6.87786
7.0578
5.98092
6.50667
6.13464
6.8265
6.10797
6.47627
5.98007
6.42982
6.59808
6.58546
6.01986
6.23158
6.5314
6.23908
6.19951
6.07659
6.53137
5.81248
6.52879
6.25658
6.06309
6.4457
6.47294
6.23937
7.2516
6.8725
6.23806
7.79517
7.11014
5.69291
6.84151
6.77338
5.94133
6.15221
6.20521
6.28306
7.24283
7.44356
6.27466
7.59513
6.21572
5.74349
6.11926
6.44454
6.07552
6.35467
6.71285
6.62458
6.50153
6.72369
6.1703
6.1459
6.77246
7.55625
6.96039
6.88714
6.34247
6.20588
5.78777
6.96031
6.6631
6.98048
6.00751
7.49918
6.44474
6.80824
6.50097
6.08
6.6777
6.67356
6.33709
6.42977
6.7454
6.61175
6.53042
6.65178
7.84211
6.42902
6.22041
7.71953
7.41066
6.89696
6.67503
6.18802
6.7107
7.48668
5.81036
6.91878
6.27203
6.13317
6.88695
6.42996
6.28353
6.66327
6.51804
6.86394
6.27299
6.05991
7.67769
6.36513
6.65265
6.37353
6.32292
6.39919
6.65443
6.79759
5.7616
6.30964
6.36263
6.35287
7.58854
6.44604
6.50337
6.2055
5.98205
6.29014
6.09978
6.72603
6.46074
6.94141
6.88658
6.27187
7.12591
6.10963
7.5489
6.1376
7.53527
6.18124
6.67575
8.04133
7.55519
6.58668
6.47377
6.51629
6.66255
6.62737
6.41563
7.2355
5.56086
6.23984
6.54809
6.28953
6.2732
6.41576
6.28066
6.0203
6.55846
5.99138
6.32311
7.03018
6.86428
5.87603
6.70232
6.37022
7.39485
6.33815
6.19561
6.38493
6.04139
6.18733
6.44496
5.98474
6.22351
6.27291
5.93789
6.02863
6.95952
6.24319
6.32235
6.11628
6.71512
6.45998
6.40944
6.80774
6.16386
7.29953
6.30708
7.07076
6.06109
6.04008
6.4926
7.05938
6.28926
5.52132
7.28486
7.41265
6.58704
7.324
6.23941
6.38495
6.54675
6.35422
7.19825
5.57435
5.80822
6.35394
5.99996
6.35498
6.80946
6.54472
6.46021
6.18922
6.72736
6.27295
7.35762
6.55751
6.04118
6.09702
6.58204
7.38828
7.18297
6.67554
5.53404
5.96319
6.02177
5.78464
6.27615
6.84275
6.69954
6.3697
6.71372
6.04108
6.57457
6.32256
6.48836
7.42023
6.22193
5.85606
5.79018
7.04133
5.73757
7.63618
5.89685
8.78687
7.39511
6.4295
6.57303
7.18959
7.15082
6.95002
6.66467
6.41578
6.75376
6.28451
6.62457
6.02493
7.30039
6.20587
6.17354
6.51553
7.12087
6.5435
6.09712
6.33942
6.55913
6.60924
6.40117
6.41156
5.87508
6.47073
6.70528
6.77656
6.17032
5.81085
6.33792
6.24008
6.06208
6.18697
6.25849
6.239
6.22309
6.33765
6.65122
6.48695
6.65625
7.07955
6.35323
6.40195
6.51544
6.35321
6.67936
6.95912
5.98055
10.17
7.49931
6.88643
6.21203
6.50824
7.02306
6.34443
6.40285
6.46102
6.10867
6.87448
6.77277
6.62733
6.64978
7.11729
6.63799
6.86441
7.01115
6.04212
6.2588
7.245
6.08078
6.99015
7.45595
7.59546
5.5492
6.45937
6.1044
5.99364
6.3935
6.62538
6.43033
6.47405
7.44802
6.97322
6.88033
6.13273
6.79845
6.50598
6.62825
6.79717
6.15318
6.09753
6.04109
6.79722
6.16964
6.13365
7.46078
5.78633
6.67871
6.0964
6.76278
7.43419
6.59861
6.55896
6.42952
6.74814
5.8737
6.18661
6.26271
6.25695
5.98243
6.5509
6.32165
6.17499
6.02355
9.13149
5.60145
6.22307
6.04874
6.701
7.03103
6.80795
6.18075
5.74338
6.6627
6.21872
5.9923
6.53275
6.85413
6.47488
6.02609
6.96005
6.84355
6.18981
6.67543
6.86468
6.09786
6.32113
5.96442
6.27479
6.72502
6.32207
6.27185
6.16309
6.04762
6.79586
6.15303
6.11764
6.38472
6.37342
6.22131
6.5023
6.45043
6.81848
6.04385
5.71491
6.86513
6.51583
9.85261
6.62328
7.31755
5.98223
6.36821
6.15693
6.0595
6.96972
6.57497
6.80893
6.92988
6.47324
6.20598
6.74963
6.23786
6.93314
6.88664
6.20569
6.35699
6.76709
6.27826
6.58895
6.87618
6.9716
6.82954
7.29026
5.42237
6.5989
6.44486
5.91921
6.79741
7.43586
6.83057
6.32191
7.02152
6.75233
6.5625
5.76215
6.07858
6.09655
6.08621
7.40992
7.14371
6.30568
6.21487
6.41536
6.24013
7.62347
6.61048
7.60311
6.94866
6.74838
6.89682
6.47954
6.27315
6.30484
6.35551
6.76957
6.10299
6.96045
7.36438
6.46678
6.71355
6.42952
6.34547
6.84336
6.18816
6.33938
