2.61429
2.63116
2.39739
2.73272
2.58681
2.55182
2.92622
2.39043
2.58227
3.09181
2.72678
2.85419
2.64729
2.31395
2.77874
2.55713
2.68003
2.31139
2.37568
2.4392
2.40177
2.63813
2.3948
2.55882
2.74057
2.49306
2.94907
2.48564
3.08487
2.927
2.32436
2.98221
2.92315
2.6381
2.90219
2.60133
2.56026
2.52153
2.67307
2.66201
2.64732
2.5741
2.20066
2.61905
2.24922
2.73591
2.67895
2.74022
2.66713
3.01567
2.6845
2.76719
2.38989
2.69944
2.98422
2.60372
2.51292
2.41499
2.77849
2.72519
2.6065
2.64791
2.55734
3.15389
2.64526
2.81367
2.67914
2.6815
2.72699
2.72688
2.56489
2.59644
2.40323
2.79861
2.41763
2.48756
2.71424
2.41235
3.01528
2.42328
2.54153
2.56866
2.84636
2.7463
2.57332
2.67125
2.61711
2.68146
2.8492
2.52645
2.4204
2.77176
2.67761
2.95206
2.57546
2.51931
2.68323
2.59252
2.65095
2.6475
2.41732
2.93274
2.75574
2.71286
2.36562
2.72636
2.90755
2.36475
2.90623
2.65105
2.61226
2.49655
2.70531
2.7515
2.51061
2.64953
2.54974
2.38288
3.50074
2.60609
2.94586
2.51106
2.81279
2.43474
3.03782
2.90948
3.19133
2.97796
2.91881
2.37739
2.53729
2.89107
2.73689
2.93812
2.50389
2.57905
2.62804
2.5873
2.91162
2.48898
2.38864
2.58006
2.58866
2.6488
2.87289
2.42097
2.72215
2.7441
2.47788
2.66072
2.5091
2.62685
2.59404
2.84787
2.88212
2.36785
2.54722
2.39373
2.62324
2.63839
2.34342
2.88294
2.63046
2.48025
2.41835
2.34877
2.67039
2.7727
2.44641
2.64701
2.99062
2.37995
2.36408
2.68171
2.64871
2.75242
2.73455
2.63125
2.52509
2.58724
2.77143
3.1586
2.56394
2.42487
2.60297
3.16419
2.87059
2.8584
2.44858
2.74082
2.79152
2.63737
2.5937
2.62138
2.59611
2.5839
2.39979
2.33156
2.74013
2.39242
2.47846
2.79329
2.57619
2.57507
2.82658
2.51304
2.67822
2.52238
2.74467
2.47354
2.70244
2.66051
2.63556
2.46536
3.04482
3.04501
2.47865
2.68389
2.06413
2.72263
2.55187
2.68444
2.36206
2.53401
2.62647
2.77717
2.68225
2.55881
2.64415
2.98159
2.80074
2.37653
2.64156
2.43548
2.70514
2.53664
2.7942
2.57987
2.54119
2.413
2.6525
3.25556
2.38375
2.43046
2.85864
2.50834
2.72613
2.73707
2.5837
2.59266
2.69763
2.46671
2.46045
2.77988
2.50798
2.95063
2.80318
2.71624
2.44236
2.67434
2.86746
2.66148
2.63229
3.10983
2.6924
2.68834
2.43191
2.74346
2.57005
2.47389
2.74599
2.61213
2.76824
2.6149
2.50613
3.10578
2.57203
2.7249
2.23572
2.41403
2.48926
3.06272
2.29185
2.5115
3.18488
2.66927
2.7181
2.47027
2.53614
2.45882
2.75677
2.4722
2.98799
2.78232
2.67899
2.44746
2.61993
2.68623
2.96832
2.25843
2.58649
2.7462
2.51133
2.39182
2.69299
2.6621
2.77903
2.82205
2.59992
2.96691
2.68911
2.80135
3.00183
2.86528
2.95972
2.50793
2.68167
2.48459
2.46891
2.52276
2.79102
2.49314
2.66307
2.5996
2.58901
2.31615
2.79402
2.67893
2.67553
2.64144
2.64645
2.78131
2.88853
2.31753
2.77355
2.63921
2.61958
2.56867
2.22204
2.24431
2.75316
2.54438
2.53348
2.69661
2.61939
2.80668
2.58895
2.56707
2.4531
2.53914
2.5319
2.85315
2.77119
2.56685
2.75042
2.63829
2.57755
2.66365
2.79673
2.42441
2.69633
3.1432
2.68506
2.51148
2.88654
2.97864
2.53652
2.41777
2.54856
2.92059
2.44021
2.59958
2.7401
2.97109
2.65262
2.46006
2.39419
2.71159
2.8524
2.48282
2.6157
2.90088
2.36709
2.73544
2.5265
2.60836
2.59953
2.43851
2.57537
3.05933
2.38441
2.50488
2.99467
2.31862
2.58775
2.61444
2.77545
2.45792
2.56428
2.83979
2.51231
2.6216
2.82983
2.7273
2.56796
2.34832
2.74806
2.34589
2.56399
2.32399
2.92536
2.82253
2.55354
2.77018
2.71814
2.72523
2.55732
2.49334
2.75897
2.73414
2.79435
2.62366
3.18659
2.74527
2.77206
2.83121
2.72891
2.76861
2.47958
2.33537
2.26872
2.77692
2.71897
2.59465
2.50912
2.74387
2.57042
2.57682
2.63276
3.18683
2.6331
2.59111
2.87082
2.57694
2.51252
2.66227
2.73864
2.81793
2.8247
2.47982
2.62746
2.60419
2.62791
2.53465
2.63243
2.77517
2.67749
2.39239
3.00382
2.78347
2.44553
2.47355
2.97358
2.73357
2.45536
2.72434
2.83738
2.62992
2.83762
2.48708
2.66172
2.33214
2.80064
2.88421
2.47757
2.68211
2.65175
2.49636
2.70298
2.71748
2.33952
2.73636
2.74948
2.63876
2.93853
2.96024
3.14701
2.60442
2.54336
2.96985
2.33642
2.50172
2.88381
2.73735
2.55569
2.50475
2.50747
2.70283
2.63721
2.67265
