3.56137
3.5001
3.10112
3.63864
3.49981
3.2715
3.87811
3.22831
3.47182
4.14723
3.72222
3.80632
3.47274
3.09041
3.72648
3.43301
3.47387
2.99216
3.24145
3.19935
3.14164
3.45253
3.32051
3.39738
3.64986
3.32442
3.77644
3.31387
3.94011
3.87799
3.10313
4.01568
3.90527
3.47429
3.83379
3.44784
3.38997
3.36379
3.39092
3.48793
3.53489
3.28857
2.93359
3.55601
3.14823
3.66248
3.44211
3.73932
3.44979
3.95424
3.60177
3.67599
3.08028
3.60786
4.12261
3.41443
3.37103
3.10105
3.62828
3.53376
3.45411
3.38378
3.45001
4.16715
3.5213
3.82676
3.66783
3.54205
3.77684
3.65617
3.39103
3.60544
3.13374
3.77737
3.28129
3.38773
3.63842
3.43291
4.42325
3.23387
3.31863
3.49088
3.93307
3.64824
3.30685
3.55253
3.56616
3.63577
3.80395
3.34213
3.2447
3.69012
3.51773
3.95875
3.41537
3.35552
3.62427
3.5599
3.44962
3.50675
3.1594
4.02474
3.75825
3.67839
3.1557
3.57078
3.85247
3.21725
3.94959
3.54308
3.51798
3.27739
3.57672
3.56548
3.33652
3.54229
3.3322
3.14337
4.57834
3.44627
4.05576
3.26843
3.66995
3.22501
4.14798
3.7731
4.06464
3.84032
3.84951
3.20247
3.37448
3.95817
3.5152
3.80056
3.47304
3.43418
3.74191
3.39555
3.7281
3.21853
3.16465
3.35534
3.45584
3.59546
3.71357
3.37612
3.59048
3.59987
3.27004
3.51882
3.35145
3.47716
3.39657
3.71601
3.83123
3.17556
3.28875
3.19022
3.34947
3.75645
3.06747
3.92031
3.55573
3.27773
3.14101
3.01344
3.49358
3.65405
3.29086
3.51954
3.99255
3.13357
3.12927
3.69563
3.60166
3.59583
3.69063
3.46699
3.44983
3.50113
3.62579
4.27075
3.43243
3.26804
3.53363
4.4256
3.90238
4.02578
3.25771
3.62236
3.67575
3.43555
3.4475
3.52265
3.93846
3.36408
3.33393
3.18103
3.60965
3.36081
3.19389
3.83454
3.41524
3.36898
3.66183
3.50375
3.39481
3.35217
3.58215
3.35784
3.48997
3.4078
3.44062
3.25894
3.93979
4.28883
3.37826
3.42348
2.7356
3.54737
3.2805
3.61078
3.16641
3.46289
3.56646
3.91449
3.59588
3.36956
3.53427
3.887
3.64774
3.13452
3.48222
3.13786
3.73738
3.52173
3.60221
3.46112
3.31017
3.1522
3.83654
4.37651
3.19552
3.23793
3.83084
3.38539
3.6212
3.61953
3.63307
3.42297
3.51728
3.17735
3.27771
3.77721
3.31904
3.87659
3.6397
3.63659
3.46328
3.41443
3.73598
3.46674
3.4505
4.27307
3.61761
3.67322
3.16033
3.61651
3.44923
3.27629
3.73774
3.49413
3.68866
3.42088
3.34912
4.23366
3.34702
3.60142
2.98724
3.2497
3.28726
3.95399
2.99866
3.3799
4.16343
3.55067
3.59397
3.25343
3.32104
3.22521
3.62777
3.27938
3.78238
3.65978
3.4985
3.20914
3.41709
3.69689
3.96609
2.95848
3.45368
4.054
3.30479
3.21993
3.54915
3.6009
3.95299
3.82212
3.42996
3.9227
3.61081
3.91625
3.92839
3.80772
3.76042
3.44917
3.73888
3.40756
3.25818
3.45646
3.59126
3.27183
3.53332
3.3998
3.30493
3.05272
3.66304
3.37988
3.5895
3.63085
3.51709
3.69781
3.78335
3.04354
3.5733
3.48602
3.46516
3.41598
2.98261
3.00603
3.67706
3.83939
3.32615
3.53688
3.42197
3.74134
3.40096
3.53124
3.18248
3.3984
3.3791
3.91798
3.69769
3.39134
3.5478
3.54514
3.37992
3.46348
4.1538
3.2959
3.64308
4.11751
3.65565
3.30905
3.81025
3.86326
3.36063
3.33048
3.45852
4.12042
3.207
3.4814
3.55399
3.88308
3.69008
3.18444
3.17041
3.67854
3.76491
3.22207
3.41165
3.74846
3.161
3.70337
3.2745
3.35424
3.52605
3.35892
3.52432
4.0226
3.16329
3.27999
4.17696
2.98495
3.43131
3.35555
3.611
3.24947
3.35389
3.74749
3.31348
3.463
3.77135
3.56357
3.44039
3.12812
3.57021
3.10911
3.60202
3.04293
3.81232
3.6689
3.50541
3.62192
3.53161
3.53142
3.40512
3.29517
3.64998
3.60155
4.0597
3.56073
4.03742
3.55445
3.63377
3.72483
3.54785
3.85402
3.4931
3.18856
3.04042
3.61155
3.56345
3.34676
3.41406
3.55816
3.35058
3.446
3.49487
4.19246
3.45843
3.39223
3.79053
3.43829
3.25426
3.56726
3.72732
3.75351
3.64173
3.28439
3.60707
3.55514
3.40149
3.3423
3.76744
3.73318
3.53227
3.20601
3.96248
3.58194
3.1943
3.35453
3.90563
3.72141
3.26926
3.63941
3.8239
3.53978
3.95155
3.21932
3.47767
3.0823
3.62832
3.74224
3.16915
3.64921
3.56594
3.40813
3.49628
3.57794
3.11951
3.62992
3.61041
3.4241
3.96233
3.8718
4.17003
3.48311
3.42221
3.9326
3.16123
3.20111
4.07311
3.6379
3.49989
3.2581
3.4559
3.51321
3.42428
3.65171
