2.36811
2.74643
2.23122
2.12908
2.19659
1.97552
2.39746
2.4061
2.81628
2.77947
2.48373
1.97799
2.08419
2.72987
2.42686
2.36398
2.25721
2.3535
2.90042
2.56194
2.99619
2.00404
2.55459
2.23434
2.23448
3.35005
2.82956
2.8956
1.85792
1.67395
2.74259
2.32304
2.3364
2.7489
2.61641
2.8254
2.81036
2.56505
2.69245
2.31805
2.61408
2.71234
2.12108
2.48679
2.06114
2.45364
2.35037
2.04702
2.16308
2.61452
2.89184
2.8278
1.81319
2.31787
3.16676
2.03929
2.35256
1.89263
2.42689
2.46745
2.68465
2.08759
1.70941
2.18829
3.05519
1.3609
3.4468
2.85987
2.66048
2.05826
2.30781
1.91883
2.23747
2.75108
2.27733
2.26762
2.56058
2.75199
2.00519
2.35725
2.01155
2.15505
2.14062
2.44376
2.15997
2.22718
2.56928
2.46555
2.0965
2.6971
2.36853
2.91339
2.72186
2.391
2.40992
2.30185
2.57731
2.65227
2.25804
1.93449
2.34054
2.33402
2.55994
2.61935
2.44101
2.57405
3.03217
2.50219
2.46631
2.72976
2.44446
2.32777
2.39622
2.1584
2.58854
1.9687
2.12472
2.32955
2.26185
2.78336
2.52799
2.68419
2.1553
2.09611
2.23314
2.22077
2.21179
1.79822
2.27842
2.01506
2.76288
2.61295
2.22907
2.88034
2.10967
2.43725
2.84223
2.70446
2.70763
2.66781
1.82563
1.87759
2.69099
2.17083
1.93883
2.85515
2.14127
2.01714
2.36416
2.87926
1.77464
1.78874
2.32093
2.77673
2.52797
2.143
2.54467
2.49312
2.00459
2.15678
1.88762
2.2242
2.2301
2.18105
2.18563
2.86151
3.23017
2.38675
1.94032
3.14732
3.36766
2.61875
2.87611
2.1504
2.4522
2.47199
1.90268
2.54372
2.36995
2.59122
1.92721
2.71483
1.867
2.55141
2.23121
2.78268
2.40914
2.04021
2.08268
2.25283
2.54294
1.45164
2.66099
2.72137
2.7577
2.14737
2.11754
3.02273
2.31707
3.06154
2.06115
2.02097
2.30267
2.5642
2.36333
2.55401
2.09131
2.42418
2.33708
2.53051
2.577
2.68089
2.10047
2.13153
2.81819
2.35401
2.0666
2.27374
2.08569
1.88314
2.04733
1.9798
2.92851
2.33572
1.84451
3.29752
2.6643
2.01944
2.38719
2.9616
2.73554
2.36016
2.26852
1.98715
2.19578
2.22379
2.46313
2.61564
2.22792
2.05178
2.58168
2.64486
2.36175
2.35393
2.81027
2.08186
2.76243
2.51545
2.07238
2.45778
2.32788
2.43292
2.47595
2.30321
2.70751
2.6879
2.31056
2.74309
2.61257
2.77527
2.64302
2.25652
2.79664
2.45679
3.38225
2.11129
2.00789
2.53677
1.8482
2.18841
2.14033
2.78804
2.51827
2.11873
3.03887
2.35619
3.32559
2.35845
1.59823
1.96687
2.84231
2.95405
2.56772
2.37041
1.9934
2.26199
2.59802
2.29922
3.07786
2.89822
2.09665
1.98126
2.74566
2.55606
2.22851
2.58597
2.19149
2.64176
2.35305
2.73096
2.1754
3.00274
2.50481
2.50353
2.00026
2.17327
2.26447
2.6827
2.5127
2.28734
2.03898
2.41251
2.617
2.79102
1.98627
2.27887
2.03992
2.65151
2.85407
2.21567
2.24547
2.08802
1.97616
2.49297
2.68407
2.09297
2.64086
2.14591
2.46867
2.32058
2.54573
2.94441
2.06156
2.56255
2.35886
3.03189
2.28653
2.5085
2.93624
2.91932
2.56278
2.4654
2.31836
3.20394
2.21832
2.48519
2.59503
2.34298
2.1869
2.42113
2.09031
1.96673
2.11191
2.70279
1.75695
1.97375
2.41696
2.25125
2.66291
2.34648
2.05705
2.1596
2.15141
1.846
2.5361
1.96904
3.17944
2.36653
2.16814
2.33215
2.06805
2.32933
1.95008
2.15527
2.86848
2.30403
2.79881
2.13603
2.19115
2.27732
2.03173
2.72558
2.26382
2.62606
2.10307
2.46962
2.58394
2.46227
2.25562
2.39855
2.2464
2.47585
2.49772
2.15341
2.36493
2.42386
2.48156
2.44137
2.03677
2.08997
2.25534
1.87981
2.32442
2.60748
2.03438
3.23176
2.73221
2.15744
2.66307
1.94562
2.44159
2.29431
2.1863
2.73904
2.4729
2.41601
2.44623
2.27182
2.85869
2.62015
2.6132
2.01968
2.77166
2.30532
2.64631
1.94682
2.28714
2.57897
2.73812
2.41118
2.49298
2.14693
2.07602
2.53646
2.63663
2.14464
2.27387
1.94497
2.65639
2.06822
2.79262
2.8525
2.31443
2.31669
2.31943
2.38218
2.38005
3.10945
2.38118
2.09
2.60657
2.26109
2.14639
2.71768
2.60855
2.58215
2.52263
2.66097
2.46017
2.61312
2.65699
2.66385
3.13684
2.52844
2.90195
2.88669
2.38418
2.21381
2.30271
2.2371
2.42879
2.27821
2.71037
2.21806
2.53821
2.07181
2.13424
1.85031
2.82307
2.77921
2.49131
2.63987
2.12793
2.3016
2.01572
2.21148
2.12976
2.57514
2.65205
2.43835
1.96254
2.90788
2.16388
2.73792
2.33816
2.08983
2.70436
2.77839
2.13118
2.62447
