7.00219
6.424
6.98093
6.55042
6.24126
6.42159
6.96069
7.42286
8.31832
7.2391
7.36725
5.45625
6.20892
6.16131
7.30461
7.63994
5.95386
6.13738
8.43881
7.76342
5.87708
7.16337
6.64687
7.08071
5.56968
8.79394
7.11286
6.09091
6.80948
6.42612
7.21015
6.42326
7.27923
7.20017
7.10889
6.32281
6.46678
6.67075
7.68835
6.97944
7.74352
7.11755
7.03077
6.53749
6.26713
8.33473
6.27192
7.06464
7.2854
6.92644
8.34922
7.06359
6.97957
7.32708
6.48384
6.96282
6.48319
6.50926
6.24648
6.21504
7.33781
8.39075
7.36756
5.49785
8.86993
7.2434
7.66799
7.38129
8.7816
6.39896
9.83725
7.03188
5.60964
7.50284
5.98844
6.76263
7.39216
7.56164
6.13402
7.06306
7.68086
5.78899
7.80137
6.32951
7.21051
6.85567
6.1171
9.88195
7.2
7.35196
7.61396
7.23566
6.88816
10.0319
7.98717
6.44586
7.01806
6.90877
6.29738
5.90867
6.90062
8.15523
6.15889
6.90881
6.36403
7.44082
7.01554
7.26853
7.44741
6.32329
6.74909
8.05032
6.42963
7.91099
5.88209
6.05277
6.89976
6.52131
6.9495
7.5055
7.23617
6.71077
6.09428
7.86081
6.97361
7.44933
5.83421
6.99211
6.76108
6.64586
6.59468
8.32261
6.8507
6.08404
8.24854
6.61981
6.8869
7.07031
6.73237
6.96899
6.66313
6.19976
6.73578
7.01983
6.98518
7.74574
7.21951
6.4047
8.27999
7.2625
6.36128
6.68007
8.14049
8.58509
6.79237
7.54665
6.48136
6.75761
6.53848
6.92899
6.22799
6.11613
7.53221
7.20103
6.54398
7.24253
7.12084
6.88518
7.86258
6.70926
7.45855
7.16622
6.0841
7.947
7.59725
6.84219
6.20525
9.61111
6.33959
7.8027
6.56733
6.55317
8.2866
6.8949
6.96079
6.64358
7.12715
6.57791
8.10898
6.98201
7.5465
6.59034
6.43919
6.91804
6.25098
7.41601
6.64519
7.24251
7.02051
7.14229
7.54742
6.24074
6.83328
7.76545
6.50727
6.02495
7.07878
7.11616
9.1625
7.8156
7.0449
7.43278
7.0191
6.26046
6.97214
7.24243
6.8025
8.41007
6.53566
7.83875
6.02334
6.83317
6.6437
7.5598
6.708
7.27193
7.31009
6.31406
7.33687
6.9901
7.08589
6.6202
6.91919
5.8108
6.54913
7.42881
6.52316
6.17589
6.12095
6.74932
6.38867
7.22047
6.60809
6.11538
8.03156
7.97829
8.24176
7.88161
6.40504
7.85084
7.90784
6.52426
7.14787
7.3419
7.3188
7.54669
6.08628
6.81456
7.31149
7.24824
5.59384
6.52319
8.07565
7.21793
6.20824
6.77012
6.93851
7.21984
7.48565
7.32822
7.31104
7.61935
6.52382
5.58441
7.31028
6.56964
7.39946
6.46626
7.1832
6.33001
5.7356
7.38713
6.59005
6.34139
7.84746
7.27048
7.69683
8.27454
6.73501
6.71994
6.63573
6.17169
6.6978
6.23315
6.47573
6.17093
7.17259
7.11033
inf
7.68031
7.14946
7.19946
6.84362
6.19583
6.56873
6.47277
6.90387
7.06249
5.71705
7.58845
7.18219
6.24679
6.4977
6.32702
6.9258
7.97293
6.68593
7.54085
7.46036
6.99795
6.13986
8.33927
6.73506
7.33842
9.88046
7.457
7.41666
6.92047
6.41117
7.12003
6.03037
8.82991
6.53493
6.20047
6.46857
7.46154
6.04219
7.58041
6.7561
6.36008
8.46983
6.85018
6.56479
6.36473
9.27798
7.3941
6.91574
7.16615
6.77398
7.01756
6.32813
6.90891
6.26466
6.92099
7.17267
6.10494
7.94258
6.9536
6.2087
6.90688
6.06164
7.76811
6.94787
6.45474
7.65345
6.50792
6.33029
6.56583
6.77147
6.51107
6.81764
7.27242
6.21412
8.19802
6.08519
6.3108
8.05877
6.17558
7.33796
7.19101
6.59413
7.04179
6.39764
6.41942
7.88588
7.45917
7.07359
8.09706
6.52464
7.17841
6.37164
6.24023
8.44013
7.1765
7.92365
6.42649
7.73828
8.35248
5.98065
6.75665
7.80293
6.93562
6.54109
6.85088
6.27658
6.23031
7.28535
7.21903
6.84156
6.4203
7.61846
6.56583
7.16676
6.65937
7.84276
6.36019
6.63535
6.69672
7.68076
7.62306
6.79659
6.53473
7.25979
6.80241
6.2601
6.49706
8.58191
7.19385
8.83858
5.98337
9.19938
7.12809
7.40974
6.97913
6.54328
7.09178
6.40456
6.66072
7.76406
6.93988
8.85878
6.5544
7.51836
6.53468
7.16252
7.12685
6.76134
7.03213
6.6758
7.88093
7.0815
6.96978
7.59868
6.64718
6.50778
6.5249
7.8402
5.9813
6.19149
6.61601
8.42826
6.73884
7.2351
6.37284
7.7644
6.32683
6.53918
7.52022
6.42265
7.51838
6.35973
7.12725
inf
6.8665
7.49727
7.4406
9.86714
6.6052
6.79415
8.95214
7.52084
6.20854
7.33831
6.91193
6.81651
7.64641
7.45888
6.45046
7.1652
8.83801
6.68157
6.06548
7.39628
8.0685
7.79307
8.23149
6.05859
6.62093
6.75771
6.67132
