3.06562
1.73097
2.68399
3.8958
2.02093
2.92436
3.56156
3.43368
3.3571
2.88247
3.48197
1.94735
2.95628
2.6883
2.47652
3.73704
2.67501
2.6443
2.13905
3.24079
3.09537
2.77698
3.54615
3.15544
3.79143
2.69204
2.59647
3.3492
3.86277
3.32572
2.62208
3.83856
1.9586
1.59865
3.3777
3.82261
3.02068
2.438
1.89025
2.82783
3.03956
2.30197
3.57894
2.38397
2.18045
3.49826
2.94426
2.99721
3.28001
3.1546
2.95097
3.05154
3.09388
2.69082
2.9666
3.66177
3.72856
2.04976
2.83627
3.38595
3.80296
2.4913
4.42268
3.30622
3.24186
3.60078
3.35236
3.42225
3.31947
3.1027
3.09015
3.3153
2.23797
3.24053
2.21367
2.34085
2.17068
1.85669
1.9221
3.16443
4.2958
3.15402
1.95065
4.10913
2.53336
4.00299
2.76663
2.51682
3.67354
1.83419
3.31448
2.6354
2.18645
2.98698
3.45549
4.6306
2.71586
4.28499
3.37629
3.71968
3.08777
2.79113
3.3442
2.19967
3.07485
2.94789
3.50896
2.46407
4.12755
2.44736
2.60784
2.37437
2.82282
2.07992
2.20432
3.60157
2.87359
2.74833
3.54906
3.07573
3.20061
3.52572
2.89012
2.91158
3.22496
1.53926
2.7634
2.55885
2.9822
2.7225
3.72277
3.35783
2.52242
2.42573
3.73915
3.90599
3.1094
3.05258
2.34452
3.00726
2.89393
1.97775
2.88357
2.37122
3.5407
2.87307
3.73218
3.57727
3.28577
2.85418
1.87432
3.47019
3.14999
3.0882
3.24234
1.97009
2.20667
3.74764
2.99304
2.92188
2.59569
4.18095
4.44964
3.24644
2.34757
2.80071
3.21662
3.62884
2.45089
2.54255
5.08613
2.05177
2.30653
2.97678
3.05923
2.21197
2.68805
3.70872
4.02856
2.64844
2.8041
2.99303
2.02554
3.40889
3.52744
2.00418
2.00557
2.16256
2.42778
2.80559
3.13003
3.3145
2.916
2.45138
2.31396
2.63009
4.04751
2.24553
3.53001
2.67742
3.09596
3.83036
4.16716
2.0756
1.56504
3.82872
2.88916
2.02792
2.58853
2.27126
3.51139
2.67971
3.68587
2.69686
2.56403
4.32943
2.02136
3.20707
3.61893
2.32337
3.44111
2.19301
2.08191
2.88412
3.16995
2.16024
4.50593
3.20891
2.63062
3.06467
2.51913
3.27884
2.20079
1.68395
2.14683
3.46633
2.64801
2.24755
3.2974
3.01807
3.84141
3.21966
3.45761
3.24547
2.82642
3.99991
2.95718
2.65224
3.30218
5.00484
4.13528
3.73567
2.5877
2.65419
2.95564
2.45352
2.84275
3.38045
2.34157
1.92359
2.37725
3.42463
2.17612
2.81905
3.11385
2.68749
2.88141
3.79179
2.37204
3.26493
2.57123
3.04007
2.23611
2.48348
2.41705
3.28687
1.96999
2.80616
3.51434
2.28994
3.07225
2.48596
3.02345
3.14367
2.51847
1.86274
2.19847
2.99793
2.67684
3.23978
3.10786
1.89955
1.48583
3.78354
5.2284
2.14361
1.76102
3.71077
3.90339
2.13624
3.20372
2.98699
2.61503
2.24004
4.16338
3.85096
2.93634
3.89604
1.73817
3.28477
3.83788
4.03266
2.53848
2.48547
3.00754
3.01118
4.69588
2.34106
2.60989
2.86488
3.9389
3.05556
1.77165
3.28359
2.16173
2.98646
2.72078
3.46133
3.65657
3.58763
1.62622
2.25952
3.06396
2.88731
4.78997
3.42047
2.30811
3.11313
3.35328
3.55726
2.2554
2.93906
2.3753
3.40037
3.72695
3.34173
2.71019
2.97154
3.43965
3.89611
3.1102
3.11397
3.22167
3.95289
2.93818
3.30439
3.82737
3.01805
3.0091
4.03986
3.23005
3.12657
2.42765
3.11765
4.39109
2.90834
3.30873
2.72909
3.30028
4.1673
2.40555
2.23916
2.61051
3.4399
3.28031
2.14894
3.12732
3.48704
1.9758
2.97556
3.06238
3.0183
3.54049
2.79087
3.52701
3.23423
2.00241
1.98653
2.88352
2.92502
2.8275
3.33712
2.32301
2.75959
1.98393
1.93575
2.13292
2.60727
3.30485
2.56311
3.13124
3.2177
2.83286
3.22539
1.82874
3.44086
1.88109
3.31735
2.6564
1.87578
3.47099
3.42637
3.8284
3.60472
3.72383
3.97904
3.41515
2.49444
4.62649
3.84236
3.05448
2.22267
4.61574
3.6295
3.29203
4.06246
3.89964
2.84971
2.44385
2.9473
2.8217
3.28857
2.86215
2.51765
3.59521
2.61597
3.14884
2.7371
2.62734
3.23159
3.4758
3.07246
2.94703
2.63847
3.53421
2.57977
2.47235
3.28127
2.19423
2.55166
2.10675
3.49044
2.39166
2.88047
4.19632
2.64075
1.68931
3.084
2.10371
2.44699
4.63144
2.99126
1.78729
3.37346
3.42526
2.98786
4.56886
2.41576
2.89747
2.86497
3.14637
1.29873
2.49666
3.05143
3.10939
1.81892
3.26975
3.03495
2.75189
3.63965
1.9008
2.78287
2.48562
3.34098
2.60246
2.50625
4.90615
4.31085
3.04228
3.13601
3.39617
1.91667
2.89651
2.38044
2.95653
3.9798
2.85387
2.00166
2.54928
2.34169
