3.76062
3.57696
4.42617
3.90352
3.67037
3.2253
3.88102
3.99258
4.03847
4.00152
3.54044
3.80348
3.66165
3.89618
3.98939
3.70212
3.2014
3.48536
4.03942
3.79807
4.37426
3.53061
4.56643
4.17785
3.69096
4.02812
4.36841
3.51497
3.75152
3.65729
3.78705
3.88842
3.67354
4.1374
3.72271
3.74129
3.76093
3.853
3.92385
3.61718
4.73747
3.59414
3.4636
3.70861
3.83945
3.74279
4.18095
3.86847
3.54442
3.43093
3.56159
4.04452
3.88628
3.73613
3.75966
3.53378
3.83238
3.87095
3.94892
3.36276
4.30773
3.66203
4.08646
3.70075
4.70436
3.53379
3.95542
3.68392
4.29312
3.47164
3.58784
4.30407
3.29342
3.86706
3.87404
3.73798
3.96655
3.82713
3.54764
4.50071
3.68532
4.13497
3.31173
3.71184
4.32389
3.48342
3.73486
4.67843
3.80898
4.05976
3.51452
3.75206
3.41281
3.36568
3.60672
4.89551
3.70883
5.28278
3.41961
3.80122
4.52671
3.81661
4.08985
3.83954
3.30606
5.34035
3.94521
3.2749
4.97019
3.90667
3.6081
4.14264
3.47499
3.77939
3.55318
3.22194
3.80936
3.30595
3.75384
3.60065
3.44339
3.69511
3.52627
3.9974
3.97295
5.79411
3.71223
3.36397
3.22619
3.37473
4.21377
4.32015
3.41855
3.71047
3.91111
3.71853
4.4034
4.00713
4.29128
4.12865
3.82187
4.04083
4.7491
3.77673
4.42288
3.43687
4.26545
3.38713
3.19284
4.51385
3.76278
3.44463
4.02573
3.59946
3.11645
3.64044
3.75813
3.65965
3.73458
4.12446
3.68596
3.43885
4.19911
4.52381
4.03941
4.02155
3.49111
4.87753
3.67959
3.91714
3.53527
3.20364
3.91415
3.60632
3.53081
3.85522
3.37249
3.41749
4.01176
4.0752
4.04143
3.83445
4.43948
3.77175
3.59471
4.1057
3.91055
3.34872
3.29652
3.80573
3.34713
4.0644
3.66132
3.68724
3.50691
4.07065
3.94187
3.97751
3.98895
3.63613
4.24835
3.84937
4.09685
4.35997
4.50949
3.63014
3.41479
3.13732
4.36171
4.04261
4.17948
3.29185
3.25018
3.81727
3.52243
3.68466
3.45896
3.68673
3.31326
3.61633
4.5513
3.8301
4.22471
3.75537
3.50731
3.51121
4.36211
3.61981
3.29367
4.13158
4.50417
3.45622
3.09518
3.89288
3.65145
4.00962
4.02212
3.98847
3.84007
3.96722
3.60399
3.8028
3.40062
3.47971
3.51598
3.72423
4.03321
4.66028
4.81527
3.76465
3.40412
4.57904
3.38563
4.04109
4.14373
3.83261
4.3816
4.00868
3.75192
4.45804
3.77032
3.90066
4.32814
3.80721
3.85632
4.26965
4.08998
3.61056
3.86465
3.74255
3.65652
3.87024
3.76748
3.94035
3.69587
3.61966
5.93095
3.76144
3.60364
4.10701
4.02216
3.61982
3.35196
3.81412
4.14219
3.95706
3.69726
4.09788
3.6085
3.71246
4.15159
4.16195
3.80719
3.56111
3.55616
3.80722
3.20726
3.71758
3.73928
3.81784
3.94144
4.4796
3.45384
3.84114
4.2461
4.00637
3.79891
3.55304
3.87464
4.09479
3.77797
3.73381
4.11659
3.55419
3.64024
3.57921
3.98748
4.3735
3.06473
3.34398
4.20601
3.36889
4.05734
3.81231
3.57535
4.2577
4.01429
3.44535
3.2963
3.62095
3.40796
3.84692
3.90801
4.33048
4.4962
3.4605
3.97102
3.71424
3.833
3.60729
3.76477
3.95126
4.06477
3.96763
4.46693
3.97323
3.61823
3.81733
3.63464
3.9601
3.61312
3.50884
3.8693
3.99956
5.12877
4.07217
3.71352
4.03726
4.44973
4.3012
3.68932
4.15051
4.24441
3.86173
3.66142
3.68141
3.4453
4.0228
3.58824
3.27983
3.715
3.95454
3.97864
3.32154
3.97633
3.97055
3.41283
3.56596
3.33776
3.91851
3.68152
3.8043
3.85397
3.61818
3.71609
3.98701
3.84161
3.77972
3.66555
3.9175
3.46465
3.3219
4.09361
3.63362
3.74839
3.42312
3.66875
3.86125
3.12768
4.11518
3.36736
3.67799
3.79295
4.20759
3.55734
3.57202
3.59012
3.73636
3.7358
4.07998
4.3096
4.2927
3.5019
3.51334
3.30302
3.49573
3.73904
3.35934
3.30613
4.03872
4.19015
3.76164
3.98894
3.75862
3.70788
4.35849
3.7722
5.32489
3.82137
3.82285
3.88629
4.04872
3.71201
3.62958
4.55495
3.70545
3.96428
4.05637
4.20148
3.78119
3.75882
4.02842
4.71465
3.81834
3.47921
3.86033
3.59858
4.90642
3.75318
4.22653
3.55566
4.44028
4.03652
4.01541
3.82813
3.96654
3.61195
4.72559
4.26149
4.27097
3.72095
3.59064
4.13851
3.83364
3.62284
3.66699
3.39721
4.1611
3.2413
3.74377
3.16751
3.96055
4.68366
3.37498
3.79936
3.65018
4.59674
3.66209
3.37655
3.5512
5.51887
4.16695
3.9264
3.93376
4.31169
3.63769
3.31894
3.39571
4.00227
4.07406
3.76879
4.00866
3.93236
3.46659
3.82471
3.71013
4.15297
3.51393
3.88002
3.8097
