4.29418
4.16191
5.12386
4.4789
4.43984
3.65807
4.47935
4.69518
4.77741
4.85289
4.05844
4.45067
4.22544
4.48459
4.80956
4.34692
3.70242
4.00456
4.66031
4.56735
5.00669
4.01834
5.4889
4.94563
4.19599
4.6527
5.1266
3.99326
4.36236
4.15032
4.25487
4.3983
4.22068
4.89678
4.44503
4.69105
4.39677
4.5501
4.4995
4.15346
5.58726
5.17999
4.02196
4.29362
4.6286
4.27369
4.86705
4.40383
4.14329
4.02539
4.21606
4.69958
4.43127
4.36921
4.41102
4.06854
4.40907
4.42669
4.67065
3.79846
5.17342
4.18998
4.6697
4.28238
5.55153
3.96143
4.65296
4.21639
4.90833
4.08113
4.22846
5.10732
3.81677
4.52998
4.49272
4.64428
4.55866
4.441
4.06416
5.1665
4.34169
4.66931
3.82912
4.28759
5.03544
4.00984
4.23909
6.30831
4.32733
4.6719
4.12275
4.32564
3.89129
3.98828
4.10546
5.89394
4.27589
7.31654
3.89411
4.44799
5.41593
4.53397
4.68266
4.76053
3.8273
6.97455
4.64039
3.70873
6.65268
4.53242
4.1769
4.72809
4.05781
4.38231
4.26989
3.65853
4.61814
3.80237
4.27839
4.07476
3.97594
4.19494
4.11366
4.64556
5.16371
7.92379
4.27221
3.87216
3.7397
3.9134
4.94504
5.04203
3.94173
4.31445
4.48124
4.25588
5.21188
4.71178
4.86932
4.99013
4.4019
4.81935
5.3968
4.44507
5.53661
3.96228
4.98854
3.90719
3.6203
5.14493
4.48924
3.96242
4.70727
4.14042
3.60926
4.22883
4.37334
4.35192
4.29353
4.70373
4.17958
4.03457
4.82127
5.24489
4.65907
4.68771
4.04171
6.58135
4.32076
4.5773
4.08473
3.65781
4.47017
4.24221
4.02611
4.4559
3.96218
3.918
4.59928
4.72348
4.64971
4.43401
5.32919
4.3487
4.161
4.67246
4.55857
3.88642
3.79312
4.39602
3.79779
5.19811
4.36683
4.18955
4.05433
4.7066
4.86063
4.58252
4.60561
4.44583
5.04252
4.4342
4.67347
5.19986
5.2139
4.17653
4.03918
3.76291
5.28379
4.77
4.78498
3.83043
3.76086
4.32261
4.05008
4.28136
3.96548
4.55941
3.78602
4.21641
5.11562
4.41009
4.85189
4.29438
3.97531
4.08121
6.1012
4.74323
3.75708
4.88289
5.31158
3.94249
3.53249
4.36144
4.18672
4.60941
4.63121
5.04788
4.50274
4.49409
4.12173
4.56195
3.96079
4.12275
4.15226
4.1996
4.70073
5.38825
5.83218
4.30734
3.95868
5.52244
4.04854
4.72117
4.66093
4.515
5.08228
4.52807
4.40753
5.26606
4.38417
4.54165
5.1435
4.40401
4.41924
4.96717
4.72295
4.12852
4.9441
4.30489
4.16415
4.44157
4.48502
4.5384
4.3615
4.09726
7.51711
4.8965
4.12886
5.50934
4.59785
4.32535
3.87263
4.51122
4.78998
4.47979
4.2442
4.90486
4.0967
4.33564
4.85722
4.80556
4.40069
4.18277
4.24144
4.28887
3.69955
4.26468
4.31338
4.48107
5.00539
5.29879
4.05224
4.50682
4.84393
4.76278
4.61496
4.12318
4.43599
4.97608
4.3493
4.42426
4.64416
4.24264
4.1093
4.13496
4.48909
5.10289
3.54608
3.78859
4.98615
3.84526
4.71369
4.32359
4.16905
5.04441
4.66511
4.05377
3.76451
4.18585
4.03888
4.39469
4.62124
5.04294
5.15505
4.01297
4.59342
4.29543
4.56995
4.20442
4.44653
4.58267
4.6271
4.52354
5.24576
4.71398
4.20446
4.443
4.38684
4.47546
4.14641
4.08524
4.45036
4.51105
6.21982
5.08962
4.23577
4.68351
5.32991
4.90186
4.26714
4.94599
5.0573
4.4057
4.23389
4.29798
4.11044
4.5013
4.11146
3.90758
4.43157
4.64493
4.48196
3.91319
4.51544
4.53241
3.87409
4.05314
3.85061
4.80781
4.214
4.31771
4.42008
4.21666
4.36352
4.76806
4.50831
4.39887
4.27631
4.66607
4.05334
3.78941
5.5019
4.14002
4.26904
4.05474
4.19995
4.57232
3.59583
4.70752
3.83646
4.30632
4.37042
4.90958
4.12214
4.10721
4.12114
4.38124
4.35365
4.71656
5.01383
5.02167
4.09145
4.27908
3.85918
4.0811
4.37221
3.87801
3.79357
4.80551
4.8735
4.34109
4.77879
4.33461
4.29103
5.00971
4.29821
7.1546
4.34287
4.54091
4.58641
4.88295
4.20008
4.10319
5.23432
4.31512
4.99004
4.66035
4.9415
4.41504
4.48178
4.73775
6.04175
4.35085
4.0569
4.43842
4.31759
5.94767
4.36171
4.98741
4.40327
5.03632
4.66452
4.61021
4.48543
4.5634
4.36162
5.51056
5.26173
5.02007
4.3529
4.14528
4.83444
4.49025
4.13947
4.18668
4.08795
4.80989
3.83186
4.42546
3.63479
4.5639
5.31261
3.97722
4.4251
4.20829
5.32179
4.16078
3.86384
4.08975
6.22283
4.95067
4.52877
4.59631
5.2616
4.31678
3.77628
3.92592
4.67099
4.66739
4.26618
4.58263
4.51046
4.26491
4.56613
4.24629
4.93319
4.07113
4.53496
4.4361
