3.94019
3.43511
3.51938
3.07878
3.25428
3.32967
3.7429
3.68396
3.95251
3.76779
3.8069
2.70586
3.22632
3.42845
3.91266
4.01128
3.31436
3.2888
4.05963
3.946
3.2886
3.84435
3.64162
3.94601
2.4313
4.28564
4.10911
3.09203
3.54358
3.56625
3.90631
3.37703
3.92148
3.65144
3.58332
3.62338
3.43701
3.66418
4.43645
3.8604
3.55399
3.98783
3.22541
3.45326
3.34052
4.19555
3.45628
3.86714
3.83599
3.67205
3.70805
3.87136
3.62727
3.48329
3.36119
3.8284
3.46737
3.41394
3.0858
3.51483
3.98567
3.81308
4.04034
2.72925
3.56946
3.87484
3.42507
3.64524
4.32896
3.39533
4.28892
3.85439
2.79804
4.12794
3.2093
3.8974
4.28719
4.06419
3.16258
3.69256
3.87911
3.13401
3.95914
3.33792
3.76122
3.3273
3.23353
4.87056
3.71259
3.50376
4.44959
4.00627
3.63535
3.7153
3.95945
3.28187
3.67185
3.59327
3.38023
3.20568
3.38423
4.43293
3.17319
3.55659
3.26466
3.85907
3.35626
3.99642
4.12789
2.90317
3.59459
3.82083
3.09647
4.23927
3.05381
3.28077
3.88826
3.40013
3.69375
4.03154
3.34223
3.87179
3.30158
2.9779
3.58157
3.90308
3.11345
3.65029
3.66684
3.67161
3.45929
4.2958
3.65485
3.39766
4.1609
3.29549
3.86023
3.92444
3.34456
3.3449
3.33209
3.04323
3.38257
3.76299
3.97924
3.68347
3.84178
3.35613
4.73673
4.00944
3.57852
3.51863
4.04478
3.98564
3.7101
3.79372
3.62195
3.49463
3.45947
3.9549
3.35629
3.14505
4.0335
3.73835
3.40573
3.96931
3.7903
3.48658
3.70335
3.23637
3.17327
3.52966
3.26489
4.22562
3.96967
3.21291
3.27405
4.3191
3.30229
3.34717
3.54837
3.59926
4.5446
3.40211
3.61921
3.59854
3.92832
3.56577
4.43826
3.71566
4.05955
3.11985
3.19228
3.28132
3.1806
3.91644
3.47622
3.89318
3.7856
3.44282
4.00625
3.46295
3.39615
4.20278
3.44884
3.06322
3.60982
4.0737
3.90737
3.5698
3.62698
3.97574
3.60946
3.35145
3.05311
3.5627
3.59607
4.31765
3.19927
4.49967
3.24673
3.07667
3.41307
3.84478
3.76329
3.81982
3.62141
3.24241
3.9624
3.77379
4.02915
3.66695
3.50257
2.98252
3.41025
4.11484
3.36739
3.11472
3.38908
3.61155
3.47567
4.25885
3.78163
3.08671
3.79316
3.99451
4.58027
3.98847
3.47823
3.25376
3.92092
3.45965
3.69113
3.89446
3.83941
3.98754
3.57152
3.92044
3.70688
3.69108
2.69199
3.46903
4.00698
3.88849
3.22029
3.66333
3.72524
4.1025
3.84574
3.89617
3.84966
4.49131
3.48374
3.2009
3.79373
3.12478
4.11284
3.31685
4.01123
3.35012
3.06642
3.31652
3.64403
3.43004
3.72933
4.00933
3.68412
4.23119
3.94896
3.44758
3.2856
3.07468
3.86219
3.43043
3.56325
3.31965
3.59289
3.79711
4.78274
3.85186
3.75627
3.48061
3.69341
3.07616
3.41818
3.50887
4.17216
3.71942
3.10735
4.1161
2.85916
3.35649
3.37024
3.00882
3.48673
3.38306
3.72492
4.07316
3.63981
3.76351
3.03682
3.95176
3.54933
3.64211
4.96405
4.20615
4.09354
3.36185
3.42505
3.86148
3.18904
4.21469
3.29711
3.50641
3.27564
4.07825
3.20662
3.28473
3.89485
3.05983
4.38114
3.66281
3.29813
3.49333
4.39415
3.6288
3.63148
4.1515
3.71159
3.91355
3.32945
3.43699
3.25857
3.84808
3.62277
2.96969
4.06937
3.60477
3.21313
3.42176
3.33834
4.13916
3.96138
3.29193
3.90771
3.26854
3.29027
3.45482
3.44295
3.30609
3.42965
3.33081
2.96005
4.61673
2.9135
3.03987
4.65131
3.08144
3.6848
3.55755
3.50381
3.70022
3.33095
2.9307
4.36375
4.18711
3.59317
3.52328
3.18996
3.80934
3.44427
3.14532
3.50998
3.75393
3.81411
3.38268
3.81219
3.90743
2.96564
3.64989
3.66295
3.84446
3.51111
3.52085
3.37072
3.05858
3.92408
3.72265
3.75104
3.33667
3.73319
3.23439
4.12205
3.62944
4.58853
3.05431
3.3717
3.30703
3.83237
4.35171
3.73521
3.34926
3.96928
3.72773
3.08482
3.5386
4.96307
3.70504
4.63413
2.91149
4.58032
3.79715
3.88992
3.79904
3.64933
4.02091
3.37602
3.07064
3.81662
3.79096
4.4719
3.39421
3.48471
3.37182
3.94142
3.97812
3.21876
3.34606
3.57161
4.05115
4.08114
3.73979
4.05573
3.30892
3.21337
3.07571
3.77084
3.08147
3.36602
3.51578
4.09887
3.68363
3.86518
3.37048
3.58375
3.08773
3.06778
4.18345
3.28364
3.75488
3.13046
3.66603
4.63063
3.75213
4.054
3.94806
4.79231
3.35856
3.60961
4.59367
3.98031
3.18107
3.92436
3.37254
3.35715
3.74276
3.90912
3.40266
3.45848
4.01904
3.29642
2.97777
3.21765
4.19828
3.58071
4.31942
3.04498
3.40976
3.6128
3.19347
