6.01975
6.04237
5.91621
6.5485
6.57727
6.88292
6.17449
6.29535
6.13548
6.63291
6.22449
6.77945
7.01877
7.72581
7.70372
6.5394
6.59083
6.73053
7.63314
6.0826
6.07953
6.37144
6.57579
6.76739
6.21183
6.60137
6.85957
6.42698
6.69284
6.43101
6.7195
7.31816
7.00963
8.14148
7.21542
7.32621
6.64339
6.07804
6.89507
7.07473
5.99996
6.52445
6.15339
6.84366
6.12589
6.49407
5.9992
6.44849
6.61659
6.60373
6.03624
6.24847
6.54986
6.25799
6.21722
6.09314
6.54984
5.83098
6.5461
6.27533
6.08133
6.46425
6.48964
6.25822
7.26887
6.88867
6.25703
7.81123
7.12753
5.71152
6.85977
6.79165
5.96009
6.17116
6.2241
6.29882
7.25928
7.45958
6.29332
7.61261
6.23344
5.7617
6.13781
6.4632
6.09224
6.37156
6.73123
6.643
6.5202
6.7422
6.18899
6.16345
6.79082
7.57359
6.97848
6.90522
6.36034
6.22471
5.80649
6.97842
6.6815
6.9986
6.02513
7.51668
6.46339
6.82639
6.51732
6.09885
6.69561
6.69093
6.35582
6.44843
6.76255
6.6302
6.54899
6.67007
7.85806
6.44778
6.23747
7.73652
7.42816
6.91512
6.69351
6.20691
6.72802
7.504
5.82952
6.93582
6.29089
6.15221
6.90481
6.44861
6.3013
6.68167
6.53645
6.88217
6.29174
6.0789
7.69464
6.3826
6.67041
6.39116
6.34159
6.41795
6.67246
6.81574
5.78105
6.32804
6.37978
6.37168
7.60602
6.46449
6.52186
6.2242
6.00047
6.3087
6.11821
6.7443
6.47911
6.95934
6.90471
6.2907
7.14387
6.12722
7.56629
6.15579
7.55246
6.19901
6.69416
8.05831
7.57264
6.60502
6.49231
6.53486
6.68103
6.64537
6.43411
7.25306
5.58025
6.25648
6.56599
6.30834
6.29193
6.43412
6.29824
6.0394
6.57693
6.00941
6.34153
7.04829
6.88247
5.89511
6.72053
6.38844
7.41253
6.35687
6.213
6.40329
6.06014
6.20629
6.46358
6.00328
6.24205
6.29175
5.95723
6.04601
6.9777
6.26128
6.34108
6.13522
6.73287
6.47842
6.42717
6.82602
6.18164
7.31733
6.32341
7.08865
6.07996
6.05902
6.51035
7.07746
6.3081
5.53922
7.30249
7.43005
6.60519
7.34173
6.25828
6.40363
6.56466
6.37287
7.21611
5.59215
5.82759
6.37263
6.01675
6.37358
6.82756
6.56322
6.47876
6.20761
6.74519
6.29177
7.37518
6.57609
6.05986
6.11598
6.59949
7.40585
7.20027
6.69396
5.55339
5.98161
6.04073
5.80406
6.29467
6.85977
6.71804
6.38837
6.73181
6.05991
6.5925
6.34127
6.50674
7.43724
6.24086
5.87457
5.80828
7.05929
5.75709
7.65347
5.91578
8.80289
7.41276
6.44816
6.59139
7.20744
7.16719
6.96813
6.68291
6.43435
6.77164
6.30217
6.64303
6.04357
7.3181
6.22455
6.19143
6.5342
7.13842
6.56199
6.11601
6.35755
6.5774
6.62662
6.41973
6.42908
5.89437
6.48822
6.72155
6.79392
6.18923
5.82961
6.35664
6.25889
6.08085
6.2059
6.27671
6.25791
6.2417
6.35618
6.66957
6.50568
6.67371
7.09751
6.372
6.42003
6.53409
6.37169
6.69701
6.97573
5.99956
inf
7.51667
6.90458
6.22947
6.52583
7.0409
6.36191
6.42102
6.47925
6.12619
6.89274
6.7911
6.64545
6.66827
7.1352
6.65606
6.88259
7.02919
6.06054
6.2774
7.26246
6.09927
7.00831
7.47346
7.61156
5.56697
6.478
6.12266
6.01115
6.4109
6.64366
6.44884
6.49265
7.4656
6.99068
6.89755
6.15184
6.81649
6.52357
6.64581
6.81536
6.172
6.11651
6.06006
6.81541
6.18856
6.15266
7.47775
5.80561
6.69682
6.11544
6.78093
7.45168
6.61699
6.57728
6.44823
6.76658
5.89313
6.20561
6.28058
6.27573
6.00106
6.56836
6.3404
6.19285
6.04233
9.14704
5.61944
6.24149
6.06588
6.71935
7.04906
6.8262
6.19856
5.76172
6.68116
6.23584
6.00987
6.55108
6.87224
6.49339
6.04371
6.97818
6.86161
6.20836
6.69382
6.88283
6.11678
6.33994
5.98263
6.29343
6.74332
6.34063
6.29079
6.1809
6.0652
6.81417
6.1719
6.13595
6.40342
6.39131
6.24031
6.52084
6.46785
6.83682
6.06253
5.73424
6.88316
6.53447
9.8675
6.64187
7.33507
6.00084
6.38703
6.17497
6.07847
6.9879
6.59263
6.82709
6.94792
6.49189
6.2248
6.76792
6.25688
6.95039
6.90476
6.22446
6.37347
6.78436
6.29612
6.6064
6.89418
6.98941
6.84789
7.30665
5.44117
6.61733
6.46349
5.93827
6.81558
7.45266
6.84881
6.34064
7.03951
6.77035
6.58015
5.78153
6.09729
6.1156
6.10391
7.4276
7.16171
6.32429
6.23278
6.43394
6.25893
7.64074
6.62905
7.62045
6.9669
6.76672
6.91319
6.49702
6.29197
6.32371
6.37368
6.78634
6.12078
6.97853
7.38203
6.48383
6.73154
6.44805
6.36261
6.86135
6.20684
6.35762
