4.61597
2.84734
4.0353
5.12703
3.3495
4.40305
5.07742
4.861
5.15456
4.17289
5.31375
3.73828
4.19756
4.31835
4.58125
5.07876
4.17584
4.30668
3.43263
4.60578
4.86864
4.16297
4.63322
5.4829
6.19968
5.0692
4.92468
4.75408
5.4979
4.56044
3.97045
6.2461
3.58385
2.99064
5.49376
5.46246
5.52924
3.86203
2.99226
4.20076
4.9046
3.62555
5.36777
3.8689
3.30895
4.88073
5.18778
4.2593
7.6417
4.97682
5.25394
4.50081
4.99537
3.85459
6.36579
5.01082
5.29864
3.09023
5.74598
5.42658
5.47599
5.30757
6.27831
4.76929
4.66582
5.97698
6.10551
5.53674
5.15085
4.54131
5.53991
5.09335
3.68578
6.38003
3.22641
3.72465
3.30057
2.9124
3.48988
7.14711
6.7972
4.5933
3.24349
6.81131
3.61895
7.23248
5.88906
3.55999
5.99123
3.15966
5.76325
3.88142
3.358
4.34852
5.25918
7.1962
4.65119
6.74218
5.09422
6.48413
4.57071
4.26021
6.99873
3.47576
4.67856
5.24493
5.18161
3.84742
6.30645
3.96928
4.07001
5.88459
5.8814
3.56559
3.52128
8.62292
3.90116
4.24559
6.24089
4.38858
4.72017
5.86996
5.02195
4.4305
4.72204
2.18141
3.97749
4.40015
4.28571
3.82036
6.89852
5.14737
4.1196
4.59158
5.50072
5.56197
4.71822
5.38135
3.73781
5.05365
5.11131
3.1936
5.01723
3.7436
5.28196
4.21031
5.60185
5.11226
5.35521
4.58785
3.27029
5.05883
4.92258
5.06663
4.6936
3.15283
3.89655
5.68289
4.26737
4.57971
3.99368
6.52785
5.84545
5.18495
3.98995
3.92494
5.00897
6.13365
3.65571
3.99824
8.90911
3.15581
3.75998
4.72837
6.20253
3.56503
4.29757
5.62581
6.08445
4.6012
4.3142
6.19517
3.15794
4.96655
5.36185
3.54571
3.30112
2.97973
4.10811
3.90462
5.49727
5.38982
4.9186
3.55265
3.50373
4.08436
6.45761
4.13508
5.22463
4.2195
4.61121
5.73352
5.78741
3.19739
3.69581
5.26336
4.11991
3.25036
4.27276
3.79049
6.29505
4.16247
5.75151
4.62698
4.99903
6.97337
3.39952
6.56257
5.64551
3.59124
5.49223
3.18141
3.72326
4.77842
4.81627
3.23039
6.72915
4.82211
4.00014
4.50164
3.94769
5.19611
4.36036
2.81851
3.48774
4.96403
5.11767
3.51608
4.70707
4.72564
5.21316
5.36538
5.22672
5.43071
4.41723
6.5311
4.39389
4.12228
5.4071
6.45485
6.87346
5.36218
3.94176
4.077
4.34977
3.40421
5.93802
6.16868
3.48507
2.85922
5.62841
6.07839
3.4171
5.21319
5.85719
5.17394
4.49441
6.97501
5.17885
4.84956
4.17748
5.66022
3.28185
3.90376
3.68782
5.49594
2.99271
4.22123
4.90242
3.72357
4.31319
5.57338
4.83063
5.14397
5.21775
3.15777
3.50453
4.4025
4.8363
5.12241
6.7538
2.91427
2.43761
5.80022
7.14945
3.18292
2.86633
6.41654
6.01539
3.13531
4.74622
4.94124
4.21538
4.66827
6.09984
5.27789
4.4656
6.35615
2.72513
5.73754
5.58424
6.02083
3.92489
3.9748
4.14141
5.64453
6.78956
5.09001
4.57776
4.73164
5.83683
4.66671
2.61679
4.44135
3.77298
5.17112
4.18046
6.27029
5.47645
4.80871
2.59806
4.14043
5.54671
4.3901
8.22751
4.85791
3.83342
4.74609
5.08503
6.50651
3.57822
4.91263
6.88315
4.86021
5.50216
5.02409
4.6389
4.26578
7.62074
7.23765
4.92739
5.15989
5.35531
9.75512
4.30914
4.75946
7.48126
4.48832
5.02766
6.55815
4.62541
5.07405
3.54593
4.63114
6.32358
4.26918
4.60815
4.43278
4.90202
6.15702
4.09929
3.55244
4.08829
5.24052
4.94503
3.46974
5.85044
4.6896
3.42609
5.39619
4.59973
5.31282
5.77474
5.60639
5.42176
6.12353
3.46056
2.90131
4.45771
4.24048
5.26796
4.76234
5.07749
4.08025
3.14292
2.9142
3.20448
4.1363
5.82284
4.22519
5.60326
5.32045
4.20006
4.48877
2.69098
5.45198
3.0142
5.31542
4.06008
2.89088
6.28118
6.27364
5.8636
5.9016
6.70799
7.19633
4.70509
3.9611
7.00394
5.76325
4.7219
3.23126
6.96177
5.27824
4.90101
6.07151
6.7855
4.46435
3.90083
4.2069
4.31875
5.14382
4.14087
3.98979
6.4879
4.11864
4.49849
4.73272
4.34364
5.04153
4.94763
4.53995
4.08877
3.92863
6.00341
4.07495
3.99603
4.90178
3.19716
3.73776
3.66248
5.90101
3.79911
5.25654
10.77
3.75443
3.14214
4.70199
3.46776
3.57591
9.32695
4.6
2.92232
5.69125
5.17128
4.46356
8.15723
3.86987
4.59427
4.62155
6.30814
2.44261
3.58855
5.00324
4.50672
2.92104
4.88251
4.60442
5.17815
5.17841
2.79788
4.15903
3.58342
5.1385
3.86788
3.87499
6.34608
7.5201
6.16969
5.08461
5.09718
3.338
4.40585
3.82911
4.45339
6.67527
3.95599
3.51487
4.09185
3.49023
