7.07424
5.46528
6.99553
7.90188
5.75221
6.96741
7.59194
7.6235
8.1123
6.6239
8.00102
6.66583
7.07687
7.38223
7.87091
7.71274
7.11572
6.81036
6.37927
7.45866
7.36246
6.90932
6.76224
8.67397
9.07522
8.46117
8.87256
7.02215
8.25161
6.82019
6.80808
9.88219
6.31784
6.02664
8.88174
8.06861
9.60688
6.42929
6.20569
6.88729
7.296
6.61692
8.15589
7.28091
6.11411
7.3607
8.54136
6.76719
inf
7.62183
8.4922
7.09362
7.90459
6.44403
inf
7.61279
8.03002
5.45782
9.46761
9.18588
8.68261
9.10801
8.92667
7.32841
6.82711
9.42689
10.0378
8.38163
8.4521
7.44166
8.82247
8.02116
7.21134
10.0737
5.58893
6.75272
5.84145
5.36116
6.65091
inf
10.0635
6.85156
5.8183
inf
6.2349
inf
9.57576
6.43665
9.18451
5.82178
8.78711
6.5327
6.05615
7.03485
8.86638
10.0114
8.21637
9.97053
8.03018
10.0689
7.08602
7.04031
inf
6.17568
7.60362
8.47182
8.46632
6.18658
9.85101
7.02108
7.07724
9.8896
9.62708
6.19792
6.4282
inf
6.553
7.02972
9.89057
6.77149
7.34037
9.6523
8.49237
7.01278
7.56113
4.22409
6.8227
7.33716
6.86121
6.16361
9.59409
7.6863
6.86172
8.51226
8.58018
8.52298
7.94053
9.53127
6.49041
8.19502
8.37166
5.66005
8.8775
6.60613
8.01755
6.66915
8.11983
7.71304
8.27585
7.52983
6.71496
7.84398
7.67818
8.3651
7.19417
6.01282
6.98534
9.38304
6.89228
7.62851
6.76117
9.26624
8.27088
8.17189
7.29252
6.18608
7.22361
10.0712
6.68714
7.21114
inf
5.74946
6.34474
7.77187
9.89287
6.36558
7.09351
8.24454
8.72057
7.44079
7.41641
10.0854
6.20102
7.63616
8.50253
6.18854
6.50626
4.88545
6.88878
6.29645
9.29236
8.4831
8.7911
6.56092
6.03811
6.83715
9.46622
7.64198
7.98397
6.93943
6.96128
8.98134
8.0507
5.8459
7.62299
7.45489
6.69743
5.97445
6.93341
6.36473
9.8865
7.1712
8.83115
8.10053
9.0569
inf
6.16711
9.90201
8.54009
6.60456
8.65032
5.65077
7.92782
7.78084
7.59579
5.7674
9.52957
7.78856
6.44199
7.45226
6.71505
8.18149
7.77009
5.17093
7.04029
7.41533
8.9798
6.32844
7.49593
7.93088
7.47855
7.97381
7.89821
8.39155
7.34125
9.89754
6.7535
6.82463
8.99885
9.23764
9.66063
8.14267
6.76244
6.72734
7.24832
6.01476
9.88405
9.68069
6.01256
5.16948
9.05945
9.70074
6.66089
8.88474
9.1312
8.35434
7.06615
9.77643
8.88268
7.77244
7.02894
9.41283
5.74361
6.31314
5.9567
8.92265
5.4408
6.66619
7.44388
6.71294
6.82692
9.21656
8.40214
8.86915
9.29207
6.87265
6.48271
7.76247
8.7095
8.47348
inf
5.71901
5.3768
8.76851
9.50115
5.81284
5.13304
10.0444
8.73644
5.6658
7.73655
7.94258
8.21637
8.64554
8.85025
7.63216
6.96691
9.05753
5.15613
9.19625
8.58551
8.97076
6.68316
6.83427
6.6925
9.89571
8.97094
9.19821
8.04135
7.778
8.64387
7.61154
4.92275
6.71997
6.73141
8.92994
7.26642
9.01562
8.53181
7.52179
5.05319
7.60874
9.20277
7.1763
inf
7.39685
7.59675
7.53273
7.50033
inf
6.91743
7.95091
inf
7.28562
8.19542
7.89581
7.78652
6.69881
inf
10.1172
7.61252
8.77668
8.2609
inf
6.87827
7.38411
inf
6.97827
8.04681
9.88501
7.08516
8.2019
6.48539
7.51457
8.99871
7.9538
7.46038
7.22437
8.1941
9.35748
7.26681
6.33931
7.79262
7.45424
7.85539
6.60852
9.87851
7.43444
6.54869
9.14987
7.44845
8.60264
8.64018
9.47369
8.21291
8.26331
7.0222
5.17862
7.32085
7.16986
8.46115
7.45103
8.88435
6.6472
6.16448
5.16359
5.79505
6.88444
8.64617
6.93573
8.79392
8.31913
7.03489
6.95699
5.02667
8.26434
5.4268
8.75438
7.2632
5.79374
9.89143
9.88318
9.10305
9.46042
9.49424
inf
7.51786
6.27394
9.63323
8.29943
7.4078
5.64128
9.39638
7.79263
7.97714
8.81536
inf
7.27874
6.8484
7.02663
6.9363
7.95139
6.81599
6.92068
9.79801
6.87255
7.27731
7.5648
7.1838
8.01447
7.46392
7.10401
6.59574
6.65468
9.86996
6.55828
7.14376
8.03349
5.49351
6.16895
7.32289
9.77819
6.73441
8.63602
inf
6.19276
6.62832
7.55322
6.26624
6.50796
inf
7.49211
6.12896
8.45013
7.994
7.18695
inf
6.49538
7.88055
6.78188
inf
5.51628
5.88418
8.31484
6.99521
5.3299
7.67873
7.32593
9.09284
7.74071
4.85082
6.61733
6.42983
8.35551
7.05091
7.18105
9.04344
inf
inf
7.5164
7.70579
6.05184
7.03046
6.49512
7.52039
inf
6.49282
6.45689
7.0444
6.60971
