3.4381
3.48613
3.35011
3.60798
3.28558
3.42916
3.29834
3.72932
3.73594
4.05986
3.57016
3.46563
3.55065
3.37761
3.70419
3.3621
3.85959
3.43346
3.58647
3.59556
3.54801
3.5237
3.45744
3.69047
3.84627
3.04095
3.3589
3.26728
4.04657
3.50258
3.16743
3.71933
3.43304
3.68876
3.51073
3.2837
3.20979
3.55901
3.9634
3.57337
3.13711
3.47691
3.44135
3.23089
3.34475
3.53627
3.25918
3.57793
3.77287
3.9375
3.43458
3.51632
3.87882
3.41233
3.39622
4.26263
3.86445
3.57629
3.30459
3.90438
3.25375
3.50714
3.6539
4.32009
3.55919
3.71966
3.8189
3.50377
3.29098
3.58262
3.43021
3.61249
3.496
4.06965
3.48683
3.30598
3.79641
3.76318
3.21605
3.10147
3.5007
4.06023
3.48458
3.73955
3.48687
3.45544
3.69733
3.74558
3.68506
3.64822
3.43878
3.5831
3.56864
3.80086
3.62761
3.7305
3.30592
3.7566
3.61459
3.56521
3.29028
3.87367
3.55431
3.61561
3.66316
3.28249
3.55656
3.32422
3.52417
3.57641
3.62612
3.45246
3.76088
3.56085
3.5449
3.60106
3.91243
3.68953
3.24703
3.8301
3.49328
3.82701
3.58643
3.97451
3.76059
3.4124
4.25704
3.05998
4.10607
3.60208
3.65367
3.74771
3.65916
3.38192
3.69535
3.48834
3.71573
3.72912
3.71888
3.54179
3.6932
3.72372
3.65001
3.86946
3.74149
3.71014
3.45387
3.69927
3.55204
4.18101
3.51398
3.18861
3.84007
3.74505
3.9604
3.64074
3.75701
3.77769
3.62121
3.90835
3.70958
3.36285
3.46068
3.39755
3.71796
3.82522
4.874
3.91952
3.64462
3.58484
3.66813
3.89981
3.35902
3.49137
3.49201
3.39282
3.42865
3.76002
3.51468
4.20955
3.47899
3.37124
3.72807
3.18925
3.57214
3.68111
3.53898
3.38154
3.51235
3.35021
3.91531
3.54215
4.35179
3.51261
3.60524
3.58425
3.49514
3.53266
3.98832
3.70667
3.27042
3.47212
3.41866
3.78162
3.61675
3.89801
3.48011
3.86757
3.82738
3.57782
3.63669
3.52939
3.43329
3.62426
3.65032
3.65311
3.60548
3.70267
3.48168
3.96378
3.74009
3.75697
3.48451
3.54472
3.7056
3.18312
3.60994
4.08853
3.18931
4.44233
3.8996
3.76118
3.19693
3.30806
3.64376
3.60436
3.17084
3.23227
3.32848
3.49219
3.15829
3.7005
3.64404
3.61719
3.47405
4.87111
3.40371
3.71146
3.54867
3.1264
3.25415
3.96391
3.37281
3.55381
3.78202
3.67078
3.13468
3.66948
3.57487
3.55879
3.23367
3.31828
3.41546
3.73659
3.6264
3.9483
3.61845
3.66391
3.48335
3.43101
4.30871
3.24809
3.49862
3.62132
3.73715
3.39203
3.95599
3.55582
3.46004
3.55893
4.3591
3.43658
3.65708
3.71845
3.81282
3.6041
3.90835
3.91121
3.67532
4.54048
3.45292
3.43528
3.55452
3.87618
3.28143
3.7602
3.31914
3.10549
3.47312
3.69073
4.01632
4.30077
3.64911
3.49422
3.79247
3.17835
3.66932
3.48758
4.13217
3.5244
3.91498
3.6089
3.5834
3.41867
3.76041
3.42025
3.6424
3.50811
4.17052
3.19452
3.58393
3.87564
3.74793
3.52306
3.68511
3.4957
3.69759
3.80633
3.66205
3.22229
3.64033
4.19473
3.12937
3.61616
3.56382
3.12688
3.46145
3.44851
3.78518
3.93584
3.46137
3.4657
3.43755
3.50508
3.43475
3.68713
3.31928
3.26956
3.74506
3.43244
3.50924
3.52515
3.78463
3.51403
3.63965
3.62751
3.64288
3.57065
3.48504
3.46517
3.27384
3.33215
3.31536
3.8695
3.59074
3.86931
3.83185
3.62596
3.58303
3.73804
3.50015
4.29183
3.48055
3.42753
3.25559
3.44006
3.56794
3.45153
3.22276
3.65569
3.80819
4.03877
3.39225
4.17185
3.73054
3.50745
3.85272
3.4825
3.52811
3.25691
3.58649
3.87037
3.48944
3.65647
3.39957
3.63455
3.74035
3.75248
2.9794
2.97276
3.61307
3.42727
3.01996
3.30314
3.73627
3.8444
3.94197
3.86069
3.53542
3.58226
3.54967
3.57877
3.48338
3.90046
3.25877
3.51018
3.44252
3.74003
3.44672
3.49682
3.45198
3.67128
3.76538
3.21452
3.73768
3.46988
3.37808
3.35744
3.34073
3.58097
3.27846
3.87374
4.05642
3.67182
3.52874
4.22733
3.37227
3.81289
3.44937
3.36958
3.49745
3.418
3.43229
3.72612
3.6725
3.26664
3.24596
3.39286
3.40546
3.58855
3.85606
3.79749
3.64621
3.62822
3.39905
3.8374
3.66706
3.82128
3.34375
4.23844
3.67003
3.7892
3.12281
3.73488
3.3336
3.72822
3.40617
3.40428
3.88739
3.65928
3.17816
4.1015
3.69183
3.49129
3.28314
3.28875
3.15287
3.48616
3.44368
3.83918
3.39063
3.40811
3.1507
3.45826
3.52872
3.52427
3.82727
3.3517
3.4066
3.84336
3.40435
3.51432
3.387
3.46914
3.76032
3.48774
4.02949
3.61245
3.33799
3.53595
