3.55943
4.16193
3.46214
3.2301
3.34105
3.00686
3.86604
3.45766
4.44975
4.44178
3.59953
3.19138
3.15624
4.39763
3.81238
3.6149
3.49456
3.602
4.31911
3.82314
4.38412
2.98187
3.85113
3.39186
3.56402
5.16554
4.271
4.45165
3.23896
2.95493
4.17138
3.26983
3.82158
3.8905
3.64493
3.94232
4.42181
4.31072
4.31604
3.56688
4.11743
3.99317
3.34041
3.80868
3.14632
4.11168
3.76232
3.12061
3.23281
3.86204
4.38607
4.19631
2.76221
3.67793
4.57831
3.13311
3.49646
2.82887
3.76057
3.83228
4.39336
3.47269
2.56129
3.61368
4.63826
2.28911
5.06441
4.29201
3.84991
2.94815
3.61482
2.7959
3.24436
3.85278
3.46418
3.77215
4.31133
4.04323
3.31586
3.68643
3.33748
3.21542
3.10633
3.69463
3.17632
3.60612
3.8291
3.43668
3.30317
4.43051
4.46877
4.50936
4.61954
3.55968
3.57915
3.73321
4.07884
4.19602
3.52781
3.13955
3.57088
3.79479
4.16298
4.053
3.75182
3.75001
4.5067
3.7839
3.64556
4.60901
3.57589
3.98552
3.80578
3.5369
3.93778
3.03888
3.37688
3.25215
3.35202
4.12066
3.91207
4.10363
3.43648
3.07723
3.4928
3.38767
3.33011
2.69589
3.31445
3.37949
3.88598
3.8459
3.24975
4.36998
3.11027
3.77546
4.5037
4.17539
4.23946
4.11869
2.75384
2.84171
4.18263
3.38176
3.00916
4.154
3.16193
3.20885
3.35167
5.32581
2.79392
2.77828
3.83201
4.20637
4.00226
3.36726
3.96689
4.06547
2.82216
3.14512
2.92229
3.48575
3.2473
3.31832
3.40618
4.61861
5.41556
3.74708
2.96897
5.01655
4.56456
4.13175
4.43166
3.31548
3.8911
3.61459
2.86157
3.8425
3.43345
4.5348
2.85389
3.85487
2.77159
4.54619
3.4285
3.99672
3.5795
3.11051
3.0635
3.57856
3.69346
2.54875
3.84426
4.30583
3.94695
3.07144
3.15534
5.19465
3.28942
5.21101
3.3368
2.8993
3.38925
3.733
3.86951
3.85517
3.3583
4.33235
3.90942
4.06369
4.41429
4.24808
4.21684
3.4045
4.23636
3.44269
3.37107
3.4286
3.29025
2.9289
3.49497
2.93717
4.33354
3.36595
2.68195
5.63666
3.94789
3.08011
3.54078
4.89959
4.73967
3.52589
3.41507
3.07358
3.32523
3.4493
4.34858
3.86932
3.32278
3.24999
3.74348
4.33056
3.77068
3.4395
4.65482
3.08832
4.22627
3.72371
3.25051
3.5757
3.40934
3.53626
3.48228
3.46862
4.17162
4.00614
3.50142
4.25388
3.89845
4.55746
4.08479
3.26648
4.587
3.80368
4.91719
3.41603
2.93188
4.05492
2.82369
3.81963
3.15022
4.32917
3.8668
3.1532
4.47981
3.44603
5.01791
4.14082
2.51374
3.15158
4.29774
4.03054
4.01756
3.82793
3.36712
3.33906
4.74778
3.50017
4.41967
4.26808
3.16363
2.95276
3.84509
3.75033
3.27835
4.51041
3.22478
4.05377
3.41042
4.2278
3.20439
4.45548
3.80354
3.68558
3.0897
3.40608
3.35734
4.0543
3.79565
3.37003
3.19411
4.07674
4.13069
4.51596
3.0473
3.3236
3.46375
3.77639
4.48564
3.47604
3.51422
3.04781
2.97919
3.55267
3.87315
3.13203
4.76139
3.29077
3.81588
3.57283
3.75156
4.41257
3.14524
3.82776
3.44451
4.5345
3.46584
3.75935
4.40063
4.41591
4.14023
4.01274
3.44524
4.69996
3.30723
4.09823
4.50057
3.74631
3.64615
3.8777
3.3115
2.93218
3.08821
4.15715
2.86236
2.90173
3.95018
3.49109
4.13972
3.77347
3.23671
3.37594
3.25986
2.75235
3.86474
3.32831
4.57224
3.36294
3.20919
3.70825
3.09211
3.56991
2.84839
3.35912
4.74544
3.75799
4.1053
3.10909
3.49703
3.51509
3.20018
4.30365
3.52562
4.14865
3.46677
4.12468
4.0209
3.56397
3.71658
3.53632
3.43534
3.69849
3.8629
3.43201
3.57073
3.78542
3.60542
3.78243
3.03513
3.13063
3.58108
2.92774
3.38805
3.75105
2.99131
4.988
3.934
3.27996
3.92865
3.47047
3.48247
3.34785
3.37502
4.01617
3.70704
3.72214
3.82656
3.56125
4.56573
4.37587
3.7185
2.99526
4.26717
3.69467
3.86612
2.75719
3.40277
3.64187
4.33267
3.74899
3.86396
3.36493
3.04714
3.78719
4.03906
3.24474
3.85232
2.91795
4.35303
3.11724
4.20782
4.2099
3.49528
3.51571
3.55342
4.20832
3.62381
5.11749
3.76526
3.21455
3.92948
3.81561
3.22944
4.2422
3.9132
3.80492
3.83109
3.79898
3.66607
4.3732
3.91375
4.1057
4.65599
3.51876
5.92773
4.33194
3.71343
3.25596
3.38549
3.63914
4.85973
3.56463
3.93538
3.39349
3.7669
3.21822
3.24734
2.82469
4.44787
4.30993
3.67511
4.10636
3.37348
3.91485
2.92516
3.29026
3.19754
3.81458
3.92982
3.6706
3.01188
5.08369
3.22899
4.1826
3.44434
3.16845
3.96883
4.11711
3.20376
4.01436
