3.22519
2.83883
2.77757
2.57375
2.68645
2.71235
3.02954
2.8689
2.94998
2.88899
3.05898
2.09514
2.63848
2.83231
3.17827
3.17904
2.78554
2.66174
3.13582
3.17606
2.70636
3.1168
2.95244
3.20398
1.88746
3.26196
3.28616
2.52937
2.81763
2.89292
3.09404
2.77149
3.10985
2.84275
2.87568
3.0094
2.8043
2.93621
3.40678
3.16666
2.7758
3.22108
2.5242
2.79747
2.76127
3.23726
2.82401
3.13899
3.09239
2.96785
2.86499
3.10861
2.79806
2.79466
2.67237
3.04323
2.81256
2.80991
2.4976
2.89687
3.12433
2.83985
3.29899
2.23701
2.72029
3.13833
2.77024
2.67955
3.34252
2.78768
3.0167
3.13095
2.26626
3.21247
2.58734
3.16814
3.49293
3.20069
2.57017
2.94898
3.10094
2.56176
3.09166
2.65492
2.96052
2.58502
2.63076
3.48797
3.0599
2.79168
3.41673
3.25673
2.947
2.63954
3.15801
2.7376
2.88577
2.89118
2.76325
2.65294
2.71159
3.58078
2.54802
2.77298
2.64687
3.13655
2.65909
3.26588
3.30383
2.28277
2.8468
2.9466
2.52962
3.32131
2.43334
2.72446
3.17416
2.79913
2.96872
3.24134
2.68485
3.06648
2.67503
2.40583
2.7763
3.18445
2.56478
2.97457
2.98135
3.06314
2.79357
3.36902
2.88729
2.76752
3.3608
2.65091
3.1541
3.14004
2.72433
2.66214
2.64154
2.4489
2.69859
3.1096
3.16466
2.86663
2.92638
2.73927
3.8425
3.16006
2.95119
2.84151
2.97132
3.06685
2.92595
2.89403
3.00275
2.70273
2.68106
3.19273
2.73629
2.62708
3.12655
3.03112
2.74896
3.22882
3.07019
2.72541
2.84824
2.5985
2.48843
2.7699
2.59381
3.29698
3.14452
2.62836
2.65622
3.11376
2.67222
2.64788
2.92636
2.92736
3.59261
2.69419
2.85821
3.00187
3.20629
2.86258
3.42109
3.00286
3.16104
2.50637
2.57067
2.53271
2.49008
3.09257
2.76969
3.22383
2.98541
2.77041
3.15974
2.86343
2.74889
3.31552
2.78252
2.49545
2.74156
3.31928
2.88053
2.79241
2.8326
3.15393
2.9468
2.72879
2.38621
2.89771
2.93364
3.38273
2.57019
3.54871
2.63841
2.45282
2.76179
3.04452
3.10527
3.01806
2.94179
2.63997
3.21814
2.9529
3.18514
2.99942
2.80905
2.43521
2.74757
3.36823
2.77298
2.47744
2.74501
2.93048
2.7869
3.49726
3.1479
2.50779
2.95449
3.08999
3.54453
3.07386
2.84528
2.6597
3.10017
2.7678
2.89923
3.1406
3.0662
3.12913
3.02405
3.19856
3.01388
2.88456
2.1744
2.80723
3.11515
3.13857
2.59147
3.00074
2.97238
3.28562
3.04745
3.13641
3.11246
3.62729
2.78317
2.75378
2.98596
2.44158
3.3232
2.68535
3.21795
2.70644
2.55341
2.58077
3.05504
2.79672
2.9363
3.26466
2.86527
3.28486
3.30107
2.81876
2.62784
2.49493
3.19957
2.82694
2.90946
2.7258
2.7554
3.03308
3.4357
3.03714
3.0423
2.8266
2.88343
2.46002
2.71338
2.89533
3.4557
2.94568
2.55449
3.17466
2.24127
2.76634
2.71238
2.31824
2.80701
2.66943
2.97727
3.25404
2.8349
3.08391
2.52008
3.00597
2.77507
2.88329
3.49832
3.32728
3.29809
2.73787
2.73079
3.13632
2.56729
3.12672
2.65789
2.83749
2.68537
3.29444
2.66781
2.56296
3.13093
2.43421
3.37909
2.93297
2.66
2.82576
3.29044
2.82752
2.94754
3.37292
3.00897
3.07371
2.66881
2.72198
2.68636
3.0696
2.99274
2.38619
3.27458
2.88039
2.59802
2.71378
2.76673
3.19698
3.23717
2.63887
3.16911
2.69183
2.65368
2.86643
2.70989
2.62008
2.74426
2.64099
2.3849
3.3815
2.31438
2.45711
3.58315
2.50134
2.90804
2.8215
2.84567
2.97496
2.70729
2.37584
3.44066
3.35993
2.87566
2.66773
2.58094
3.04998
2.79386
2.56026
2.69192
2.93747
3.00169
2.73307
2.93042
3.08682
2.41765
3.0378
2.88312
3.1433
2.86684
2.8085
2.76065
2.46841
3.08041
3.02207
3.01078
2.67255
2.84573
2.62263
3.36061
2.94738
3.50953
2.44144
2.74613
2.63431
3.01424
3.52845
2.98971
2.68198
3.26826
2.95544
2.51348
2.86438
3.87865
2.85339
3.55053
2.2591
3.25609
2.99816
3.07654
3.05093
2.97281
3.25809
2.72312
2.41952
2.96247
3.09683
3.59654
2.70473
2.7609
2.646
3.25502
3.27867
2.6653
2.57737
2.86406
3.26392
3.35693
2.88044
3.03947
2.7065
2.61179
2.47731
2.95061
2.51634
2.74131
2.91596
3.28066
2.95921
3.17254
2.75749
2.64226
2.49552
2.46997
3.4287
2.65087
2.97867
2.57131
2.91997
2.90541
2.8896
3.15453
3.04519
3.53018
2.69246
2.9353
3.62118
3.05906
2.55527
3.06651
2.62622
2.71281
3.02269
3.14001
2.79016
2.71092
2.88809
2.65023
2.45657
2.61961
3.17564
2.76346
3.3636
2.49899
2.67702
2.94723
2.51865
