6.23659
6.89498
6.49278
6.35644
6.2745
6.15291
6.23349
6.70668
7.42107
7.69258
7.67307
6.49227
6.88436
6.20669
6.85943
6.43336
6.94765
6.32705
6.37405
6.38673
6.49803
6.1898
6.25207
6.83889
6.5888
5.52787
5.9577
5.89839
7.42854
6.06941
5.83054
6.45277
6.35848
6.25559
6.26841
6.17169
6.07901
6.53657
7.57295
6.07727
6.0398
7.05803
6.51243
6.11588
7.23455
6.2201
5.90662
6.85047
6.63103
7.42042
6.35655
6.18117
6.69412
6.29105
6.56614
7.77878
6.74355
6.51028
6.16432
6.92926
6.63041
6.31047
6.76649
7.92478
6.37209
6.88347
6.91402
6.40248
6.06002
6.48824
6.62033
6.54903
6.57822
7.16528
6.39032
6.18965
6.52412
6.73784
5.96064
5.98332
6.35738
6.96772
6.61621
7.2115
6.45027
6.25802
6.68406
7.07813
6.68355
6.92579
6.48782
6.27619
6.70941
7.0578
6.40272
7.85972
6.63442
7.34217
6.50672
6.68223
6.04056
6.97064
6.49377
7.09745
6.76008
5.8968
6.26896
6.37168
6.43517
6.48042
6.44819
6.27796
6.98747
6.5358
7.09685
6.54999
6.98798
7.41342
5.83332
6.85894
6.1721
6.65675
7.07782
6.9231
7.53124
6.84831
7.36647
5.3337
7.15542
6.61721
6.43431
6.47789
6.5354
6.35544
6.35817
6.28184
6.5899
6.54872
6.51628
6.38961
6.94687
6.53289
6.3672
6.74562
7.39752
7.17504
6.05831
6.75382
7.10746
7.4732
6.37156
5.71155
6.60307
6.90517
7.73542
6.1253
7.24293
6.64285
6.65568
7.03899
7.08841
6.0211
6.39086
6.15855
6.83728
6.81334
8.36532
7.14608
6.65218
6.80251
6.79782
6.81346
6.15617
6.46675
6.56719
6.69512
6.28907
6.90608
6.26748
7.05192
6.19741
6.57776
6.77346
5.87344
6.35594
6.36695
6.18984
6.22627
7.11199
6.74622
7.0307
6.90827
7.3975
6.28529
6.27414
6.41912
6.07791
6.32557
7.51744
6.84093
6.05862
5.64574
6.15387
6.66923
6.62938
6.52129
6.11902
9.06904
7.19907
6.5074
6.69746
6.3405
6.30956
6.34042
6.47788
6.49596
6.60901
6.61602
6.22933
6.96927
7.26305
6.90618
6.84856
6.15424
6.41839
6.6078
6.37143
6.73264
5.96108
8.15343
6.88576
6.86
7.0723
6.37297
6.79297
6.74299
6.25953
6.21067
6.25832
6.48115
6.22733
6.2525
8.049
6.66988
6.25837
9.91491
6.43497
6.49126
6.08014
5.80659
6.20768
6.81996
6.95739
6.18924
6.86047
6.65555
5.58145
6.64509
6.55276
6.23349
5.77114
6.13171
5.92223
6.93725
6.45335
7.18251
6.95843
6.20808
7.6791
6.259
7.546
6.13906
7.89522
7.13039
7.04125
6.03983
7.63278
7.24393
6.73254
6.29276
7.16385
6.37293
6.47801
6.49762
7.45096
7.85971
6.97813
7.41428
6.62227
7.88716
6.6854
6.35672
6.43393
6.92641
6.02033
6.58102
6.79111
6.0206
6.34179
6.32474
7.65957
7.84809
7.10588
6.34172
6.85978
5.73576
6.69417
6.50755
6.74578
6.68196
7.09268
7.07995
6.67954
6.06311
6.73445
6.08184
6.59054
6.81905
7.14544
7.68666
6.95118
6.70845
7.09459
6.293
6.49324
6.20208
6.84851
6.56853
6.70816
5.85087
6.35963
7.16899
6.44977
6.76806
7.47477
5.80485
6.38901
6.08759
7.35028
6.70612
6.13407
6.27528
6.50725
6.36574
6.53564
6.66822
6.40688
6.37273
6.81481
6.37367
6.54065
6.8153
7.3182
6.02305
6.66884
7.02195
6.4184
7.10897
6.64289
6.25808
6.00376
5.85535
5.73427
7.18966
6.55167
7.41344
6.94718
6.77957
6.57792
6.52218
6.6294
7.59355
6.64413
6.11942
6.12102
6.40354
6.47935
6.4812
6.42198
6.41346
6.61725
7.45838
5.9483
8.16736
6.46572
6.24302
6.69928
6.18093
6.25837
5.9634
6.52116
7.05925
6.60841
6.71669
6.22383
6.40284
6.6042
6.54074
5.5086
5.63376
6.71836
6.20731
5.3088
6.00066
6.63086
6.67913
6.80797
7.24283
6.35689
6.24097
6.21656
6.63116
6.29119
7.09303
6.25912
6.44969
6.18178
6.62336
6.15235
6.58934
6.48926
6.60714
6.67203
5.85307
6.8393
6.30892
6.11608
5.97942
5.85513
7.58718
5.73558
7.01548
6.5464
6.71815
6.5348
7.33692
6.9582
6.8495
7.07866
6.00888
6.42098
6.52189
6.20694
7.47097
6.64298
6.24046
5.94396
6.32517
6.17221
6.27511
6.97152
6.65804
6.54678
6.87274
6.2677
6.88619
6.64368
6.75488
6.03036
7.39008
6.39222
6.75684
6.07869
6.68264
6.45542
6.24657
6.27167
7.28724
7.04932
7.38983
5.98901
7.42866
6.93677
6.53548
6.04062
5.87457
5.78313
6.30977
6.3433
6.93777
6.32461
6.15232
5.72677
6.50662
6.52201
6.37257
6.66143
6.4478
6.02066
6.88397
6.05903
6.53474
6.01461
6.43622
6.80275
6.59277
7.44415
6.53656
5.9377
6.26574
