4.09755
4.88481
4.06182
3.76347
3.88143
3.51341
4.69379
3.96494
5.55976
5.40038
4.12324
3.73029
3.68042
5.19349
4.53524
4.21029
4.11768
4.20205
4.91966
4.39786
4.9808
3.52995
4.39995
4.02419
4.24092
6.05953
4.9253
5.15798
4.02217
3.72305
4.81321
3.716
4.84518
4.36066
4.07848
4.42124
5.16849
5.38679
5.14358
4.12113
4.95318
4.53375
4.0129
4.47956
3.68319
4.90887
4.43372
3.56441
3.73645
4.42069
5.17736
5.02259
3.21132
4.48124
5.28336
3.66395
4.03913
3.29358
4.3761
4.47591
5.37469
4.18003
3.07465
4.36972
5.44526
2.84002
5.80321
5.11031
4.40698
3.36059
4.35959
3.21862
3.70584
4.38704
4.15293
4.59981
5.03655
4.71947
4.25041
4.30927
4.41494
3.8367
3.53459
4.31353
3.67688
4.24556
4.4599
3.85932
3.9536
5.16863
5.84406
5.20196
5.81067
4.07381
4.12177
5.12978
4.9402
5.41903
4.16701
3.72992
4.12536
4.64284
4.89865
4.72166
4.38981
4.29988
5.2535
4.36555
4.29736
5.71004
4.12939
5.3316
4.46235
4.32203
4.49507
3.53209
3.98033
3.67969
3.8424
4.76381
4.75673
4.76771
4.04131
3.57198
4.21848
4.0388
3.92223
3.16372
3.80615
4.05463
4.35083
4.39232
3.76879
5.05565
3.58915
4.47727
5.38519
4.93299
4.90823
4.86745
3.19837
3.30857
4.94982
4.03181
3.54982
4.7925
3.63677
3.88099
3.8558
7.17108
3.30893
3.3869
4.65274
4.95188
4.77402
3.96755
4.65721
4.81137
3.18844
3.61182
3.75395
4.14656
3.71015
3.87288
3.98356
5.52993
6.57431
4.51568
3.47581
5.81707
5.11822
5.02916
5.19887
3.85786
4.53145
4.12529
3.32549
4.39466
3.99528
5.58946
3.30486
4.35756
3.16969
5.59649
4.03283
4.5561
4.1039
3.60097
3.52534
4.26577
4.23601
3.19981
4.35218
5.07959
4.49716
3.48231
3.62527
6.58423
3.77034
6.11412
3.9469
3.29248
4.16049
4.25831
4.73138
4.47036
4.05563
5.9662
4.72105
4.8014
5.45017
5.01241
6.23695
4.00912
4.86042
3.94096
4.09117
3.99116
3.94711
3.37559
4.54298
3.38853
5.01853
3.83813
3.08765
6.76828
4.55437
3.62262
4.10729
5.65166
5.9064
4.08008
3.95843
3.57848
3.89802
4.03378
5.47559
4.40978
3.8765
4.00076
4.26976
5.26883
4.45303
3.95489
5.55013
3.54144
5.05911
4.26826
3.93574
4.07588
3.97743
3.99179
3.90118
4.29932
4.90655
4.59391
4.01074
5.15099
4.44754
5.63503
4.76808
3.76314
5.4048
4.4039
5.57203
4.01927
3.35559
5.12476
3.32963
4.64403
3.63413
5.08227
4.4258
3.61393
5.22631
3.94625
5.95634
5.18333
2.97065
3.78904
4.90674
4.51029
4.92271
4.60364
4.19802
3.89695
5.90178
4.12666
4.98523
4.90842
3.69038
3.45585
4.34831
4.31561
3.80005
5.7697
3.746
4.71988
3.91693
5.01349
3.73748
5.09364
4.50302
4.22138
3.62007
4.00225
3.87506
4.73185
4.40658
3.86206
3.77415
5.62046
4.96794
5.44264
3.5346
3.79057
4.44312
4.29587
5.28556
4.0785
4.13618
3.50045
3.60193
4.10505
4.46384
3.61369
6.50551
3.84033
4.50749
4.15714
4.29551
5.06117
3.66873
4.52259
3.89729
5.1659
4.07085
4.30969
5.11592
5.79969
5.24309
4.88669
4.01236
5.41145
3.83837
4.94743
5.52226
4.49861
4.38442
4.58625
3.95952
3.39557
3.53157
4.85039
3.47382
3.34513
4.58477
4.07095
4.75305
4.48339
3.9166
3.91145
3.84844
3.19727
4.49906
4.17129
5.18773
3.81387
3.77213
4.37512
3.64935
4.17685
3.30721
4.0244
6.33232
4.42056
4.74655
3.55428
4.12144
4.11736
3.83855
5.02085
4.6438
4.79869
4.17033
4.94722
4.62826
4.03841
4.63355
4.16539
3.99457
4.3094
4.50869
4.26316
4.29761
4.49263
4.12353
4.36133
3.53526
3.65425
4.2699
3.48233
3.95702
4.32996
3.421
5.72131
4.43823
3.93994
4.58251
4.89435
3.95688
3.90493
3.99995
4.68821
4.33506
4.43747
4.54178
4.70347
5.57751
5.18479
4.24714
3.57852
5.02054
4.56143
4.43092
3.16804
3.93298
4.12353
5.21404
4.35456
4.60655
3.9273
3.52091
4.34196
4.68962
3.88172
4.98816
3.43897
5.151
3.64583
4.80446
4.85541
4.0046
4.15631
4.25387
5.68997
4.18628
6.02548
4.42167
3.74839
4.47363
4.75474
3.75735
4.93239
4.59345
4.37317
4.48349
4.29297
4.49008
5.39187
4.46564
4.80285
5.30252
4.05754
7.5216
5.00456
4.35061
3.75414
3.92227
4.44025
6.56531
4.25769
4.48585
4.01249
4.31738
3.8155
3.83482
3.31745
5.19974
4.93323
4.24963
4.8647
4.00818
4.97488
3.35284
3.88237
3.68649
4.38818
4.49748
4.24212
3.53873
6.32208
3.72812
4.87472
3.98164
3.68913
4.53751
4.72142
3.81697
4.65524
