5.37815
5.39057
5.31765
5.85233
5.88616
6.20348
5.5626
5.6551
5.47865
5.98384
5.54685
6.10342
6.36511
7.12502
7.09423
5.8961
5.91196
6.07302
7.01683
5.45043
5.39519
5.68275
5.93512
6.13238
5.57507
5.96512
6.17831
5.83661
6.01782
5.82897
6.07821
6.65689
6.35842
7.5459
6.54956
6.68023
5.97134
5.45565
6.33438
6.47095
5.3514
5.88591
5.50908
6.2046
5.47342
5.86768
5.36283
5.77574
5.939
5.97911
5.47531
5.67303
5.88139
5.60203
5.60055
5.51062
5.88897
5.19714
5.94004
5.60676
5.41478
5.77115
5.90703
5.57935
6.66576
6.30975
5.61026
7.22594
6.52719
5.05808
6.19506
6.1103
5.34997
5.49678
5.55305
5.74125
6.66656
6.88165
5.6186
6.95778
5.63156
5.11511
5.51382
5.76857
5.50971
5.79259
6.04569
5.97919
5.85411
6.05081
5.57186
5.54433
6.11587
6.92381
6.32034
6.22904
5.69991
5.57472
5.13025
6.30213
6.02078
6.32208
5.41379
6.86095
5.79005
6.19847
5.9465
5.4386
6.06328
6.04724
5.71613
5.77391
6.13381
5.98278
5.88029
6.01821
7.26054
5.75381
5.64419
7.13498
6.81382
6.26704
6.01785
5.52035
6.10407
6.85762
5.13486
6.30474
5.6631
5.48359
6.26355
5.80575
5.6483
5.99391
5.88168
6.20591
5.6416
5.39724
7.06102
5.7477
6.05437
5.76704
5.65117
5.75321
6.0036
6.14951
5.09462
5.65354
5.77564
5.69439
6.95708
5.81909
5.85359
5.57196
5.42085
5.64753
5.50039
6.0688
5.81749
6.32604
6.22899
5.63203
6.47603
5.50337
6.92272
5.50314
6.93404
5.57279
6.01282
7.42726
6.9193
5.92329
5.84721
5.871
5.99656
6.02071
5.79798
6.59738
4.95374
5.67221
5.93353
5.60596
5.6199
5.81184
5.68635
5.3711
5.9069
5.37352
5.7031
6.37484
6.21605
5.24411
6.03939
5.77051
6.76571
5.70015
5.60876
5.76486
5.43597
5.52734
5.77291
5.40869
5.61104
5.61914
5.26061
5.44932
6.29697
5.63362
5.64523
5.42831
6.11011
5.87532
5.77111
6.14695
5.54364
6.65686
5.77358
6.43572
5.40314
5.40752
5.90363
6.40341
5.63619
4.94493
6.64201
6.78789
5.96085
6.70492
5.58924
5.71062
5.9223
5.71388
6.56677
4.98991
5.1183
5.72069
5.43657
5.682
6.15325
5.87119
5.81039
5.62015
6.10465
5.62378
6.71944
5.90236
5.39631
5.47018
5.97172
6.74953
6.6322
6.02743
4.94422
5.31042
5.39296
5.15238
5.63064
6.232
6.03669
5.70552
6.10791
5.41193
5.98056
5.64171
5.88536
6.83535
5.53956
5.26228
5.19195
6.39416
5.05027
7.00566
5.26176
8.20301
6.7516
5.77041
5.92178
6.53885
6.55433
6.29818
6.02672
5.79187
6.1036
5.65918
5.97303
5.37378
6.66247
5.58981
5.58228
5.88528
6.4808
5.90074
5.45638
5.73942
5.93305
6.00211
5.73083
5.77353
5.20503
5.84381
6.13114
6.19956
5.48612
5.18484
5.70894
5.58153
5.38576
5.55707
5.65333
5.564
5.61399
5.72515
5.98463
5.81932
6.03148
6.43575
5.70298
5.78435
5.88584
5.73916
6.08081
6.38893
5.35499
9.64368
6.89055
6.22634
5.63253
5.90011
6.38687
5.7442
5.81354
5.85248
5.54065
6.22047
6.13461
6.01431
5.97668
6.47647
6.02866
6.21854
6.37093
5.4482
5.58136
6.6082
5.4455
6.33304
6.81805
7.01292
4.97902
5.78425
5.47416
5.41007
5.78186
5.99254
5.81901
5.80574
6.81323
6.35922
6.30578
5.44708
6.16743
5.94468
6.01781
6.13406
5.51626
5.432
5.37171
6.13954
5.52881
5.44621
6.86213
5.14816
6.03413
5.49728
6.10807
6.79644
5.9542
5.94135
5.76625
6.0884
5.22215
5.52904
5.63499
5.60067
5.36291
5.9374
5.68367
5.55994
5.36485
8.56447
5.02232
5.6245
5.46555
6.04085
6.39225
6.14694
5.56782
5.12948
6.00915
5.64884
5.4172
5.86731
6.2015
5.79998
5.44223
6.313
6.19594
5.54103
6.04075
6.2026
5.45583
5.69621
5.37954
5.62297
6.09458
5.69645
5.63017
5.54907
5.43952
6.15351
5.47123
5.52224
5.70648
5.74678
5.53731
5.85316
5.87675
6.16791
5.40308
5.08433
6.2326
5.85109
9.30989
5.95007
6.71348
5.3875
5.71031
5.53598
5.45299
6.3107
5.96668
6.15796
6.3
5.8428
5.53984
6.08605
5.57861
6.34778
6.23495
5.56323
5.78759
6.15716
5.67038
6.01078
6.2646
6.36571
6.16139
6.71366
4.84484
5.93445
5.78394
5.28678
6.18976
6.87668
6.18576
5.69319
6.368
6.13398
5.96231
5.11021
5.45748
5.46721
5.4754
6.76638
6.51289
5.68074
5.58991
5.80328
5.5701
6.99875
5.96242
6.97072
6.29125
6.12597
6.35672
5.86926
5.61341
5.66613
5.72931
6.19387
5.5299
6.3162
6.75154
5.91556
6.09703
5.82222
5.76474
6.24094
5.59493
5.72392
