4.81727
3.02233
4.22726
5.29742
3.52978
4.59042
5.25545
5.0508
5.39172
4.3376
5.53943
3.99204
4.36741
4.56184
4.88402
5.25699
4.3984
4.49559
3.62889
4.79994
5.10689
4.35921
4.7559
5.79592
6.46665
5.45643
5.39257
4.92152
5.7038
4.71336
4.17903
6.64574
3.81835
3.21906
5.83091
5.66904
5.98471
4.04369
3.17846
4.38518
5.12433
3.83223
5.5817
4.10692
3.47048
5.06388
5.5129
4.43534
8.09815
5.19664
5.56432
4.68597
5.25195
4.00705
6.91625
5.1754
5.49052
3.24695
6.23346
5.77027
5.70762
5.77569
6.50673
4.96045
4.8312
6.2881
6.55784
5.7853
5.40404
4.73684
5.87315
5.33509
3.94348
6.87244
3.36254
3.91724
3.45495
3.06244
3.73886
7.60214
7.14722
4.75436
3.42688
7.16172
3.7799
7.67512
6.34662
3.72496
6.26118
3.35771
6.04114
4.04686
3.53436
4.53379
5.55871
7.46739
4.94284
7.05206
5.29947
6.98283
4.75342
4.45707
7.53134
3.65763
4.91608
5.56286
5.45967
4.0258
6.62518
4.18117
4.27493
6.47751
6.36201
3.76749
3.70675
9.11028
4.05075
4.45583
6.69396
4.55803
4.91663
6.23617
5.3306
4.62382
4.93079
2.27165
4.16229
4.64264
4.45869
3.96341
7.1956
5.36251
4.32867
4.945
5.72026
5.80091
4.9478
5.86393
3.93359
5.3399
5.42336
3.35794
5.41345
3.9324
5.49359
4.378
5.80116
5.29377
5.60352
4.82616
3.51218
5.26381
5.14714
5.3392
4.88643
3.35005
4.12345
5.99117
4.44064
4.81856
4.18716
6.78618
6.01411
5.42695
4.25949
4.06128
5.199
6.58497
3.8373
4.22354
9.17328
3.30646
3.95362
4.94927
6.70914
3.74777
4.50955
5.86458
6.29479
4.85287
4.54422
6.68795
3.33121
5.16778
5.60885
3.75481
3.50752
3.08777
4.35031
4.04977
5.89201
5.6911
5.29368
3.71957
3.67693
4.29669
6.75359
4.42635
5.43945
4.41432
4.79698
6.0035
5.96255
3.36245
4.08598
5.41862
4.28222
3.42161
4.47841
3.99359
6.69632
4.38245
6.01725
4.91913
5.3996
7.31517
3.58903
7.02721
5.89019
3.79471
5.78192
3.33203
4.10972
5.03319
5.03148
3.38441
6.97857
5.02346
4.17049
4.7209
4.15572
5.42857
4.68544
2.97355
3.75752
5.13196
5.47209
3.71559
4.89142
4.95876
5.38568
5.59961
5.44395
5.69934
4.64036
6.88477
4.56572
4.31566
5.73064
6.6479
7.17264
5.56114
4.12816
4.26519
4.53398
3.53522
6.47936
6.55613
3.6434
2.99227
6.06588
6.53018
3.63623
5.64454
6.22724
5.5025
4.67901
7.28156
5.63105
5.085
4.39129
6.08003
3.42987
4.08923
3.85239
5.82909
3.13943
4.39128
5.09102
3.93199
4.48744
6.08412
5.11782
5.49676
5.73077
3.45465
3.71408
4.59218
5.19621
5.4106
7.22875
3.075
2.61036
6.03075
7.34701
3.32816
3.01951
6.83562
6.25156
3.28187
4.9562
5.20358
4.561
5.1325
6.32951
5.44623
4.65698
6.61014
2.87383
6.0509
5.81716
6.29162
4.11073
4.18333
4.29311
6.18609
6.99003
5.59579
4.86147
4.98019
6.05713
4.87032
2.73607
4.58861
4.01934
5.56075
4.41765
6.56919
5.70235
4.96852
2.75448
4.41707
5.90871
4.58041
8.63456
5.03157
4.12883
4.95473
5.28312
7.01518
3.81094
5.1814
7.49289
5.02948
5.73359
5.25463
4.90043
4.42444
8.16351
7.56367
5.14729
5.47426
5.63705
10.2103
4.48412
4.9351
7.9011
4.67169
5.27773
6.9098
4.79942
5.3459
3.71205
4.83906
6.54782
4.51967
4.77797
4.66179
5.16362
6.41022
4.34956
3.75921
4.32906
5.42998
5.16768
3.67881
6.36865
4.85181
3.66093
5.76606
4.8009
5.6451
6.04232
6.11021
5.64457
6.38439
3.7173
3.03537
4.6727
4.41617
5.61181
4.93938
5.58669
4.25416
3.32008
3.04702
3.3561
4.34992
6.11945
4.4399
5.92327
5.58582
4.38082
4.65332
2.8179
5.69993
3.16923
5.62271
4.28533
3.06212
6.74669
6.7064
6.16949
6.22911
7.00639
7.66618
4.87556
4.14347
7.23956
5.97408
4.92797
3.38051
7.19398
5.47051
5.12147
6.2825
7.18579
4.66657
4.11555
4.37626
4.51096
5.36134
4.31006
4.20152
6.87909
4.32182
4.67901
4.98462
4.5825
5.3003
5.13475
4.72804
4.24234
4.10523
6.41569
4.27556
4.23178
5.12728
3.32832
3.90362
3.93511
6.30129
4.00784
5.6033
11.2558
3.91142
3.37121
4.90026
3.65807
3.75225
9.83889
4.7991
3.09034
5.92212
5.38293
4.66656
8.62658
4.06356
4.85063
4.8165
6.81682
2.62859
3.73155
5.28135
4.68036
3.07016
5.0966
4.80604
5.61781
5.37838
2.91841
4.34985
3.7583
5.39523
4.05535
4.09644
6.53954
7.93767
6.66638
5.2918
5.30826
3.55429
4.59673
4.0199
4.66455
7.1599
4.11479
3.71962
4.32033
3.66512
