6.8052
7.88706
6.82659
6.26469
6.54878
6.12227
8.15228
6.53564
9.14494
8.79639
6.6417
6.42726
6.26868
7.88758
7.3732
7.065
6.82005
6.74628
7.44458
6.91681
7.55863
6.64693
6.98859
7.10233
7.29974
8.89285
7.60993
7.77368
6.86987
6.75426
7.35251
6.03003
8.18744
6.62152
6.3574
6.82621
7.93429
8.9945
8.43417
6.53265
8.03807
6.85813
7.21212
7.56968
6.1641
7.81951
7.06767
5.78743
6.73579
6.95768
8.68187
8.14084
5.61326
8.11058
8.39548
6.60484
6.64683
6.03625
7.24026
7.56417
8.87769
7.22895
6.32948
7.73549
8.43281
5.48545
8.78874
8.40078
6.80673
5.84428
7.83057
5.58816
6.20451
7.07026
7.38798
7.66291
7.80173
7.90866
7.8765
6.97038
8.0342
6.79481
5.81299
7.47517
6.24715
6.81717
7.48454
6.20202
6.85251
7.59514
9.67835
7.81676
9.38623
6.70143
6.86465
8.8419
8.08569
9.60666
6.66311
6.89773
6.66115
7.99826
7.55489
7.45767
7.57574
7.03937
8.36824
7.05979
7.75369
9.2003
6.92754
9.07454
7.33874
7.43184
6.70287
5.88493
6.65297
6.02172
6.46787
7.52396
8.16391
7.56994
7.1504
6.44374
7.22314
6.99388
7.33926
5.88798
6.42108
6.86332
6.67226
6.87582
6.5968
7.96713
6.18537
7.39506
8.32289
7.87637
7.63246
7.83214
5.78983
5.77821
8.12507
7.24172
6.3405
8.10332
6.102
7.43081
6.69564
inf
5.87865
6.86932
7.86409
7.94272
8.07439
6.78239
7.93928
7.94905
5.30364
6.3146
7.8573
7.296
6.01114
6.45767
6.82106
8.86894
9.79525
7.80933
5.99598
8.94301
7.88361
8.85694
8.2132
6.65349
7.4076
6.7481
6.06303
6.79361
7.08836
9.04746
5.59988
6.79489
5.48521
8.65794
6.86552
7.23686
6.41122
6.48059
6.01814
7.0367
6.64021
6.74049
7.09217
8.07075
7.06204
5.73903
6.01029
inf
6.4801
8.6961
6.45847
5.43728
7.90818
6.97297
8.11502
7.17578
6.86269
9.67767
7.6681
7.88394
8.67062
7.80559
9.6011
6.69218
7.3717
6.64329
7.11307
6.66288
6.70849
5.6766
8.30879
6.09995
7.9409
6.24179
5.53906
inf
7.59087
6.59754
7.26941
8.38243
9.54652
6.7509
6.5416
6.19733
6.94181
6.84467
8.59891
6.89404
6.45822
7.56862
6.94798
8.76485
7.22699
6.72294
8.36944
6.25848
8.31439
6.92913
7.26635
6.75571
7.147
6.53702
6.26317
7.8731
8.03986
7.38345
6.86719
9.03122
6.87089
9.1207
7.54077
6.80418
8.58776
7.18245
8.22583
6.59393
5.65156
8.67154
6.42199
7.43243
5.98674
8.10391
6.867
6.1609
8.3307
6.37489
9.26142
8.71326
5.47345
6.54547
7.12914
7.1312
8.43665
7.70931
7.29548
6.6743
8.86547
7.37389
7.60888
7.68049
6.7376
6.4563
6.86349
7.01283
6.81802
9.39447
6.87293
7.51032
6.70922
8.64503
6.42329
7.64478
7.77708
6.69362
6.07786
6.893
6.59464
7.47686
7.3084
6.40897
6.71369
9.57136
8.34852
8.72529
6.23977
5.907
8.44722
6.58375
8.3234
6.85492
6.76651
6.01549
7.14964
6.72428
7.50449
6.12531
9.89568
6.83965
7.57746
6.95551
6.75856
8.08175
6.41049
7.58195
6.34943
7.7846
7.43955
6.65369
8.04644
9.86892
9.0314
8.20925
6.93124
8.39833
6.49314
8.39077
8.49685
7.46677
7.27291
7.33418
6.88794
6.51119
6.34389
7.59619
6.64024
5.96203
7.49325
6.82034
7.06719
7.37124
6.99907
6.41581
7.07217
5.96298
7.51815
7.59406
8.0215
6.16616
6.70678
7.02632
6.80452
7.00964
5.80733
7.09446
inf
7.12814
7.64282
6.0638
6.84561
7.12743
6.7028
7.675
8.86211
7.531
6.99788
7.93465
7.26396
6.64814
7.88043
6.99713
6.56793
7.04424
7.33978
8.08228
7.93413
7.39686
6.97317
6.98109
6.2599
6.45761
7.29973
6.32883
6.76281
7.0594
5.69369
8.52685
6.91747
6.92185
7.37061
8.59494
6.34201
6.72656
7.85209
7.60078
7.4624
7.64193
7.86208
8.62155
8.84745
7.89515
6.82478
6.55303
8.13595
7.88621
6.84972
5.74839
6.34549
6.56603
8.60607
6.99388
7.75808
6.65094
6.24656
6.94094
7.7232
6.88876
9.18248
6.49435
8.29665
6.24921
7.30757
7.70219
6.55264
7.34571
8.0852
9.28034
7.00437
9.03368
7.26226
6.46901
6.83398
8.22806
6.52556
7.58519
7.41863
7.47888
7.43195
6.81037
8.14669
8.53093
6.85096
7.6322
7.86803
7.8476
inf
7.51422
6.91919
6.14662
7.13
7.71003
inf
7.6665
7.19886
7.03456
6.57428
7.08997
7.11866
6.10337
8.04236
7.46243
6.79333
7.87231
6.86939
8.86194
5.92376
6.77206
6.19087
7.38487
7.3556
7.27864
6.18815
9.94209
6.63519
7.87575
6.57282
6.25331
7.07222
7.2699
7.32099
7.72659
