3.69409
3.50594
4.34158
3.83116
3.59125
3.17375
3.80875
3.91475
3.95883
3.91125
3.47696
3.72565
3.59379
3.82289
3.89233
3.62579
3.14024
3.4222
3.96128
3.71331
4.29375
3.47146
4.46686
4.0819
3.62911
3.95328
4.28309
3.45662
3.67891
3.59662
3.7287
3.82363
3.60508
4.05311
3.64253
3.64159
3.68499
3.77075
3.85128
3.55036
4.63606
3.44983
3.3981
3.63651
3.75766
3.6771
4.09561
3.80263
3.47278
3.36103
3.48812
3.96431
3.81916
3.66044
3.68321
3.47172
3.76517
3.80158
3.86398
3.30852
4.20259
3.59711
4.0136
3.62854
4.59605
3.48067
3.87417
3.62061
4.21495
3.40246
3.51362
4.20239
3.23152
3.78801
3.80151
3.65487
3.89308
3.75677
3.4857
4.41573
3.60734
4.06891
3.24884
3.64089
4.23443
3.42089
3.67401
4.50611
3.74363
3.98625
3.44669
3.68069
3.35409
3.29349
3.54479
4.77063
3.63808
5.01832
3.36056
3.73084
4.41548
3.73466
4.02037
3.74498
3.24512
5.1231
3.86202
3.22125
4.76627
3.82844
3.53776
4.07013
3.40501
3.71015
3.47683
3.16785
3.72075
3.24401
3.69135
3.54141
3.38003
3.63382
3.45678
3.923
3.86169
5.45639
3.64573
3.30296
3.16287
3.31146
4.12482
4.22924
3.35467
3.63617
3.84013
3.65179
4.30444
3.92441
4.22032
4.02395
3.7503
3.9452
4.66622
3.69965
4.31021
3.3709
4.18146
3.3248
3.13952
4.43353
3.67967
3.38344
3.94042
3.53262
3.0591
3.56881
3.68549
3.58201
3.66236
4.05422
3.62685
3.36742
4.12428
4.43682
3.96474
3.943
3.42559
4.6627
3.60134
3.8373
3.47166
3.14826
3.84489
3.53101
3.46954
3.78436
3.3019
3.35644
3.93763
3.9932
3.96812
3.76361
4.33051
3.70115
3.52962
4.03429
3.83345
3.2854
3.23594
3.73465
3.29138
3.95102
3.58435
3.62561
3.44082
3.99398
3.8398
3.9046
3.91183
3.55802
4.14727
3.77784
4.02602
4.2607
4.42244
3.56203
3.34424
3.06912
4.27026
3.95839
4.1067
3.22717
3.18819
3.75448
3.45832
3.61335
3.39773
3.60166
3.25605
3.54593
4.47758
3.76096
4.14931
3.68989
3.45029
3.44406
4.1561
3.53018
3.23665
4.04542
4.39995
3.39804
3.04263
3.83473
3.58702
3.93498
3.94826
3.88432
3.75723
3.9014
3.54018
3.7196
3.33516
3.40406
3.44122
3.6665
3.95365
4.5695
4.70388
3.70041
3.337
4.47543
3.31608
3.96291
4.07888
3.75309
4.2983
3.94269
3.67438
4.35789
3.69935
3.82743
4.2273
3.73173
3.7875
4.18626
4.011
3.54679
3.74189
3.67454
3.59423
3.80142
3.69167
3.87093
3.61843
3.56068
5.71621
3.66548
3.53676
3.97604
3.9501
3.54233
3.28944
3.73648
4.05946
3.89224
3.63081
4.00409
3.54918
3.64039
4.06829
4.0821
3.73765
3.49256
3.47756
3.74789
3.14913
3.65151
3.67077
3.7418
3.83066
4.38884
3.3871
3.75984
4.17008
3.91929
3.71534
3.485
3.8059
3.99315
3.70979
3.65442
4.04907
3.47104
3.58203
3.51081
3.92441
4.28452
3.0062
3.2895
4.11114
3.31262
3.97765
3.74965
3.50588
4.16199
3.93817
3.37343
3.24029
3.55111
3.33629
3.78052
3.82491
4.24104
4.40973
3.39413
3.89542
3.64203
3.74293
3.53458
3.69166
3.87331
3.99409
3.89756
4.37553
3.884
3.55024
3.74076
3.54954
3.89592
3.54931
3.43883
3.79929
3.93529
4.9868
3.9633
3.65103
3.96162
4.34465
4.2256
3.61792
4.05655
4.14755
3.79659
3.59255
3.60942
3.37321
3.96156
3.52689
3.21009
3.63634
3.87292
3.91391
3.2532
3.90858
3.90128
3.3571
3.50617
3.27555
3.83578
3.61577
3.74066
3.78358
3.5458
3.63803
3.89152
3.76217
3.70567
3.5903
3.82954
3.39711
3.26586
3.97273
3.57254
3.68394
3.34841
3.60345
3.77748
3.06964
4.04173
3.31019
3.60473
3.72576
4.12153
3.48872
3.50759
3.52761
3.66867
3.66009
4.00384
4.22116
4.20181
3.4291
3.42217
3.23545
3.4261
3.66701
3.2955
3.24699
3.9473
4.11281
3.69183
3.89519
3.68647
3.63614
4.27655
3.70879
5.06215
3.75781
3.74105
3.80593
3.95845
3.65117
3.57193
4.46864
3.62963
3.86526
3.98086
4.11167
3.7048
3.68001
3.94655
4.55509
3.7527
3.41252
3.79199
3.52124
4.7849
3.67664
4.136
3.46666
4.3643
3.96251
3.94174
3.7496
3.89422
3.52787
4.6248
4.15906
4.17953
3.64785
3.52636
4.05551
3.75586
3.55917
3.60313
3.32185
4.07902
3.17298
3.66361
3.11211
3.88474
4.6053
3.3064
3.72421
3.5799
4.50525
3.60307
3.31764
3.48937
5.42375
4.07096
3.85163
3.85469
4.20851
3.55974
3.26313
3.33267
3.92131
4.00095
3.70854
3.93689
3.862
3.38227
3.73862
3.64363
4.06096
3.44635
3.79993
3.73586
