3.42676
3.98734
3.31654
3.09984
3.20773
2.88446
3.67493
3.33436
4.22337
4.22204
3.47131
3.05353
3.02955
4.20111
3.63846
3.47019
3.34571
3.454
4.16359
3.67958
4.23367
2.86019
3.71116
3.24834
3.40195
4.94732
4.1077
4.27205
3.05612
2.77947
4.00684
3.16108
3.60265
3.77001
3.53475
3.82213
4.23181
4.07205
4.11655
3.42685
3.9199
3.8545
3.18625
3.64883
3.01796
3.91208
3.59493
3.00615
3.11049
3.72308
4.20624
4.01571
2.65346
3.50412
4.41105
3.00538
3.36463
2.71781
3.60577
3.67529
4.17097
3.30256
2.4497
3.43347
4.45174
2.16343
4.8822
4.10666
3.71181
2.84735
3.44823
2.69386
3.13161
3.72622
3.31301
3.57714
4.11573
3.88699
3.13554
3.53108
3.15023
3.07725
2.99806
3.54699
3.05651
3.44427
3.67931
3.33156
3.1524
4.23205
4.15574
4.33288
4.35195
3.43204
3.44753
3.49751
3.88041
3.98175
3.3708
2.99679
3.43253
3.60562
3.97566
3.88412
3.59881
3.61625
4.33128
3.63753
3.5009
4.35314
3.44519
3.72845
3.64166
3.35847
3.79015
2.91594
3.22947
3.14998
3.23038
3.96366
3.72997
3.93963
3.28827
2.962
3.33032
3.24146
3.19871
2.58686
3.19505
3.21586
3.76738
3.70823
3.12812
4.20113
2.99399
3.60875
4.29851
4.00037
4.06924
3.94238
2.64754
2.72905
3.99856
3.23295
2.8793
4.00233
3.04571
3.05867
3.23419
4.9179
2.6705
2.65331
3.64045
4.03222
3.82128
3.22209
3.80144
3.8823
2.73215
3.03258
2.78258
3.33238
3.13311
3.18271
3.26427
4.39787
5.13292
3.57244
2.84703
4.81182
4.43008
3.94068
4.24694
3.18234
3.729
3.48825
2.74941
3.69917
3.30512
4.28539
2.74425
3.72877
2.67238
4.2764
3.28306
3.85787
3.44717
2.98959
2.95084
3.41278
3.56242
2.40457
3.71441
4.11199
3.80983
2.96923
3.03835
4.87829
3.176
4.95851
3.18414
2.80186
3.2446
3.60549
3.67131
3.70702
3.19477
4.0117
3.70922
3.88835
4.16351
4.06039
3.7552
3.25436
4.07729
3.32093
3.20038
3.2919
3.13905
2.81571
3.28716
2.82796
4.16827
3.2498
2.58427
5.35383
3.79997
2.95247
3.4063
4.69617
4.47941
3.38981
3.28374
2.94862
3.19045
3.30636
4.08235
3.73388
3.19259
3.09252
3.61347
4.12014
3.60269
3.31771
4.43026
2.9765
4.04319
3.58945
3.09578
3.45177
3.28065
3.41822
3.37685
3.31247
3.99604
3.85957
3.37275
4.06376
3.75771
4.31631
3.91617
3.14893
4.38287
3.65245
4.74852
3.26346
2.8277
3.83794
2.70519
3.61308
3.03209
4.14686
3.72092
3.03919
4.30737
3.32154
4.79929
3.89708
2.40331
3.00172
4.13738
3.9121
3.83457
3.64882
3.18119
3.20676
4.44485
3.3554
4.27729
4.11219
3.03771
2.8379
3.72158
3.61127
3.15371
4.23003
3.10401
3.88822
3.29038
4.04994
3.08021
4.29358
3.64445
3.55182
2.96131
3.26065
3.23272
3.88778
3.64871
3.24966
3.05507
3.7905
3.93461
4.29775
2.9284
3.20514
3.27273
3.64764
4.28884
3.32784
3.36309
2.93849
2.85111
3.42382
3.73663
3.01406
4.39101
3.15896
3.6525
3.42758
3.61756
4.24793
3.0188
3.66995
3.3313
4.37171
3.32519
3.62174
4.22542
4.18733
3.91401
3.81592
3.31091
4.52793
3.17933
3.89966
4.24004
3.5693
3.46632
3.70399
3.15683
2.8212
2.97886
3.98631
2.72316
2.79533
3.78692
3.3469
3.97931
3.59987
3.08584
3.24049
3.12465
2.64567
3.71173
3.14423
4.41744
3.25136
3.08063
3.54252
2.96773
3.42395
2.73993
3.20851
4.44856
3.58879
3.95611
3.00091
3.3416
3.36986
3.05221
4.11704
3.35134
3.98128
3.29562
3.91822
3.86376
3.44461
3.5197
3.39448
3.29661
3.55185
3.70429
3.26471
3.42047
3.61932
3.47903
3.63417
2.91665
3.00821
3.41611
2.79881
3.25812
3.61506
2.88484
4.80039
3.80453
3.13346
3.77482
3.21251
3.36639
3.21999
3.23437
3.85841
3.558
3.56068
3.66202
3.37071
4.3408
4.16448
3.59094
2.87087
4.08689
3.51161
3.72697
2.66304
3.2734
3.52258
4.13203
3.59723
3.69088
3.22465
2.9326
3.64806
3.87834
3.10476
3.63066
2.79826
4.15244
2.99124
4.05624
4.04805
3.36528
3.36714
3.40235
3.90011
3.48144
4.88385
3.60283
3.0831
3.78764
3.60579
3.10333
4.06952
3.75154
3.66619
3.67302
3.6757
3.50088
4.13161
3.77378
3.93385
4.4903
3.40233
5.51003
4.16396
3.55639
3.13505
3.26108
3.45648
4.46257
3.40753
3.79762
3.24628
3.62792
3.07824
3.11207
2.70842
4.25916
4.14865
3.53487
3.9269
3.221
3.70116
2.8224
3.15692
3.07418
3.67308
3.78806
3.53017
2.88644
4.7873
3.10763
4.01575
3.31502
3.04166
3.82707
3.96478
3.06916
3.85512
