6.96688
6.38427
6.94097
6.50894
6.19893
6.38024
6.92074
7.38372
8.28387
7.2018
7.3277
5.41613
6.16687
6.12144
7.26541
7.60084
5.91611
6.09528
8.40181
7.72558
5.83517
7.12395
6.60628
7.04203
5.53068
8.75797
7.07472
6.05234
6.77135
6.38713
7.17461
6.38234
7.2405
7.16338
7.06891
6.28525
6.42562
6.62991
7.65015
6.9389
7.70522
7.0774
6.99055
6.49638
6.22867
8.29801
6.23321
7.0292
7.24551
6.88568
8.3131
7.0242
6.93976
7.2874
6.4447
6.92523
6.44252
6.46836
6.20524
6.17606
7.30085
8.35416
7.32866
5.45367
8.83701
7.20747
7.62946
7.34439
8.7461
6.35958
9.80802
6.99189
5.56621
7.46637
5.94989
6.72414
7.35676
7.52301
6.09583
7.02354
7.64238
5.74718
7.76582
6.28991
7.17107
6.8163
6.07549
9.85207
7.16012
7.3125
7.57544
7.19649
6.84974
9.99954
7.94989
6.40694
6.98051
6.86943
6.25643
5.87061
6.86422
8.11763
6.11761
6.86899
6.32475
7.40433
6.97645
7.22904
7.41069
6.28493
6.71219
8.01251
6.39031
7.87309
5.84294
6.014
6.8604
6.47958
6.90943
7.46685
7.19664
6.67215
6.05636
7.82557
6.93421
7.41438
5.7925
6.95253
6.72226
6.60514
6.55415
8.28708
6.81099
6.04577
8.21105
6.57891
6.84704
7.03018
6.69226
6.92876
6.62337
6.15985
6.69612
6.97931
6.94691
7.708
7.18036
6.36289
8.24296
7.22354
6.32132
6.64289
8.10493
8.54893
6.75141
7.50793
6.441
6.71745
6.49805
6.88891
6.18644
6.07328
7.49344
7.16141
6.50632
7.20542
7.0824
6.84488
7.82779
6.66848
7.42088
7.1268
6.04308
7.90876
7.56078
6.80223
6.16759
9.58025
6.30104
7.76435
6.52667
6.5124
8.25173
6.8544
6.92149
6.60212
7.08709
6.53655
8.07147
6.94371
7.50783
6.54868
6.4023
6.87785
6.21139
7.37706
6.60415
7.20242
6.9827
7.10373
7.50869
6.20432
6.79469
7.72813
6.46549
5.98438
7.03875
7.07566
9.12789
7.77795
7.00738
7.39434
6.98154
6.21857
6.93235
7.20232
6.76447
8.37356
6.49394
7.80079
5.98644
6.79445
6.60555
7.5207
6.66774
7.23286
7.27022
6.27315
7.2982
6.9497
7.04857
6.58127
6.87999
5.77024
6.50733
7.38936
6.48253
6.13461
6.08057
6.70981
6.34681
7.18228
6.56942
6.07234
7.99401
7.94137
8.20475
7.85163
6.36412
7.81308
7.87051
6.48323
7.1084
7.30192
7.2832
7.50788
6.04819
6.77814
7.27457
7.21177
5.55339
6.48201
8.0381
7.18134
6.16602
6.72984
6.89814
7.18179
7.44856
7.28882
7.27196
7.58348
6.48263
5.54318
7.27045
6.5297
7.36019
6.42615
7.14354
6.29017
5.6923
7.34867
6.54839
6.29928
7.80884
7.23129
7.65761
8.23719
6.69456
6.67875
6.59556
6.12915
6.65726
6.19438
6.43759
6.12841
7.13479
7.07238
10.7478
7.64169
7.11039
7.15943
6.80428
6.15489
6.5289
6.43313
6.86642
7.02615
5.67587
7.5536
7.14228
6.20655
6.45708
6.28581
6.88488
7.93597
6.64575
7.50239
7.42129
6.96046
6.09879
8.3037
6.69619
7.29958
9.8502
7.42466
7.3779
6.88088
6.372
7.08145
5.99144
8.79405
6.49303
6.16495
6.42787
7.42276
5.99985
7.54134
6.71825
6.31929
8.4369
6.81288
6.52393
6.3267
9.24364
7.35782
6.87499
7.12763
6.73733
6.97979
6.28767
6.86921
6.22377
6.88298
7.13261
6.06437
7.90456
6.91448
6.16671
6.86658
6.01933
7.73062
6.9072
6.41531
7.61498
6.46655
6.29135
6.5248
6.73115
6.47062
6.7811
7.23347
6.17347
8.16164
6.04555
6.26933
8.02066
6.13399
7.29906
7.15108
6.55423
7.00297
6.35942
6.37751
7.84994
7.41981
7.03429
8.06006
6.48387
7.14023
6.33352
6.1974
8.40346
7.13741
7.88692
6.3875
7.70019
8.31792
5.93784
6.71559
7.76464
6.89842
6.50088
6.81124
6.23583
6.18936
7.24571
7.18021
6.8017
6.37863
7.58117
6.52479
7.12804
6.61947
7.80452
6.31884
6.59541
6.65906
7.64224
7.58579
6.75669
6.49637
7.21978
6.76519
6.21828
6.45626
8.54841
7.15572
8.80347
5.94129
9.16723
7.0892
7.37339
6.93852
6.50459
7.0536
6.36278
6.62041
7.7275
6.90099
8.82302
6.51786
7.47965
6.49316
7.12243
7.08688
6.72146
6.99725
6.63619
7.84232
7.04571
6.93014
7.56535
6.60712
6.46612
6.4844
7.80261
5.9387
6.15053
6.57415
8.39146
6.70099
7.1953
6.33088
7.72833
6.28518
6.49836
7.4817
6.38156
7.47938
6.31825
7.08722
10.5839
6.82945
7.45833
7.40413
9.83387
6.56732
6.75424
8.91654
7.48607
6.16666
7.30041
6.87344
6.77581
7.60745
7.41943
6.4089
7.12554
8.80275
6.64369
6.02413
7.35837
8.03123
7.75524
8.19515
6.0155
6.58108
6.71778
6.63065
