3.51786
3.32015
4.12035
3.63943
3.39317
3.03775
3.61877
3.71269
3.75525
3.68129
3.30993
3.52274
3.41572
3.62889
3.64413
3.42736
2.97863
3.25518
3.75359
3.49798
4.07861
3.3147
4.21461
3.83222
3.46568
3.75723
4.06373
3.30242
3.49009
3.43531
3.57307
3.64896
3.42333
3.8385
3.43898
3.40006
3.48758
3.55874
3.65887
3.37329
4.371
3.1409
3.22756
3.44428
3.54886
3.50349
3.87124
3.62849
3.28535
3.17797
3.3021
3.75415
3.64088
3.46282
3.48427
3.31019
3.58999
3.61728
3.64405
3.16368
3.92919
3.42561
3.82001
3.43748
4.31324
3.33901
3.66373
3.45428
4.00678
3.22484
3.322
3.93601
3.06971
3.58299
3.61141
3.44908
3.69805
3.57318
3.32262
4.18845
3.40462
3.89304
3.08319
3.45253
3.99714
3.25694
3.5135
4.11981
3.56856
3.79384
3.27244
3.49254
3.19906
3.10596
3.38051
4.44579
3.4501
4.44081
3.20378
3.55018
4.12673
3.52312
3.83762
3.51111
3.08615
4.58716
3.64507
3.07852
4.30283
3.62179
3.35236
3.87863
3.2225
3.53049
3.28141
3.02381
3.49621
3.07953
3.52643
3.38334
3.21456
3.47164
3.27619
3.7265
3.59491
4.67536
3.47197
3.14309
2.99534
3.14727
3.89177
3.98989
3.18658
3.44078
3.65221
3.47499
4.0445
3.71074
4.03087
3.75281
3.56079
3.69542
4.44423
3.50145
4.03613
3.19532
3.96122
3.16141
2.99757
4.21617
3.46604
3.2232
3.71443
3.3555
2.9082
3.38136
3.49723
3.3807
3.46734
3.86937
3.47151
3.18048
3.92802
4.20701
3.76707
3.73809
3.25405
4.16682
3.39522
3.6285
3.30651
3.00169
3.66111
3.33573
3.30738
3.59924
3.11782
3.19592
3.73997
3.77573
3.77578
3.57909
4.04731
3.51533
3.36164
3.84428
3.63293
3.11968
3.07529
3.54764
3.14265
3.67724
3.38813
3.46197
3.26752
3.79318
3.58589
3.71258
3.70705
3.3625
3.88176
3.59004
3.83776
4.00243
4.19334
3.38057
3.16471
2.89441
4.04239
3.74105
3.91505
3.05757
3.02451
3.58746
3.28947
3.42708
3.23691
3.3906
3.10465
3.36341
4.27838
3.57905
3.9503
3.51712
3.29973
3.26898
3.70479
3.31617
3.08524
3.82349
4.12365
3.24508
2.90404
3.67994
3.4177
3.73763
3.75299
3.63544
3.53991
3.72632
3.37094
3.50621
3.16482
3.2066
3.24732
3.51355
3.74626
4.32797
4.42116
3.53176
3.16072
4.21736
3.13998
3.75845
3.90573
3.5486
4.0807
3.76577
3.47391
4.09521
3.5164
3.63655
3.96415
3.53055
3.60583
3.96829
3.80166
3.37798
3.44003
3.49565
3.4291
3.62174
3.49763
3.69043
3.41609
3.40418
5.18812
3.44241
3.35804
3.68513
3.75824
3.34579
3.12471
3.5384
3.84033
3.72021
3.45665
3.76133
3.39275
3.45406
3.85171
3.8714
3.55675
3.31551
3.27428
3.5902
2.99729
3.47788
3.49075
3.54621
3.55708
4.15426
3.215
3.54673
3.96628
3.69694
3.50598
3.30815
3.62471
3.73747
3.53126
3.44933
3.86748
3.25361
3.42734
3.33079
3.75596
4.05101
2.85245
3.14509
3.86526
3.16554
3.7674
3.58383
3.32449
3.91226
3.74052
3.18626
3.0927
3.36656
3.15158
3.60526
3.6085
4.00536
4.17585
3.22079
3.69606
3.45107
3.50819
3.34293
3.50374
3.66847
3.80558
3.71064
4.14057
3.65229
3.37426
3.53865
3.3325
3.72506
3.38204
3.25445
3.61511
3.76437
4.61876
3.69481
3.48673
3.76389
4.07553
4.02489
3.43021
3.81495
3.89737
3.62478
3.41195
3.42146
3.18891
3.79657
3.36605
3.03152
3.43544
3.66067
3.7389
3.07705
3.72837
3.71742
3.21047
3.34732
3.11144
3.62779
3.44141
3.57193
3.59736
3.35501
3.43475
3.64479
3.55599
3.51163
3.39204
3.60067
3.22136
3.11892
3.70697
3.41158
3.51271
3.15509
3.43046
3.55914
2.91555
3.84671
3.15907
3.41453
3.55135
3.89635
3.30828
3.338
3.36384
3.49488
3.46067
3.80545
3.9877
3.96239
3.23719
3.18636
3.05858
3.245
3.48074
3.12622
3.09118
3.71141
3.91241
3.50854
3.65099
3.49625
3.44662
4.06008
3.54147
4.42392
3.59043
3.52835
3.59859
3.72938
3.48934
3.41934
4.2381
3.43029
3.62662
3.78089
3.87715
3.50564
3.47941
3.73719
4.15866
3.5792
3.23932
3.61271
3.32623
4.47282
3.47372
3.9017
3.24456
4.16002
3.76874
3.74735
3.54574
3.70387
3.31373
4.35649
3.9029
3.94129
3.45814
3.35903
3.83909
3.55314
3.39033
3.43477
3.1308
3.86027
2.99611
3.45566
2.9671
3.68399
4.39803
3.13007
3.52787
3.39301
4.26222
3.44751
3.16235
3.32875
5.16334
3.82147
3.6542
3.64805
3.94816
3.35828
3.11552
3.16776
3.71088
3.80743
3.54942
3.74634
3.67653
3.1709
3.51853
3.46714
3.82244
3.26941
3.58973
3.54209
