4.14195
3.60375
3.74465
3.22253
3.41889
3.50326
3.95293
3.92681
4.30166
4.03628
4.02945
2.88178
3.39093
3.59409
4.12897
4.26385
3.46019
3.47013
4.34383
4.16426
3.44763
4.0641
3.84214
4.15246
2.58967
4.64393
4.3331
3.26206
3.75663
3.74667
4.15322
3.55063
4.16181
3.89807
3.7964
3.78878
3.61446
3.86759
4.71041
4.05461
3.81357
4.19423
3.4558
3.64263
3.51142
4.47616
3.62844
4.07573
4.05298
3.86595
4.00751
4.08446
3.87461
3.69918
3.56049
4.04909
3.65271
3.58454
3.25607
3.68456
4.23286
4.1564
4.24908
2.86883
3.96462
4.08812
3.62677
3.94617
4.64456
3.57461
4.94175
4.05312
2.94823
4.38931
3.38199
4.10025
4.50816
4.32446
3.33456
3.90485
4.10072
3.29107
4.2373
3.53031
3.98285
3.55557
3.40391
5.44522
3.9177
3.72234
4.73803
4.21768
3.83386
4.39801
4.22897
3.441
3.90357
3.80025
3.55495
3.36677
3.58155
4.67489
3.35241
3.7783
3.43427
4.0686
3.56618
4.19838
4.35779
3.10086
3.80612
4.09486
3.26703
4.51169
3.22766
3.43532
4.07498
3.57372
3.90078
4.26627
3.54528
4.09006
3.4731
3.21544
3.81698
4.1282
3.26783
3.84019
3.86419
3.84467
3.65024
4.58806
3.86945
3.57055
4.41245
3.47533
4.05397
4.14393
3.52675
3.55889
3.53746
3.22236
3.58008
3.94594
4.19679
3.92592
4.11429
3.53034
4.99066
4.24332
3.75137
3.71239
4.37546
4.30408
3.93075
4.06801
3.78912
3.72508
3.67738
4.16614
3.52988
3.29115
4.29474
3.94308
3.60527
4.17776
3.99422
3.70937
3.96573
3.42311
3.38721
3.75449
3.45204
4.51993
4.2123
3.37958
3.45607
4.85078
3.48419
3.57213
3.72025
3.78192
4.83324
3.60959
3.85246
3.7656
4.13754
3.75779
4.73365
3.92295
4.31728
3.30431
3.37808
3.5145
3.37558
4.1645
3.67846
4.08506
4.01817
3.64514
4.24888
3.63757
3.59656
4.45897
3.63587
3.22638
3.85303
4.27926
4.32368
3.82805
3.86587
4.21871
3.81113
3.52633
3.27397
3.76514
3.78802
4.61255
3.38737
4.76174
3.41309
3.27183
3.59682
4.07846
3.94492
4.05834
3.82051
3.41483
4.17876
4.01653
4.25516
3.85459
3.71477
3.13401
3.59537
4.32847
3.53594
3.29689
3.56539
3.8027
3.65851
4.45801
3.94835
3.2541
4.04819
4.27837
4.88831
4.29325
3.65231
3.44763
4.16047
3.6585
3.92168
4.11225
4.07204
4.2373
3.71578
4.11678
3.92144
3.94436
2.84131
3.65915
4.27589
4.10943
3.40327
3.8525
3.94009
4.33383
4.08845
4.11675
4.06204
4.72722
3.67501
3.32366
4.03161
3.33246
4.32987
3.49718
4.22714
3.53632
3.20899
3.57176
3.80921
3.60657
3.98083
4.22773
3.94892
4.50068
4.12451
3.63773
3.47443
3.24079
4.04253
3.60327
3.74809
3.48529
3.84302
4.02233
5.54628
4.09578
3.96708
3.67368
3.92045
3.25982
3.62353
3.67812
4.36353
3.95609
3.26002
4.38617
3.06893
3.51633
3.55097
3.21799
3.6875
3.62545
3.92859
4.30436
3.89068
3.95896
3.18703
4.26605
3.7725
3.8656
5.5233
4.4569
4.31553
3.53872
3.61312
4.07232
3.36599
4.5827
3.4778
3.68997
3.44427
4.30262
3.35517
3.5169
4.09741
3.24415
4.71025
3.88116
3.48832
3.6886
4.79122
3.87885
3.82919
4.36298
3.91412
4.15039
3.51491
3.64834
3.42496
4.06214
3.80688
3.13754
4.31339
3.81352
3.39038
3.63588
3.49719
4.44204
4.16039
3.4806
4.13829
3.43461
3.48027
3.61947
3.65269
3.51099
3.63512
3.54615
3.12889
4.96131
3.09035
3.20466
4.93419
3.2485
3.91615
3.77636
3.69553
3.9184
3.50921
3.09914
4.63194
4.42273
3.79555
3.82633
3.36988
4.02879
3.63595
3.30997
3.80211
3.98853
4.06916
3.56853
4.09288
4.19709
3.11889
3.82516
3.90834
4.04539
3.69912
3.7304
3.54551
3.23247
4.16545
3.91591
3.95848
3.53349
4.01583
3.41868
4.33355
3.82018
4.89286
3.23402
3.55805
3.51037
4.0817
4.58578
3.93877
3.54139
4.18049
3.9432
3.25237
3.72752
5.27157
3.94964
4.97803
3.09706
5.04009
4.0376
4.13107
4.0026
3.83739
4.22646
3.56616
3.26886
4.09724
3.98769
4.74995
3.59239
3.72039
3.57976
4.13432
4.17379
3.3766
3.58836
3.7751
4.27751
4.28953
3.98132
4.35307
3.4922
3.38938
3.25642
4.0241
3.244
3.5371
3.68857
4.36239
3.88694
4.07128
3.53954
3.91617
3.26648
3.25023
4.39777
3.46583
3.98837
3.28595
3.88288
5.50435
3.99639
4.30212
4.21446
5.26422
3.55524
3.8088
4.91376
4.24188
3.36401
4.16929
3.59026
3.54501
3.96404
4.13419
3.57116
3.68812
4.43483
3.48798
3.13073
3.41131
4.51686
3.84614
4.60926
3.20111
3.61371
3.80388
3.39738
