3.50074
3.55328
3.40716
3.67089
3.34836
3.48965
3.36124
3.79209
3.80914
4.15436
3.66357
3.52853
3.63419
3.43539
3.77944
3.4342
3.93446
3.49543
3.64952
3.65749
3.61094
3.58844
3.51853
3.76017
3.91588
3.09628
3.41276
3.33118
4.13057
3.56289
3.22054
3.78678
3.49267
3.75227
3.57249
3.34382
3.27207
3.62178
4.0528
3.6262
3.19471
3.54836
3.50692
3.28707
3.42363
3.59932
3.31544
3.65412
3.83924
4.02254
3.4998
3.57361
3.94398
3.47314
3.46064
4.34582
3.93072
3.63537
3.36341
3.97024
3.32397
3.56965
3.72816
4.43564
3.62157
3.79278
3.88595
3.56418
3.34615
3.65026
3.49877
3.67371
3.56516
4.14661
3.54966
3.36974
3.86299
3.8333
3.27508
3.1592
3.56413
4.13184
3.54875
3.81248
3.55529
3.51805
3.76879
3.82113
3.75207
3.72117
3.50706
3.64459
3.64053
3.86622
3.69129
3.82239
3.37341
3.83036
3.68056
3.63486
3.34784
3.9426
3.62093
3.6825
3.74138
3.338
3.61583
3.38703
3.58405
3.63977
3.69067
3.51665
3.83511
3.63026
3.61429
3.67181
3.97582
3.77651
3.30574
3.89839
3.55669
3.89892
3.66731
4.04427
3.85474
3.47602
4.33455
3.11388
4.18465
3.66886
3.726
3.81307
3.72111
3.44154
3.75736
3.54499
3.78103
3.79313
3.78703
3.60254
3.76716
3.79171
3.71139
3.9411
3.81639
3.78039
3.50457
3.77279
3.62884
4.27148
3.57486
3.24213
3.90764
3.82084
4.04827
3.69836
3.83852
3.84776
3.68507
3.99163
3.77921
3.42677
3.52597
3.45608
3.78307
3.89713
4.96713
3.99544
3.71766
3.65286
3.74193
3.97914
3.41838
3.55342
3.56871
3.45788
3.48883
3.82467
3.57474
4.28747
3.54312
3.44148
3.79605
3.24532
3.63641
3.74666
3.60209
3.44088
3.58613
3.41981
3.99764
3.61807
4.43983
3.5712
3.66773
3.65357
3.55394
3.5963
4.07206
3.78107
3.32796
3.52219
3.47991
3.85191
3.67803
3.96721
3.53922
4.00534
3.90432
3.63916
3.70867
3.59492
3.49413
3.69075
3.72052
3.722
3.68327
3.76235
3.5456
4.04151
3.83858
3.82683
3.55238
3.60003
3.76911
3.2483
3.67198
4.1623
3.25272
4.55808
3.97577
3.82936
3.2625
3.37353
3.7244
3.67397
3.22965
3.29593
3.39173
3.55752
3.222
3.7623
3.74796
3.68895
3.53272
5.20421
3.47235
3.77315
3.61029
3.18119
3.31411
4.04187
3.44233
3.61414
3.85535
3.73125
3.18845
3.73899
3.64095
3.62208
3.29058
3.38204
3.47366
3.80594
3.70046
4.03409
3.68688
3.72409
3.55925
3.49263
4.39851
3.30929
3.5895
3.71195
3.80976
3.45329
4.03391
3.62295
3.52345
3.62293
4.43525
3.5079
3.71451
3.78361
3.89408
3.69343
3.97509
3.98721
3.74278
4.64411
3.51764
3.50745
3.61538
3.94819
3.3356
3.82604
3.38161
3.16398
3.53474
3.75181
4.10117
4.40281
3.7228
3.55692
3.86156
3.22994
3.74223
3.55618
4.20833
3.59852
3.99755
3.69876
3.6572
3.47741
3.83357
3.4805
3.70772
3.58175
4.24742
3.27684
3.66322
3.95041
3.83134
3.58731
3.75354
3.55648
3.76936
3.87572
3.73866
3.27949
3.70483
4.27708
3.19273
3.68971
3.63283
3.17633
3.52551
3.50441
3.8605
4.01027
3.52072
3.52211
3.50242
3.56933
3.49383
3.75169
3.39234
3.3296
3.81458
3.48963
3.58267
3.59884
3.87633
3.56866
3.70175
3.71069
3.70707
3.64569
3.54936
3.52811
3.33176
3.39096
3.3667
3.95261
3.66252
3.95245
3.91081
3.69343
3.65136
3.80687
3.56842
4.36875
3.54913
3.48828
3.31507
3.50766
3.63131
3.51405
3.28446
3.7175
3.86684
4.1142
3.45009
4.26817
3.79372
3.56366
3.92738
3.5485
3.58928
3.31304
3.6535
3.95215
3.55584
3.72371
3.46083
3.70064
3.80897
3.81938
3.03282
3.02647
3.67576
3.48924
3.07053
3.3614
3.80976
3.92091
4.01683
3.94452
3.59378
3.64201
3.61092
3.65181
3.54705
3.98559
3.31211
3.57803
3.50083
3.81052
3.50453
3.56231
3.51394
3.73777
3.83276
3.27208
3.8169
3.52781
3.4398
3.41603
3.39925
3.6559
3.33265
3.96015
4.12572
3.73944
3.59208
4.32316
3.44668
3.88059
3.5134
3.42686
3.56352
3.47995
3.49344
3.81882
3.7407
3.32261
3.30191
3.45342
3.47018
3.64547
3.92787
3.86207
3.7148
3.71421
3.45466
3.91694
3.73752
3.88812
3.40128
4.32122
3.74168
3.86451
3.18094
3.80335
3.4006
3.79274
3.47235
3.47706
3.96967
3.73106
3.23827
4.18195
3.76963
3.55499
3.34152
3.34702
3.2115
3.54475
3.50232
3.91596
3.45362
3.47257
3.20663
3.52715
3.59444
3.58551
3.90154
3.4137
3.46445
3.91457
3.46121
3.57515
3.44755
3.53698
3.83759
3.55248
4.11406
3.67991
3.39123
3.59999
