6.39232
7.05528
6.65821
6.52356
6.44294
6.32193
6.39232
6.87036
7.57743
7.84549
7.80735
6.65821
7.04439
6.37504
7.02237
6.58496
7.10852
6.49185
6.53916
6.55459
6.65821
6.35755
6.40939
7
6.75489
5.70044
6.12928
6.06609
7.58496
6.22882
6
6.61471
6.52356
6.40939
6.42626
6.33985
6.24793
6.70044
7.72792
6.24793
6.20945
7.21917
6.67243
6.2854
7.39232
6.37504
6.06609
7
6.79442
7.57743
6.52356
6.33985
6.85798
6.45943
6.72792
7.93074
6.90689
6.67243
6.32193
7.08746
6.79442
6.47573
6.91886
8.07682
6.53916
7.04439
7.07682
6.56986
6.22882
6.64386
6.78136
6.71425
6.74147
7.32193
6.55459
6.35755
6.67243
6.89482
6.12928
6.14975
6.52356
7.12928
6.78136
7.36632
6.61471
6.42626
6.84549
7.2384
6.84549
7.08746
6.64386
6.44294
6.87036
7.21917
6.56986
8.01123
6.79442
7.49985
6.67243
6.84549
6.20945
7.12928
6.65821
7.25739
6.90689
6.06609
6.42626
6.53916
6.59991
6.64386
6.61471
6.44294
7.13955
6.70044
7.25739
6.71425
7.14975
7.56224
6
7.02237
6.33985
6.82018
7.2384
7.07682
7.6865
7.01123
7.52356
5.49185
7.30378
6.78136
6.59991
6.64386
6.70044
6.52356
6.52356
6.44294
6.75489
6.71425
6.67243
6.55459
7.10852
6.6865
6.52356
6.90689
7.55459
7.33092
6.22882
6.90689
7.26679
7.62936
6.53916
5.88264
6.76818
7.06609
7.88874
6.2854
7.40088
6.80735
6.82018
7.19967
7.24793
6.18982
6.55459
6.32193
7
6.97728
8.51175
7.30378
6.80735
6.96578
6.9542
6.96578
6.32193
6.62936
6.72792
6.85798
6.44294
7.06609
6.42626
7.20945
6.35755
6.74147
6.93074
6.04439
6.52356
6.52356
6.35755
6.39232
7.26679
6.90689
7.18982
7.06609
7.53916
6.44294
6.44294
6.58496
6.24793
6.49185
7.67243
7
6.22882
5.80735
6.32193
6.83289
6.79442
6.6865
6.2854
9.20945
7.35755
6.67243
6.85798
6.50779
6.47573
6.50779
6.64386
6.65821
6.76818
6.78136
6.39232
7.12928
7.41785
7.06609
7
6.32193
6.58496
6.76818
6.53916
6.88264
6.12928
8.30378
7.03342
7.02237
7.22882
6.53916
6.9542
6.90689
6.42626
6.37504
6.42626
6.64386
6.39232
6.40939
8.19967
6.83289
6.42626
10.0265
6.59991
6.65821
6.24793
5.97728
6.37504
6.97728
7.10852
6.35755
7.02237
6.82018
5.75489
6.80735
6.71425
6.39232
5.93074
6.2854
6.08746
7.09803
6.61471
7.33985
7.11894
6.37504
7.83289
6.42626
7.70044
6.30378
8.03342
7.2854
7.19967
6.20945
7.7879
7.40088
6.89482
6.44294
7.32193
6.53916
6.64386
6.65821
7.60733
8.01123
7.13955
7.56986
6.78136
8.03342
6.84549
6.52356
6.59991
7.08746
6.18982
6.74147
6.9542
6.18982
6.50779
6.49185
7.81378
8
7.26679
6.50779
7.02237
5.90689
6.85798
6.67243
6.90689
6.84549
7.24793
7.2384
6.83289
6.22882
6.89482
6.24793
6.75489
6.97728
7.30378
7.8392
7.10852
6.87036
7.24793
6.45943
6.65821
6.35755
7.01123
6.72792
6.87036
6.02237
6.52356
7.32193
6.61471
6.93074
7.62936
5.97728
6.55459
6.24793
7.50779
6.87036
6.30378
6.44294
6.67243
6.52356
6.70044
6.83289
6.56986
6.53916
6.97728
6.53916
6.70044
6.97728
7.47573
6.18982
6.83289
7.17991
6.58496
7.26679
6.80735
6.42626
6.16993
6.02237
5.90689
7.34873
6.71425
7.56986
7.10852
6.94251
6.74147
6.6865
6.79442
7.74819
6.80735
6.2854
6.2854
6.56986
6.64386
6.64386
6.58496
6.56986
6.78136
7.61471
6.10852
8.31741
6.62936
6.40939
6.84549
6.33985
6.42626
6.12928
6.6865
7.21917
6.76818
6.87036
6.39232
6.56986
6.76818
6.70044
5.67243
5.80735
6.88264
6.37504
5.45943
6.16993
6.79442
6.83289
6.96578
7.40088
6.52356
6.40939
6.37504
6.79442
6.45943
7.24793
6.42626
6.61471
6.33985
6.78136
6.32193
6.75489
6.64386
6.76818
6.83289
6.02237
7
6.47573
6.2854
6.14975
6.02237
7.74147
5.90689
7.16993
6.70044
6.88264
6.70044
7.49185
7.11894
7.01123
7.2384
6.16993
6.58496
6.6865
6.37504
7.62205
6.80735
6.40939
6.10852
6.49185
6.33985
6.44294
7.12928
6.82018
6.70044
7.03342
6.42626
7.04439
6.80735
6.91886
6.18982
7.54689
6.55459
6.91886
6.24793
6.84549
6.61471
6.40939
6.42626
7.44294
7.20945
7.54689
6.14975
7.58496
7.09803
6.70044
6.20945
6.04439
5.9542
6.47573
6.50779
7.09803
6.49185
6.32193
5.88264
6.67243
6.6865
6.53916
6.82018
6.61471
6.18982
7.04439
6.22882
6.70044
6.16993
6.59991
6.96578
6.75489
7.59991
6.70044
6.10852
6.42626
