4.18032
3.6359
3.78845
3.25026
3.45063
3.53636
3.99338
3.97368
4.37269
4.08793
4.07258
2.9152
3.42231
3.62566
4.17068
4.31269
3.48793
3.50472
4.3993
4.2062
3.47772
4.10658
3.88064
4.19155
2.62006
4.71606
4.37501
3.29516
3.7976
3.78058
4.20066
3.58389
4.20795
3.94595
3.83776
3.81996
3.64822
3.90618
4.76097
4.09144
3.86606
4.23309
3.50152
3.67896
3.54436
4.53018
3.66106
4.11553
4.09469
3.90262
4.07007
4.12482
3.92199
3.74212
3.59863
4.09096
3.68795
3.61712
3.2886
3.71659
4.27976
4.22521
4.2889
2.89559
4.05596
4.12928
3.66687
4.00408
4.70727
3.60924
5.08027
4.09074
2.97691
4.43888
3.4148
4.13866
4.54987
4.37422
3.36755
3.94535
4.1434
3.32071
4.29231
3.56699
4.02467
3.60004
3.43647
5.56107
3.95836
3.76512
4.79174
4.25808
3.87192
4.5567
4.28304
3.47191
3.94801
3.84023
3.58829
3.39776
3.61972
4.72098
3.38661
3.82023
3.46653
4.10914
3.60694
4.23685
4.40152
3.14
3.8463
4.14855
3.3003
4.56418
3.26079
3.4648
4.10992
3.60715
3.94047
4.31153
3.58519
4.1308
3.50548
3.26998
3.86208
4.1725
3.29722
3.87639
3.90194
3.87789
3.68675
4.64542
3.91
3.60322
4.46288
3.50946
4.09052
4.18536
3.56223
3.601
3.57716
3.25729
3.61792
3.98084
4.23749
3.97311
4.16625
3.56364
5.03884
4.28746
3.78404
3.74941
4.43925
4.36946
3.97243
4.12088
3.82069
3.76901
3.71846
4.2059
3.56305
3.31921
4.34432
3.98229
3.64409
4.21738
4.03327
3.75205
4.01717
3.45914
3.42963
3.79781
3.48755
4.577
4.2591
3.41156
3.49113
4.96417
3.51895
3.6174
3.75279
3.81644
4.88911
3.64954
3.89781
3.79758
4.17751
3.79395
4.78979
3.96273
4.36641
3.34026
3.4141
3.5599
3.41257
4.2122
3.71697
4.12187
4.06233
3.68443
4.29518
3.67108
3.63618
4.50761
3.67144
3.25774
3.89889
4.31784
4.41277
3.87969
3.91211
4.26534
3.85069
3.55969
3.31822
3.80489
3.82494
4.67065
3.42376
4.81086
3.44454
3.3106
3.63189
4.12337
3.97938
4.1042
3.85919
3.44786
4.22036
4.06273
4.29741
3.89025
3.75618
3.16277
3.63048
4.36945
3.56824
3.33192
3.59869
3.83913
3.69279
4.49508
3.97967
3.28606
4.0981
4.3337
4.94721
4.35395
3.68527
3.48828
4.20678
3.69637
3.96579
4.15389
4.11668
4.28504
3.7429
4.15372
3.96354
3.99393
2.86999
3.69547
4.32794
4.15217
3.43832
3.88856
3.98106
4.37767
4.13579
4.15914
4.10283
4.77165
3.71104
3.347
4.07704
3.37294
4.37079
3.53172
4.26778
3.57211
3.23607
3.62354
3.84076
3.6401
4.03045
4.26973
4.00093
4.55201
4.15751
3.67471
3.51072
3.2727
4.07667
3.63617
3.78324
3.51689
3.89114
4.06547
5.70664
4.14303
4.00777
3.71121
3.96349
3.29526
3.66294
3.71036
4.39942
4.00203
3.28895
4.43766
3.11198
3.54651
3.58521
3.25855
3.72629
3.67565
3.96691
4.34835
3.93982
3.99645
3.21605
4.32886
3.8149
3.90869
5.63128
4.50443
4.35777
3.57268
3.64851
4.11286
3.39969
4.65542
3.51226
3.72452
3.47665
4.3453
3.38346
3.5632
4.13521
3.27983
4.77523
3.92325
3.52512
3.72587
4.87181
3.92815
3.86724
4.40292
3.95291
4.19507
3.55022
3.68912
3.45708
4.10257
3.84244
3.16969
4.36112
3.85357
3.42435
3.67749
3.52725
4.50079
4.19778
3.51681
4.1836
3.46672
3.51687
3.65102
3.69291
3.55077
3.67509
3.58878
3.16153
5.02495
3.12456
3.23625
4.98642
3.28059
3.96101
3.81856
3.73231
3.9607
3.54341
3.13195
4.68303
4.4675
3.83421
3.88852
3.40472
4.07095
3.67276
3.34142
3.86369
4.03321
4.11969
3.60411
4.14794
4.25868
3.14804
3.85884
3.95681
4.08392
3.73525
3.77076
3.57898
3.26612
4.21133
3.95274
3.9979
3.57141
4.0713
3.45438
4.37364
3.85636
4.94915
3.2687
3.59418
3.54974
4.13012
4.63014
3.97696
3.57824
4.2214
3.98376
3.28482
3.76331
5.3297
3.99621
5.04489
3.13225
5.13053
4.08388
4.17764
4.04102
3.87302
4.26519
3.60257
3.30761
4.15299
4.02525
4.8059
3.63036
3.76804
3.61933
4.17117
4.21103
3.40695
3.63599
3.81379
4.32089
4.32949
4.02686
4.40949
3.52791
3.4234
3.29176
4.074
3.27525
3.5694
3.7217
4.41543
3.92553
4.11114
3.57169
3.98304
3.30145
3.28588
4.43871
3.50068
4.03365
3.31557
3.92446
5.67415
4.04233
4.34868
4.26543
5.36103
3.59325
3.84698
4.97789
4.29116
3.39926
4.21585
3.63244
3.58126
4.00748
4.17737
3.60319
3.73264
4.51816
3.52494
3.16031
3.45118
4.57854
3.8988
4.66514
3.23118
3.65252
3.84038
3.43704
