6.1325
6.78629
6.38062
6.24541
6.16032
6.04021
6.12645
6.59863
7.31506
7.58892
7.58222
6.37977
6.78048
6.09562
6.74897
6.33059
6.84122
6.21663
6.26211
6.27303
6.39369
6.07665
6.14653
6.72966
6.47766
5.41725
5.84418
5.78844
7.3225
5.96993
5.72018
6.3507
6.24657
6.16071
6.16149
6.05792
5.96822
6.42951
7.46788
5.966
5.92759
6.94879
6.40698
6.00095
7.12838
6.11548
5.79852
6.74932
6.52028
7.31397
6.24333
6.07426
6.58311
6.17723
6.46216
7.67575
6.63324
6.40035
6.05759
6.82203
6.52242
6.19881
6.66321
7.82248
6.25883
6.77559
6.80395
6.28918
5.94576
6.38297
6.51462
6.43967
6.47093
7.0634
6.28235
6.07997
6.4251
6.63702
5.84684
5.87317
6.24919
6.85824
6.50426
7.11006
6.33879
6.14473
6.57814
6.9709
6.57792
6.81655
6.38231
6.16744
6.60372
6.94893
6.2896
7.757
6.52595
7.23527
6.39437
6.57243
5.92885
6.86709
6.38315
6.98901
6.66056
5.78272
6.16559
6.25814
6.32348
6.37387
6.3377
6.16624
6.88884
6.42761
6.98819
6.439
6.8783
7.31457
5.7273
6.74814
6.05937
6.54767
6.96906
6.82514
7.42598
6.73786
7.26277
5.23387
7.0558
6.50593
6.32265
6.36592
6.42386
6.24152
6.25169
6.17576
6.48183
6.43671
6.41058
6.27779
6.83732
6.42892
6.26307
6.6394
7.29103
7.06935
5.94614
6.65035
6.99944
7.36733
6.2584
5.59942
6.49459
6.79646
7.63148
6.02679
7.13641
6.53133
6.54418
6.93287
6.98027
5.91103
6.28315
6.0578
6.72697
6.70226
8.26604
7.04449
6.55322
6.69182
6.69834
6.71023
6.04502
6.35975
6.46313
6.58471
6.18872
6.7976
6.16661
6.94566
6.09875
6.46677
6.67096
5.75754
6.24368
6.26407
6.08032
6.11678
7.01038
6.63729
6.92618
6.80587
7.30153
6.18042
6.15986
6.31134
5.96348
6.21291
7.41239
6.73391
5.94484
5.54202
6.0444
6.56033
6.51751
6.41519
6.01197
8.97385
7.09167
6.39814
6.59226
6.22913
6.19709
6.2288
6.36749
6.38965
6.50698
6.50393
6.12615
6.8652
7.16251
6.79777
6.74589
6.04164
6.3086
6.49907
6.26074
6.6373
5.85412
8.05171
6.78855
6.75001
6.96619
6.26029
6.68368
6.63193
6.14649
6.10252
6.14448
6.37554
6.11674
6.15652
7.94684
6.56392
6.14521
9.83923
6.32558
6.37808
5.97504
5.69487
6.09423
6.72212
6.85493
6.07923
6.75084
6.54394
5.46583
6.53595
6.44927
6.12586
5.66547
6.02831
5.81544
6.82824
6.34913
7.07591
6.84968
6.09552
7.57484
6.14561
7.4413
6.0274
7.80152
7.03053
6.93385
5.92811
7.52762
7.13752
6.62259
6.19642
7.05677
6.26296
6.36557
6.39416
7.34514
7.75699
6.87061
7.30881
6.51782
7.79064
6.57686
6.24757
6.32142
6.81722
5.90544
6.47524
6.68055
5.90876
6.22958
6.21351
7.55501
7.74526
6.99678
6.23266
6.74974
5.62392
6.58311
6.3958
6.63993
6.57161
6.98743
6.97939
6.57558
5.95658
6.62607
5.97577
6.48415
6.7118
7.03941
7.58324
6.84968
6.60339
6.99623
6.1807
6.38153
6.10059
6.7382
6.46807
6.60244
5.73557
6.25215
7.0705
6.33794
6.65791
7.36996
5.68904
6.27951
5.97989
7.2435
6.59654
6.01908
6.16163
6.39526
6.26096
6.42391
6.55658
6.29974
6.2599
6.70482
6.26169
6.43772
6.70549
7.2114
5.91305
6.55761
6.91539
6.30571
7.00197
6.53141
6.14712
5.89933
5.74752
5.6197
7.08192
6.44459
7.30739
6.8406
6.66926
6.46832
6.41398
6.518
7.48871
6.53412
6.00814
6.01315
6.29079
6.3708
6.37548
6.31477
6.30885
6.50612
7.3524
5.83994
8.06564
6.3579
6.13203
6.60159
6.0765
6.14461
5.85684
6.41388
6.95222
6.50008
6.61309
6.1096
6.2911
6.49753
6.43633
5.40052
5.51715
6.60732
6.09626
5.21053
5.88625
6.52008
6.58204
6.70543
7.13568
6.24439
6.12743
6.11065
6.52056
6.17879
6.99164
6.14891
6.33783
6.07491
6.52265
6.03744
6.47733
6.38481
6.50077
6.56864
5.7422
6.73518
6.19584
6.0014
5.86532
5.74771
7.48258
5.62189
6.91662
6.44832
6.60664
6.42264
7.23693
6.84956
6.73987
6.97036
5.90092
6.31329
6.41047
6.0951
7.37161
6.53172
6.12663
5.84175
6.21251
6.05883
6.16483
6.86797
6.55385
6.44619
6.76487
6.16021
6.7819
6.53317
6.64371
5.92451
7.28464
6.28764
6.64836
5.96399
6.57256
6.34742
6.14491
6.16724
7.18171
6.94085
7.28335
5.88049
7.32283
6.82763
6.42364
5.93294
5.76144
5.67019
6.20063
6.23191
6.8292
6.21126
6.03756
5.62492
6.39535
6.41061
6.25964
6.55778
6.33486
5.90733
6.77643
5.94435
6.42241
5.91257
6.33159
6.69431
6.48624
7.33857
6.42738
5.82399
6.1627
