3.60064
3.60579
3.69819
3.94417
3.65255
3.89631
3.74885
3.80002
3.68212
3.99212
3.59482
3.81755
4.20588
4.65937
5.04191
3.89306
3.70312
4.02842
4.68575
3.50933
3.61862
3.5462
3.96853
4.21281
3.54906
4.00418
3.94482
4.00727
4.07557
3.96564
3.96108
4.48077
3.89817
4.72709
4.05741
4.32065
4.04944
3.6834
4.36452
4.44761
3.58366
3.73402
3.63804
3.76663
3.62202
3.92437
3.76988
3.87464
3.82764
4.02625
3.73939
3.89855
3.63596
3.93783
3.96453
3.76519
3.77011
3.49038
3.79111
3.57805
3.58652
3.6964
3.87443
3.69242
4.33437
3.92259
3.98202
4.82107
4.49383
3.45236
3.84698
3.88529
3.66034
3.65967
3.68637
3.90991
4.40139
4.88382
3.51762
3.99387
3.79115
3.51793
3.77477
3.79271
3.89028
4.12009
3.73985
3.81925
3.90369
3.73462
4.00591
3.77982
4.01007
4.08845
4.10606
3.71093
3.71259
3.8177
3.4303
4.0031
3.93382
4.13946
3.61926
4.11871
3.91487
4.25782
3.94602
3.78406
4.08106
4.03922
3.99865
3.79927
4.05536
4.10149
3.90034
4.00049
3.88149
3.7854
3.97751
4.59671
4.75131
4.19149
4.16109
3.81081
4.07715
3.9434
3.55217
4.06902
3.89847
3.71183
4.17727
3.85629
3.84941
3.57618
3.71931
3.76338
3.92503
3.54965
4.19416
3.8499
4.20852
3.94713
3.63322
3.80042
3.83309
3.59417
3.39367
3.60468
3.77163
3.72745
4.55807
3.88666
3.87094
3.71932
3.7893
3.76963
3.74091
3.95362
3.90191
4.06157
3.90283
3.74292
4.34853
3.66042
4.37203
3.63063
4.25194
3.72362
3.84483
4.14507
4.25964
3.96573
4.04023
3.84427
3.77462
3.95653
3.93405
3.7885
3.4414
3.96101
3.94562
3.58603
3.84976
3.78189
3.80484
3.78258
3.93
3.72107
3.95551
3.93659
4.22584
3.5552
3.63782
3.89074
4.13954
3.94383
3.79761
3.80419
3.70059
3.79414
3.9419
3.76934
3.85881
3.6241
3.63119
3.84763
3.80628
3.91268
3.75346
3.41504
4.14341
4.11387
3.82368
3.99387
3.84221
4.11781
4.01747
4.14315
3.41392
3.65072
3.99409
4.14475
3.89612
3.38965
4.15553
4.41361
4.09256
4.42435
3.74119
3.61115
3.85278
3.56775
4.578
3.42355
3.34649
3.82266
3.74746
3.67424
3.883
3.71403
3.74711
3.92436
4.03844
3.68126
4.21423
3.90185
3.64231
3.70858
4.08657
4.1512
4.58447
3.79958
3.46714
3.37003
3.70838
3.4239
3.82186
3.87849
3.83767
3.78675
4.15841
3.65069
3.91469
3.52767
3.93043
4.58257
3.66134
3.61605
3.59282
3.92427
3.51044
4.00785
3.59623
4.97877
3.99371
3.82982
3.89877
4.07276
3.94232
4.13442
3.93282
3.82387
3.74889
3.62794
4.06642
3.54878
4.22239
3.9037
3.78764
3.99046
3.92405
3.81386
3.86027
3.74768
3.84465
4.0687
3.79713
3.53659
3.52136
3.85513
4.14799
4.42598
3.74521
3.3304
3.97045
3.56979
3.4905
3.85024
3.69845
3.67936
3.79874
3.79766
3.93603
3.84115
4.00053
3.94428
3.57445
3.79619
3.90914
3.91367
3.82755
3.88551
3.39882
5.96027
4.26219
3.95244
3.94485
3.88314
4.11107
3.73084
3.95221
3.99808
3.92108
3.93358
4.08694
3.9168
3.88431
4.49977
3.94521
4.09981
4.12523
3.61975
3.43225
3.82378
3.60306
4.02987
4.10463
4.31583
3.38148
3.65355
3.66851
3.79944
3.88463
3.87549
4.05052
3.70611
4.36288
4.01901
4.32069
3.74079
4.22455
4.17319
3.85304
3.74663
3.90476
3.552
3.70944
4.08456
3.83879
3.5781
3.89537
3.48881
3.99249
3.8527
3.92398
4.07318
3.89131
4.03748
3.77939
3.92379
3.49924
3.65724
3.67633
3.69087
3.52974
3.90368
3.84988
3.74921
3.66304
5.1486
3.42133
3.8037
3.81284
4.06668
4.07729
4.22483
3.56765
3.40226
3.81114
3.93632
3.75131
3.78311
3.76544
3.54901
3.66154
3.96986
3.95014
3.64968
4.0563
3.82814
3.58434
3.88693
3.78601
3.77115
3.88433
3.95322
3.78851
3.68316
3.71326
4.03119
3.41803
3.8134
3.69446
3.85248
3.50728
3.96987
3.93376
4.02793
3.69986
3.43974
4.01277
3.78083
6.1339
3.99864
4.35301
3.63746
3.78389
3.65423
3.72792
4.33851
4.15372
4.05813
4.12812
3.95246
3.63347
3.93368
3.90675
4.54189
4.01882
3.80613
3.76949
4.01343
3.89435
4.09388
3.95608
4.1564
3.86728
4.35006
3.30834
4.00664
3.85074
3.52962
4.30976
4.52278
3.98355
3.67797
3.91913
4.35183
4.03368
3.51042
3.64956
3.86181
3.54631
4.26617
4.53399
4.04343
3.59664
4.01631
3.83262
4.20855
4.07046
3.94984
3.91844
4.13094
3.92345
3.78436
3.77462
4.00497
4.0517
4.01992
3.86717
3.59737
4.68247
4.24926
3.98871
3.97733
3.92601
3.98553
3.7882
3.88366
