6.77804
5.17643
6.64828
7.56894
5.40601
6.64849
7.28014
7.30642
7.78521
6.25202
7.72578
6.37002
6.71016
7.04325
7.55933
7.37357
6.81059
6.47876
6.04215
7.15388
7.13117
6.5633
6.441
8.35473
8.76972
8.16288
8.56839
6.70575
7.9165
6.47995
6.46408
9.59783
6.01753
5.70031
8.59628
7.76147
9.29832
6.06117
5.84647
6.57777
7.0153
6.2676
7.82572
6.93169
5.74642
7.04716
8.22807
6.44257
10.5211
7.30349
8.1942
6.7694
7.60781
6.10527
10.1799
7.27188
7.70097
5.16024
9.18457
8.85751
8.36608
8.82956
8.62465
6.9867
6.53
9.1094
9.734
8.04617
8.11956
7.09949
8.53416
7.71091
6.86129
9.81745
5.21636
6.38081
5.4714
4.99475
6.30575
10.5312
9.78172
6.5164
5.47744
9.98948
5.88843
10.5714
9.28329
6.08326
8.88563
5.5147
8.46951
6.19833
5.69262
6.71954
8.54386
9.74863
7.88622
9.68205
7.70782
9.82518
6.7531
6.6924
10.6611
5.83289
7.29326
8.15176
8.17993
5.88904
9.54621
6.66205
6.71273
9.62313
9.36213
5.86282
6.06639
11.5878
6.19841
6.70361
9.62643
6.4461
6.98393
9.35266
8.18821
6.65602
7.19698
3.84015
6.47511
7.00976
6.53222
5.80353
9.32314
7.36393
6.51508
8.18593
8.2556
8.23263
7.5988
9.22916
6.13532
7.85645
8.05924
5.31097
8.58182
6.24759
7.68707
6.35321
7.78645
7.39287
7.95587
7.19921
6.34126
7.50325
7.38167
8.04011
6.88881
5.65649
6.65639
9.05393
6.5356
7.32588
6.41067
8.98637
7.9302
7.85434
6.96306
5.86255
6.9281
9.77877
6.3376
6.85057
10.892
5.37358
6.01627
7.43198
9.63428
6.00359
6.73423
7.96697
8.41839
7.1468
7.08835
9.80955
5.82385
7.31752
8.15676
5.86838
6.16362
4.61573
6.62046
5.94647
8.97932
8.16913
8.46835
6.1914
5.72255
6.52885
9.16265
7.29452
7.63676
6.60395
6.67023
8.65574
7.75968
5.47689
7.30462
7.13868
6.34461
5.60211
6.59079
6.06574
9.60384
6.82082
8.50717
7.79088
8.72416
9.96683
5.81791
9.66548
8.22828
6.25694
8.3167
5.3117
7.60708
7.47894
7.27332
5.43251
9.22635
7.44538
6.08086
7.13585
6.39346
7.84315
7.44365
4.82753
6.72855
7.0628
8.64404
6.01239
7.14981
7.60456
7.22177
7.66397
7.56702
8.08217
7.0172
9.61022
6.3947
6.46915
8.67167
8.90671
9.37358
7.81694
6.38664
6.38019
6.90143
5.64961
9.60418
9.37499
5.63708
4.82417
8.7943
9.44339
6.32286
8.60654
8.82314
8.05642
6.72079
9.49119
8.59981
7.45974
6.68911
9.13137
5.37083
6.00198
5.66111
8.62882
5.10892
6.329
7.14085
6.36335
6.49161
8.96768
8.07141
8.55332
8.99864
6.56525
6.13174
7.3994
8.38126
8.1333
9.959
5.34784
5.03926
8.44194
9.22162
5.42895
4.81236
9.75659
8.42225
5.32585
7.38437
7.62076
7.8862
8.33366
8.55612
7.32024
6.64004
8.77028
4.85376
8.89288
8.2906
8.66493
6.35499
6.50425
6.3577
9.59669
8.69585
8.89957
7.70695
7.43183
8.33152
7.25129
4.53335
6.39759
6.40841
8.63395
6.93765
8.74227
8.19242
7.15898
4.7733
7.25622
8.88815
6.82491
11.2683
7.05346
7.26375
7.21203
7.19571
10.192
6.55876
7.64711
10.6612
6.96323
7.89259
7.59668
7.46202
6.32682
11.2133
9.85364
7.28015
8.46238
7.95753
12.4187
6.53501
7.04613
10.3524
6.66426
7.74967
9.60793
6.75245
7.87958
6.10508
7.21458
8.70172
7.60596
7.09985
6.92243
7.88566
9.0333
6.93092
5.9858
7.44498
7.16165
7.5074
6.2554
9.58866
7.07882
6.19291
8.83395
7.08794
8.30929
8.37403
9.2051
7.90804
8.07861
6.66609
4.83779
6.99934
6.80501
8.17175
7.08227
8.60521
6.2661
5.78455
4.80367
5.44272
6.58548
8.36894
6.61338
8.48136
7.99633
6.67136
6.64388
4.68403
7.95604
5.08285
8.44479
6.91477
5.40966
9.62936
9.6012
8.81501
9.15979
9.22732
10.6124
7.14528
5.9753
9.34252
7.97789
7.09288
5.30526
9.12617
7.50302
7.63614
8.48292
10.1759
6.93812
6.48742
6.65689
6.5809
7.62596
6.43472
6.56616
9.53311
6.52131
6.92042
7.24925
6.87701
7.68874
7.18509
6.79946
6.22002
6.31326
9.55609
6.26088
6.79393
7.70421
5.13551
5.8135
6.97384
9.47116
6.38811
8.33711
13.6738
5.87456
6.25914
7.20273
5.92098
6.1653
12.4132
7.1435
5.75136
8.12555
7.66777
6.87409
11.3994
6.16123
7.59222
6.54497
10.0019
5.15628
5.55248
8.00806
6.65183
4.96535
7.33349
6.96568
8.7996
7.46372
4.50146
6.31051
6.0684
8.02649
6.71562
6.84106
8.73936
10.7543
9.90983
7.19248
7.37265
5.76769
6.69088
6.1441
7.2051
10.3021
6.15967
6.08433
6.74158
6.25931
