2.59905
2.99532
2.45386
2.32865
2.40531
2.16233
2.64049
2.60006
3.09167
3.05396
2.6942
2.19875
2.27864
3.03469
2.66496
2.59513
2.4794
2.57915
3.17341
2.79953
3.27036
2.1793
2.80749
2.43899
2.46835
3.67515
3.09897
3.18224
2.0802
1.87204
3.00398
2.50256
2.56416
2.97934
2.82245
3.04997
3.09703
2.84874
2.9749
2.55373
2.86334
2.96592
2.33119
2.72252
2.25922
2.73988
2.60053
2.25689
2.36436
2.85542
3.16307
3.0647
1.99119
2.55196
3.42729
2.23962
2.56806
2.06265
2.6705
2.72004
2.97183
2.32565
1.8533
2.42805
3.352
1.5072
3.75593
3.10787
2.88156
2.22849
2.53383
2.08229
2.43275
2.96424
2.48594
2.51684
2.87474
2.98678
2.22035
2.59873
2.22779
2.33607
2.32313
2.67338
2.34709
2.4717
2.80153
2.65954
2.30592
3.00376
2.66683
3.21919
3.02377
2.62047
2.63549
2.52205
2.82903
2.91537
2.4761
2.14778
2.57232
2.58131
2.84696
2.87553
2.68155
2.80055
3.30809
2.74142
2.68057
3.02951
2.65968
2.57284
2.65161
2.3915
2.84452
2.16598
2.35058
2.51403
2.47182
3.02834
2.76283
2.94693
2.38852
2.27891
2.44948
2.4275
2.42118
1.95941
2.47437
2.25642
2.99111
2.84809
2.41634
3.1629
2.29523
2.66925
3.13969
2.97676
2.99735
2.92947
2.00093
2.05432
2.94942
2.38616
2.12787
3.09759
2.33512
2.2238
2.54808
3.2164
1.95433
1.96236
2.57665
3.03393
2.78692
2.36279
2.80667
2.77767
2.1659
2.34536
2.06449
2.45004
2.42648
2.38584
2.40787
3.15756
3.58992
2.61708
2.12671
3.50107
3.59921
2.88365
3.15804
2.368
2.71936
2.69454
2.07915
2.78998
2.56467
2.91151
2.09551
2.93734
2.0427
2.84925
2.44367
3.01189
2.62941
2.24164
2.2667
2.47938
2.76372
1.62779
2.89036
2.99483
2.98051
2.32719
2.31451
3.35308
2.50151
3.41942
2.28304
2.19166
2.49388
2.79683
2.6107
2.80196
2.3051
2.6916
2.59872
2.81905
2.86318
2.95985
2.33027
2.35886
3.08834
2.56478
2.28065
2.48372
2.29628
2.08494
2.27358
2.16098
3.18763
2.53245
1.99989
3.6967
2.90535
2.21021
2.60169
3.33101
3.06913
2.57615
2.48495
2.18749
2.40212
2.44781
2.74862
2.86511
2.43043
2.25605
2.80609
2.93895
2.61367
2.56641
3.12762
2.2755
3.02903
2.75008
2.26893
2.67504
2.52887
2.65015
2.68296
2.50475
2.96869
2.94092
2.54148
3.00843
2.86089
3.06427
2.90497
2.44661
3.12418
2.70987
3.67814
2.34356
2.18379
2.7877
2.02189
2.45559
2.32699
3.0674
2.77722
2.31944
3.30483
2.5608
3.61065
2.63481
1.75932
2.16802
3.11969
3.16674
2.82604
2.62881
2.21444
2.45268
2.90911
2.5156
3.35026
3.1608
2.2918
2.16266
2.95964
2.777
2.4197
2.87315
2.38634
2.90048
2.5568
3.00742
2.36304
3.28126
2.73944
2.72807
2.19806
2.39601
2.47295
2.92488
2.75504
2.49759
2.24467
2.64502
2.86956
3.08439
2.18829
2.47489
2.27368
2.86393
3.1439
2.44247
2.47416
2.27147
2.15269
2.68744
2.91486
2.28923
2.92218
2.35939
2.70947
2.55005
2.78123
3.2227
2.26112
2.78863
2.58137
3.32373
2.50183
2.75358
3.19934
3.16195
2.81682
2.73274
2.52374
3.48843
2.41951
2.7661
2.88493
2.58143
2.43682
2.67963
2.2967
2.14722
2.29887
2.97086
1.94559
2.14991
2.71193
2.47767
2.94679
2.59751
2.26065
2.3891
2.35147
2.01237
2.78384
2.18779
3.4483
2.55906
2.35544
2.57556
2.25614
2.55612
2.11155
2.36513
3.15592
2.56394
3.05244
2.32601
2.42232
2.50451
2.23246
3.00299
2.47915
2.91433
2.33455
2.74602
2.85781
2.67943
2.49732
2.6034
2.46416
2.69697
2.74987
2.37209
2.58213
2.66588
2.69901
2.69512
2.21944
2.28303
2.48231
2.06465
2.5172
2.82113
2.21903
3.57548
2.97007
2.34822
2.89298
2.1659
2.64554
2.48589
2.40381
2.9665
2.69493
2.64938
2.69552
2.48267
3.15131
2.91892
2.82148
2.19144
3.04009
2.53933
2.8788
2.10175
2.49524
2.78392
3.01583
2.66021
2.73044
2.36967
2.25389
2.7759
2.89688
2.33748
2.52069
2.11892
2.95708
2.25819
3.07307
3.09522
2.53967
2.52727
2.53838
2.64041
2.60896
3.46805
2.63145
2.29486
2.86419
2.51239
2.34851
3.0043
2.83981
2.81392
2.75645
2.88915
2.66145
2.89072
2.89692
2.92028
3.43261
2.71714
3.3335
3.15594
2.62566
2.4087
2.50974
2.47146
2.74029
2.50716
2.94477
2.4203
2.76909
2.27347
2.33371
2.02753
3.121
3.08038
2.70758
2.90203
2.34524
2.57207
2.19028
2.40507
2.32477
2.80745
2.89988
2.67027
2.15131
3.24335
2.36483
3.00722
2.54359
2.28671
2.94714
3.02904
2.32105
2.88054
