6.21919
6.87696
6.47419
6.33789
6.25558
6.13404
6.21567
6.68862
7.4035
7.6754
7.65799
6.47363
6.86687
6.18813
6.84112
6.41632
6.92986
6.30863
6.3555
6.36787
6.48058
6.17097
6.23449
6.82079
6.57023
5.50912
5.93864
5.88003
7.41096
6.05276
5.81204
6.43559
6.33994
6.23967
6.25068
6.1528
6.0604
6.51862
7.55553
6.05845
6.02105
7.03993
6.4949
6.09683
7.21688
6.20271
5.88871
6.83368
6.61267
7.40278
6.33779
6.16338
6.67571
6.27215
6.54873
7.7617
6.72521
6.49206
6.14661
6.91149
6.61231
6.29191
6.74937
7.90774
6.35332
6.86548
6.89574
6.38368
6.04106
6.47076
6.60268
6.53075
6.56032
7.14822
6.37227
6.17115
6.50765
6.72092
5.94171
5.96491
6.3392
6.94957
6.59766
7.19455
6.4318
6.23915
6.66637
7.06022
6.66584
6.90764
6.47029
6.2578
6.69178
7.0397
6.38394
7.8427
6.61644
7.32445
6.4881
6.66394
6.0219
6.95332
6.47534
7.07948
6.74359
5.87781
6.25166
6.35286
6.41666
6.46253
6.42967
6.25943
6.97105
6.51762
7.07882
6.53154
6.9698
7.39702
5.81547
6.84057
6.15329
6.6385
7.05978
6.90668
7.51379
6.83
7.34913
5.31676
7.13883
6.59877
6.41572
6.45927
6.51687
6.33655
6.34012
6.26412
6.57166
6.53012
6.49874
6.37107
6.92871
6.51564
6.34984
6.72778
7.37987
7.15752
6.03943
6.73663
7.08956
7.45565
6.35275
5.6928
6.58485
6.8871
7.7182
6.10867
7.22521
6.62437
6.6372
7.02124
7.07049
6.00256
6.37286
6.14142
6.81899
6.79492
8.34886
7.12899
6.63559
6.78417
6.78101
6.79635
6.13761
6.44894
6.54967
6.67683
6.27229
6.8881
6.2506
7.03424
6.18076
6.55936
6.75635
5.85423
6.33721
6.34966
6.17142
6.20797
7.09507
6.72816
7.01316
6.89109
7.38158
6.26779
6.25518
6.40085
6.05885
6.30689
7.50003
6.82309
6.03963
5.62819
6.13546
6.65103
6.61084
6.50327
6.10087
9.05326
7.18126
6.48913
6.67989
6.32185
6.29089
6.32171
6.45934
6.47823
6.59182
6.59744
6.21193
6.95178
7.24614
6.88821
6.83155
6.13546
6.39992
6.58978
6.35285
6.71659
5.94295
8.13655
6.86957
6.84175
7.05472
6.35429
6.77486
6.72458
6.2408
6.19268
6.23945
6.4634
6.20888
6.23632
8.03207
6.65205
6.23954
9.90236
6.41669
6.4725
6.06206
5.7879
6.18887
6.8034
6.94041
6.17075
6.84229
6.63705
5.56213
6.6269
6.53525
6.21565
5.75349
6.1145
5.90426
6.91918
6.43581
7.16483
6.9404
6.18935
7.66182
6.2402
7.52864
6.12055
7.87969
7.11368
7.02345
6.02109
7.61535
7.22629
6.7143
6.27666
7.14609
6.35443
6.45938
6.48025
7.4334
7.84269
6.96012
7.3968
6.60473
7.87113
6.66741
6.33827
6.41528
6.90831
6.00128
6.56344
6.77279
6.00189
6.32315
6.3061
7.64224
7.83102
7.0878
6.32346
6.84152
5.71702
6.67576
6.48902
6.72794
6.66361
7.07524
7.06277
6.66231
6.04521
6.71644
6.06396
6.57255
6.80128
7.12775
7.66952
6.93418
6.69079
7.07811
6.27432
6.47471
6.18509
6.83023
6.55164
6.69024
5.83164
6.34162
7.1524
6.43124
6.74979
7.4574
5.78555
6.37066
6.06963
7.33258
6.68774
6.115
6.25644
6.48869
6.34817
6.51713
6.64972
6.38903
6.35403
6.79656
6.35508
6.52338
6.7971
7.3005
6.00455
6.6504
7.00422
6.39969
7.09124
6.62441
6.23942
5.98615
5.83725
5.7151
7.17179
6.5337
7.39586
6.92928
6.76126
6.55962
6.50402
6.61088
7.57618
6.62582
6.10084
6.10303
6.38485
6.46115
6.46345
6.40408
6.39602
6.59881
7.44081
5.93031
8.1505
6.44762
6.22444
6.68304
6.16335
6.2395
5.94558
6.5031
7.04137
6.59045
6.69946
6.20489
6.38419
6.58624
6.52329
5.49041
5.61431
6.69991
6.18867
5.2923
5.98165
6.61249
6.66283
6.79082
7.22507
6.33818
6.22207
6.19888
6.61282
6.27239
7.07599
6.2407
6.43114
6.16403
6.60644
6.1333
6.57074
6.47191
6.58935
6.65466
5.83453
6.82175
6.29018
6.09706
5.96035
5.83705
7.56984
5.71646
6.9989
6.52961
6.69967
6.51619
7.32008
6.94015
6.83132
7.06071
5.99086
6.40297
6.5034
6.18824
7.45445
6.62452
6.22151
5.92667
6.30645
6.15339
6.25654
6.95427
6.64054
6.52988
6.85474
6.24989
6.86868
6.6253
6.73645
6.01263
7.37251
6.37458
6.73872
6.05968
6.66435
6.43752
6.22925
6.25431
7.26975
7.03132
7.37218
5.97097
7.4111
6.91865
6.51694
6.02234
5.8556
5.7641
6.29151
6.32482
6.91977
6.30582
6.13327
5.70968
6.48805
6.50353
6.35385
6.64408
6.42905
6.00172
6.86603
6.03997
6.51612
5.99748
6.41861
6.78458
6.57499
7.42664
6.5183
5.91865
6.2485
