4.21806
3.66755
3.83182
3.2777
3.48201
3.56895
4.03332
4.01998
4.44398
4.13885
4.11527
2.94804
3.45321
3.65676
4.21188
4.36095
3.51523
3.53876
4.45434
4.24764
3.50728
4.14854
3.9186
4.22993
2.65005
4.78816
4.41599
3.32796
3.83804
3.81382
4.24741
3.61668
4.25344
3.99332
3.87871
3.85055
3.68142
3.94409
4.81017
4.12763
3.91874
4.27118
3.54709
3.7148
3.57691
4.58355
3.69312
4.15471
4.13585
3.93863
4.13359
4.16446
3.96863
3.78501
3.63622
4.13209
3.7226
3.64922
3.32063
3.74802
4.32583
4.29392
4.32812
2.92198
4.15112
4.16996
3.70701
4.06113
4.76986
3.64348
5.21859
4.12769
3.00517
4.48757
3.44707
4.17638
4.59077
4.42316
3.40008
3.98521
4.18561
3.34978
4.34704
3.60309
4.0657
3.64409
3.46854
5.6758
3.9989
3.80759
4.84413
4.29787
3.90945
4.71843
4.33707
3.50255
3.99182
3.87976
3.62111
3.42836
3.65749
4.76633
3.42029
3.86137
3.49827
4.14928
3.6473
4.27474
4.44455
3.17901
3.8858
4.20187
3.33331
4.61599
3.2934
3.49384
4.14413
3.64016
3.97962
4.35622
3.62488
4.1706
3.53727
3.32737
3.90653
4.21655
3.32614
3.91203
3.93912
3.91069
3.72274
4.70238
3.9498
3.63529
4.51342
3.543
4.12638
4.226
3.59744
3.64287
3.6164
3.29194
3.65524
4.01522
4.27732
4.01992
4.21733
3.59644
5.08618
4.33076
3.81611
3.78586
4.50222
4.43538
4.01329
4.17305
3.85167
3.81221
3.75874
4.24485
3.59573
3.34691
4.39302
4.02096
3.68254
4.25634
4.07179
3.7941
4.06833
3.49476
3.47201
3.8406
3.52244
4.63338
4.30533
3.44313
3.52576
5.07857
3.55318
3.66286
3.78476
3.85034
4.94434
3.68898
3.94269
3.82912
4.21685
3.8294
4.84493
4.00196
4.41474
3.37592
3.44975
3.60486
3.44892
4.25925
3.75486
4.15819
4.10568
3.72336
4.34076
3.70414
3.67568
4.5554
3.70644
3.2887
3.94387
4.35561
4.50345
3.93131
3.95783
4.31131
3.89
3.59255
3.36247
3.84443
3.86138
4.72842
3.45975
4.85889
3.47543
3.34934
3.66643
4.16768
4.01325
4.14943
3.89754
3.48043
4.2614
4.10812
4.33872
3.9253
3.79724
3.19104
3.66497
4.40989
3.60011
3.36651
3.63137
3.87499
3.72637
4.53131
4.01037
3.31754
4.1477
4.38851
5.00516
4.41445
3.71765
3.52993
4.25262
3.73362
4.00926
4.19491
4.16067
4.33205
3.76949
4.18992
4.0054
4.04308
2.8983
3.73124
4.37942
4.19446
3.47287
3.92405
4.02137
4.42073
4.18275
4.20097
4.14307
4.8152
3.74636
3.36997
4.12174
3.41305
4.41092
3.56577
4.30761
3.60744
3.2627
3.6755
3.87185
3.67306
4.07983
4.31117
4.05256
4.60253
4.18985
3.71133
3.54655
3.30422
4.11022
3.66852
3.81782
3.54801
3.9386
4.10796
5.86527
4.18979
4.04798
3.74842
4.00578
3.33027
3.70182
3.7421
4.43456
4.04749
3.31737
4.48833
3.15549
3.57615
3.61887
3.29869
3.76465
3.72659
4.00447
4.39164
3.9886
4.03343
3.24475
4.39155
3.85656
3.95126
5.73709
4.55109
4.39933
3.6062
3.68321
4.15289
3.43285
4.72768
3.54619
3.75837
3.50861
4.38726
3.4113
3.6095
4.17217
3.31513
4.83979
3.9648
3.56152
3.76255
4.95254
3.97723
3.90483
4.44211
3.99114
4.23886
3.58497
3.72941
3.48883
4.14225
3.87762
3.20138
4.40848
3.89307
3.45785
3.71869
3.55676
4.55878
4.23441
3.55254
4.22862
3.4985
3.55301
3.68214
3.73257
3.59014
3.7147
3.6313
3.19382
5.08685
3.15841
3.26742
5.03726
3.31227
4.00542
3.86025
3.7686
4.00254
3.57717
3.16448
4.73325
4.51149
3.8723
3.95119
3.4392
4.11256
3.70905
3.37241
3.92652
4.07715
4.1701
3.63918
4.20257
4.32175
3.17672
3.89208
4.00511
4.12193
3.7709
3.81061
3.61197
3.29942
4.25642
3.98903
4.03666
3.60885
4.12635
3.4897
4.41303
3.8919
5.00391
3.30299
3.62996
3.58867
4.17806
4.67368
4.01434
3.61458
4.26185
4.02348
3.31695
3.79846
5.38664
4.04202
5.11099
3.16684
5.22003
4.12953
4.22366
4.07873
3.90802
4.30319
3.63843
3.34607
4.20856
4.06223
4.86207
3.66781
3.81594
3.65826
4.20748
4.24767
3.43695
3.68333
3.85184
4.36369
4.3689
4.07152
4.46489
3.56331
3.45705
3.32687
4.12367
3.30608
3.60109
3.75437
4.46864
3.96346
4.15055
3.60332
4.04984
3.3362
3.32127
4.47904
3.53502
4.07847
3.34473
3.96546
5.83903
4.08729
4.39426
4.31562
5.45813
3.63085
3.88461
5.04199
4.33944
3.43408
4.26163
3.67422
3.61711
4.05068
4.21996
3.63472
3.77666
4.60109
3.56145
3.18958
3.49162
4.63946
3.95129
4.72028
3.26089
3.69073
3.87633
3.47634
