4.06327
3.53791
3.6558
3.16611
3.35425
3.43549
3.87047
3.83139
4.16068
3.93084
3.94183
2.81319
3.32667
3.52944
4.044
4.16447
3.40333
3.39928
4.23154
4.07875
3.38577
3.97766
3.76355
4.07212
2.52765
4.49992
4.24643
3.19497
3.67306
3.67675
4.05631
3.48267
4.06758
3.80083
3.71243
3.72458
3.54525
3.78836
4.60512
3.97898
3.70917
4.11417
3.36395
3.56845
3.4443
4.36608
3.56144
3.99423
3.9679
3.79055
3.88521
4.00151
3.77772
3.61314
3.48251
3.96311
3.58043
3.51788
3.1895
3.61863
4.13653
4.01871
4.16756
2.8142
3.79439
4.00435
3.54649
3.82796
4.51876
3.50413
4.66918
3.97581
2.88955
4.28747
3.31469
4.0213
4.42227
4.22258
3.2672
3.82194
4.0138
3.23006
4.12659
3.45521
3.89675
3.46544
3.33732
5.21259
3.83606
3.63588
4.6266
4.13504
3.75613
4.09838
4.12092
3.37831
3.81276
3.7189
3.4867
3.30358
3.50398
4.58045
3.28238
3.69206
3.36816
3.98624
3.48347
4.11959
4.26813
3.02218
3.72366
3.98635
3.19969
4.4047
3.15981
3.37498
4.00278
3.50561
3.81972
4.17406
3.4648
4.00572
3.40645
3.11411
3.72479
4.03887
3.20759
3.76607
3.787
3.77688
3.57556
4.47222
3.786
3.50336
4.31182
3.40529
3.97872
4.05862
3.4549
3.47399
3.4567
3.15163
3.50276
3.8745
4.11265
3.83033
4.00776
3.46225
4.89173
4.15245
3.68417
3.63666
4.24545
4.17503
3.84497
3.96024
3.72419
3.63506
3.59275
4.08417
3.46204
3.23393
4.19291
3.86294
3.52654
4.0965
3.91445
3.62214
3.86188
3.34977
3.30211
3.66623
3.37915
4.40385
4.11701
3.31433
3.38461
4.62962
3.41306
3.48201
3.65337
3.71092
4.7196
3.52818
3.76042
3.70027
4.05573
3.68327
4.6184
3.84174
4.21663
3.23149
3.30491
3.42243
3.29963
4.06714
3.59952
4.00991
3.92749
3.5654
4.15409
3.56914
3.5169
4.35909
3.56293
3.16243
3.75856
4.19961
4.15107
3.72473
3.77184
4.12349
3.73129
3.45803
3.18554
3.68495
3.71275
4.49544
3.31336
4.66024
3.34842
3.19411
3.52505
3.98684
3.87417
3.96475
3.74208
3.34734
4.09392
3.92172
4.16779
3.78144
3.63092
3.075
3.52328
4.24481
3.46997
3.22549
3.49688
3.72809
3.58774
4.38119
3.88378
3.18867
3.94736
4.16621
4.76774
4.17148
3.58458
3.36864
4.06631
3.58087
3.83147
4.02708
3.98083
4.13964
3.65987
4.04063
3.83643
3.84408
2.7828
3.58483
4.17005
4.02252
3.33163
3.77863
3.85618
4.24373
3.99257
4.03026
3.97882
4.63568
3.60079
3.27581
3.93858
3.25046
4.24559
3.42662
4.14336
3.46331
3.15343
3.46889
3.74467
3.53779
3.8809
4.14206
3.84387
4.39552
4.05645
3.56273
3.40041
3.17569
3.97236
3.53582
3.67601
3.42061
3.74486
3.93414
5.22752
3.99975
3.88425
3.5976
3.83203
3.18766
3.54306
3.6121
4.28943
3.86277
3.2006
4.28068
2.98406
3.45423
3.48063
3.1356
3.60858
3.527
3.84959
4.21417
3.79134
3.88242
3.128
4.14029
3.68547
3.77784
5.30219
4.35923
4.22894
3.46946
3.54018
3.98963
3.29693
4.43616
3.40724
3.61876
3.37821
4.21509
3.29723
3.42424
4.01918
3.17165
4.57929
3.79538
3.41349
3.61226
4.63095
3.77956
3.75163
4.28081
3.83485
4.05836
3.44255
3.56532
3.35959
3.97895
3.73453
3.07186
4.21686
3.73175
3.32098
3.55144
3.43539
4.32251
4.08323
3.40668
4.04687
3.36934
3.40566
3.55505
3.57056
3.43024
3.55407
3.4605
3.06252
4.82874
3.0208
3.14018
4.82546
3.18303
3.82506
3.6904
3.62042
3.83248
3.4394
3.03265
4.52719
4.33085
3.71647
3.7035
3.2991
3.94277
3.5608
3.24564
3.6824
3.89696
3.96768
3.49582
3.9816
4.07795
3.05914
3.75647
3.81083
3.9667
3.6254
3.64815
3.47712
3.16407
4.07131
3.84052
3.87761
3.45621
3.90375
3.34612
4.2512
3.7459
4.77566
3.16344
3.48467
3.43032
3.98342
4.49463
3.85993
3.46615
4.09732
3.85958
3.18644
3.65397
5.15173
3.85418
4.84224
3.02478
4.85714
3.94318
4.03629
3.92353
3.76419
4.1467
3.49174
3.19051
3.98528
3.91083
4.63853
3.51481
3.62571
3.49861
4.05894
4.09746
3.31473
3.49226
3.69571
4.18891
4.20791
3.8875
4.23715
3.41984
3.3202
3.18498
3.92359
3.18029
3.47064
3.62091
4.25673
3.80774
3.99018
3.47363
3.78258
3.19578
3.17812
4.314
3.39457
3.89638
3.22529
3.79795
5.15476
3.90161
4.20597
4.11019
5.07249
3.47792
3.73077
4.78557
4.1403
3.2922
4.07376
3.50461
3.47122
3.87639
4.04602
3.50549
3.59764
4.26777
3.41274
3.07058
3.33297
4.39134
3.74039
4.49537
3.13987
3.53416
3.72918
3.31696
