2.72692
2.68739
2.6631
2.83596
2.56122
2.69162
2.5632
2.96077
2.89226
3.04731
2.69123
2.71911
2.66238
2.68959
2.81083
2.5594
2.95479
2.69439
2.81531
2.82248
2.80859
2.72399
2.69886
2.84539
3.0092
2.36737
2.68774
2.49903
3.07712
2.75073
2.51459
2.88597
2.69805
2.90278
2.75307
2.55353
2.48804
2.81859
3.02502
2.91538
2.45166
2.68327
2.6734
2.55531
2.5073
2.778
2.55442
2.70229
2.94999
2.9692
2.63372
2.82041
3.06877
2.67545
2.67132
3.3031
3.06133
2.82843
2.58734
3.09375
2.48659
2.72137
2.79
3.09746
2.80733
2.88345
3.00143
2.79195
2.61867
2.79381
2.62667
2.86906
2.69062
3.1721
2.74259
2.58347
2.98942
2.91068
2.51204
2.40854
2.75082
3.20082
2.72842
2.88349
2.65501
2.69087
2.8768
2.89354
2.88572
2.81358
2.62882
2.84748
2.74963
3.00014
2.84311
2.84355
2.56179
2.92624
2.80482
2.76894
2.58773
3.07099
2.7319
2.83239
2.75079
2.5854
2.82807
2.57671
2.79649
2.81926
2.83221
2.68127
2.91313
2.73591
2.75901
2.77623
3.16311
2.76674
2.52905
3.01274
2.72823
2.9789
2.68131
3.12066
2.82163
2.66703
3.31741
2.3936
3.17363
2.77883
2.80743
2.93099
2.90415
2.65644
2.92741
2.78008
2.93694
2.94453
2.89317
2.78463
2.85494
2.89891
2.88756
3.00659
2.88931
2.8763
2.81875
2.87195
2.69325
3.14437
2.76875
2.52001
3.02182
2.8413
3.00573
2.9255
2.79635
2.94296
2.85613
2.98487
2.88199
2.58701
2.69466
2.68294
2.93186
2.94175
3.71715
3.03005
2.803
2.79999
2.84855
2.94359
2.65941
2.76489
2.58712
2.63387
2.70141
2.99871
2.76761
3.24861
2.71496
2.57082
2.9088
2.50198
2.78998
2.89052
2.76693
2.66017
2.69396
2.54501
2.95176
2.70046
3.29829
2.80294
2.82816
2.79973
2.73325
2.76332
3.03108
2.8344
2.55499
2.83033
2.65896
2.94722
2.88112
3.04136
2.76231
2.83073
2.94603
2.84138
2.79184
2.75919
2.70776
2.82517
2.80095
2.8284
2.70412
2.97693
2.73087
3.04908
2.68139
2.94435
2.69463
2.87861
2.93549
2.43185
2.86078
3.20496
2.44715
3.26508
2.96668
2.97348
2.50276
2.54532
2.73037
2.7617
2.49099
2.46301
2.59012
2.72089
2.42413
2.92739
2.64878
2.78673
2.76413
2.86613
2.57716
2.95083
2.77763
2.46627
2.52641
3.02871
2.59775
2.80772
2.94135
2.92875
2.45563
2.83527
2.79332
2.7657
2.54645
2.56897
2.68489
2.89079
2.77172
2.98441
2.8486
2.9146
2.67352
2.69156
3.23859
2.51651
2.64594
2.63924
2.89405
2.64832
3.04209
2.78977
2.68583
2.79296
3.41881
2.59852
2.95042
2.93634
2.92531
2.70367
3.11195
3.01489
2.87349
3.33096
2.70743
2.61639
2.82566
2.98796
2.60588
2.96248
2.59726
2.41063
2.71041
2.92717
3.083
3.15768
2.80898
2.75813
2.96194
2.54406
2.80645
2.6554
3.16006
2.67153
2.92719
2.66657
2.70371
2.70105
2.86058
2.68476
2.85917
2.65756
3.20904
2.39033
2.67329
2.97927
2.81743
2.74283
2.86539
2.74172
2.85272
2.94554
2.78464
2.51283
2.86721
3.197
2.38981
2.78078
2.77793
2.51629
2.68283
2.76206
2.96038
3.03234
2.73915
2.77043
2.66129
2.75945
2.72014
2.88747
2.50082
2.57485
2.91283
2.73915
2.6778
2.67452
2.80141
2.82977
2.86979
2.73607
2.84718
2.76076
2.74429
2.71202
2.57585
2.59808
2.67812
2.8736
2.75296
2.95442
2.89494
2.82347
2.78626
2.89504
2.68212
3.36
2.70282
2.69103
2.54349
2.6507
2.79617
2.69197
2.48914
2.92149
3.07865
3.15245
2.68608
3.09433
2.95453
2.81284
2.94309
2.69165
2.78119
2.57183
2.79378
2.91124
2.70997
2.8701
2.63846
2.8519
2.91226
2.95144
2.33504
2.325
2.85787
2.67736
2.39529
2.58491
2.8684
2.93806
3.05381
2.91426
2.82333
2.83643
2.81782
2.72157
2.72192
2.95405
2.61128
2.70238
2.7223
2.88381
2.74369
2.71854
2.71128
2.88009
2.95298
2.52322
2.82414
2.74978
2.637
2.65032
2.60422
2.74953
2.59805
2.94879
3.16875
2.85227
2.79559
3.13582
2.53333
2.98093
2.70304
2.67267
2.71384
2.66344
2.71732
2.73877
2.85247
2.59655
2.57398
2.68062
2.63086
2.88517
3.01176
3.01734
2.86166
2.65388
2.71217
2.95432
2.84163
3.00236
2.62758
3.26001
2.81932
2.91827
2.43625
2.91909
2.58067
2.94469
2.60142
2.62291
2.94466
2.83416
2.47964
3.20152
2.81041
2.71563
2.58816
2.56018
2.45562
2.78467
2.74564
2.94044
2.6623
2.64214
2.46873
2.65509
2.73506
2.78922
2.95386
2.6095
2.68767
2.98743
2.70275
2.79708
2.66221
2.66477
2.83946
2.7153
3.05343
2.80296
2.68614
2.7482
