5.7766
5.0657
5.63676
4.96004
4.90231
5.01873
5.66531
5.97006
7.07432
6.00127
5.97083
4.23968
4.8031
4.99809
5.91986
6.27769
4.71074
4.89483
6.9827
6.2929
4.70949
5.8683
5.41834
5.76883
4.13981
7.47292
5.88264
4.84928
5.53063
5.18523
5.97136
5.05299
6.02515
5.89415
5.6801
5.09764
5.057
5.44898
6.42281
5.60422
6.30202
5.76627
5.60219
5.2634
5.00086
6.90748
5.03129
5.78131
5.8749
5.47788
6.95234
5.72752
5.72529
5.86489
5.20972
5.72648
5.1268
5.12108
4.75851
5.0062
6.05811
6.98882
6.03026
4.1494
7.57514
5.94012
6.16367
6.09632
7.41219
5.12215
8.68294
5.66088
4.27996
6.2633
4.79708
5.62341
6.15569
6.22174
4.85252
5.67055
6.21171
4.51798
6.51052
5.09374
5.7543
5.50986
4.84382
8.72037
5.87226
5.84214
6.50725
5.94458
5.53602
8.75264
6.57929
5.05586
5.70335
5.61032
5.01593
4.75289
5.5235
6.71136
4.81611
5.49048
4.967
6.08037
5.54739
5.9483
6.17135
5.00811
5.44763
6.59242
5.01453
6.58371
4.67035
4.78983
5.55716
5.13154
5.62587
6.15976
5.70081
5.56781
4.8513
6.47074
5.64876
6.16513
4.56038
5.5688
5.47742
5.37728
5.2602
7.01374
5.51137
4.93113
6.86563
5.07049
5.57547
5.75371
5.3474
5.56896
5.30237
4.88876
5.34017
5.54673
5.77149
6.27414
6.00166
5.01823
6.94056
5.98398
5.11882
5.37168
6.81832
7.20081
5.51337
6.19442
5.19922
5.47946
5.28646
5.69648
4.97259
4.69432
6.22123
5.72771
5.31931
5.91529
5.7959
5.49877
6.49709
5.21428
5.97381
5.71333
4.89555
6.66909
6.25671
5.28166
4.99631
8.39965
5.00028
6.29674
5.14329
5.22585
7.04256
5.46528
5.70563
5.27786
5.77823
5.2342
6.81536
5.67413
6.25927
5.10344
5.08653
5.48969
4.93354
6.06739
5.28979
5.79435
5.73778
5.65557
6.17959
5.08695
5.54637
6.43308
5.15497
4.69755
5.69821
5.78286
7.80244
6.40039
5.7888
6.13876
5.71683
4.99235
5.46259
5.78833
5.47571
7.08807
5.07506
6.53515
4.77087
5.4475
5.23904
6.08457
5.40335
5.93234
5.8012
4.92767
5.99459
5.73526
5.87244
5.35971
5.5777
4.44975
5.10761
6.12727
5.13258
4.87882
4.92546
5.42594
5.09701
5.95395
5.3261
4.67785
6.57079
6.60214
7.02741
6.71935
5.08944
6.37007
6.46523
5.22188
5.77763
5.91801
5.97071
6.2142
4.89233
5.61019
5.95521
5.97265
4.25811
5.21879
6.61617
5.96379
4.893
5.44941
5.62031
6.0385
6.15431
5.93885
5.92658
6.45985
5.17704
4.40916
5.86538
5.18681
5.99796
5.11016
5.82014
5.10757
4.40718
6.0012
5.25409
5.04878
6.35615
5.97247
6.24394
6.81523
5.45969
5.3236
5.19209
4.76308
5.45343
4.99571
5.25305
4.89194
5.82108
5.83207
9.55802
6.23048
5.777
5.68405
5.63088
4.83863
5.30633
5.12899
5.7651
5.84551
4.52284
6.39688
5.63909
4.86321
5.09436
5.02173
5.48695
6.52018
5.46131
6.20218
6.05902
5.66275
4.67137
6.95936
5.4566
5.8929
8.6887
6.28996
6.09054
5.38195
5.09617
5.85398
4.80178
7.45363
5.04729
5.07831
5.01693
6.08433
4.64312
6.05853
5.56254
4.96878
7.21761
5.61233
5.17453
5.18255
7.92952
6.1041
5.53497
5.95425
5.55702
5.83154
5.03648
5.50267
4.92827
5.70226
5.65105
4.68831
6.51948
5.56033
4.89207
5.48033
4.76921
6.55579
5.64005
5.11039
6.26177
5.10024
5.0656
5.1531
5.39986
5.23098
5.4912
5.78394
4.77742
6.99459
4.76507
4.87195
6.76262
4.76231
5.95989
5.70087
5.32593
5.76687
5.10423
4.81595
6.59813
6.17093
5.60604
6.66575
5.09917
5.89006
5.18164
4.78934
6.99565
5.82922
6.54897
5.15349
6.35422
7.14086
4.48586
5.38905
6.33027
5.70119
5.25171
5.52301
5.02131
4.88217
5.97205
5.81695
5.57019
5.14432
6.28873
5.08902
5.96845
5.33009
6.69397
4.92002
5.307
5.29574
6.26223
6.3482
5.45156
5.21442
5.91647
5.54214
4.84655
5.17102
7.36636
5.86311
7.5122
4.58819
7.98634
5.87412
6.10792
5.60215
5.31044
5.85362
5.11828
5.22054
6.47422
5.63863
7.46733
5.27498
6.15348
5.20407
5.80367
5.7815
5.20924
5.73786
5.37937
6.39907
5.95064
5.73251
6.42536
5.23985
5.097
5.09765
6.39111
4.65819
4.90235
5.19286
7.00757
5.51133
5.81611
4.98656
6.50004
4.97833
5.0735
6.15974
5.01396
6.05795
4.79527
5.70595
9.4288
5.69954
6.08142
6.18277
8.57008
5.29957
5.44516
7.59141
6.19415
4.93649
6.0308
5.58717
5.32076
6.20476
6.03556
5.06166
5.71557
7.46134
5.28413
4.60432
5.97988
6.83095
6.35452
6.89253
4.65486
5.29883
5.38726
5.27913
