3.09543
3.08113
3.21883
3.47595
3.12349
3.32009
3.24502
3.25586
3.1793
3.42104
3.10949
3.23277
3.63559
3.82477
4.1595
3.34012
3.15263
3.44698
3.9124
3.03085
3.11144
3.06022
3.43407
3.5734
3.06419
3.43127
3.38071
3.50236
3.54676
3.43013
3.31079
3.867
3.28182
3.73368
3.41005
3.60287
3.47757
3.17515
3.69099
3.78379
3.10081
3.15252
3.17485
3.19295
3.12557
3.33751
3.29482
3.3425
3.24975
3.44418
3.24892
3.35602
3.15234
3.41134
3.44343
3.25243
3.17486
3.01172
3.14336
3.05757
3.12688
3.20883
3.27117
3.17661
3.61832
3.29377
3.45433
3.89029
3.81835
3.01748
3.31722
3.30783
3.10155
3.16578
3.17313
3.31875
3.79041
4.15884
2.99465
3.30473
3.28317
3.07419
3.27249
3.26342
3.39676
3.60035
3.16618
3.25389
3.34893
3.20618
3.52712
3.32155
3.50379
3.49533
3.49688
3.19149
3.20508
3.25475
2.95749
3.34233
3.35946
3.58973
3.10019
3.52092
3.38597
3.67159
3.32505
3.29017
3.46803
3.4577
3.47475
3.30473
3.42529
3.51359
3.31458
3.41748
3.11273
3.28545
3.42725
3.73053
4.02327
3.60966
3.61743
3.32253
3.52226
3.22425
3.10813
3.38755
3.37746
3.21704
3.5611
3.30105
3.32611
3.02079
3.18642
3.20534
3.39931
3.0794
3.41749
3.33253
3.64453
3.42899
3.15233
3.29531
3.28107
2.9922
2.96073
3.06181
3.26315
3.18357
3.72506
3.35968
3.28015
3.20692
3.28298
3.24146
3.2181
3.31188
3.43916
3.41961
3.39874
3.24135
3.66746
3.15603
3.61689
3.14172
3.56637
3.18509
3.28549
3.32173
3.63072
3.43983
3.49485
3.27363
3.25918
3.32675
3.38162
3.17935
2.99005
3.41301
3.38166
3.0936
3.35168
3.23926
3.27603
3.31316
3.36917
3.23728
3.46698
3.33479
3.62443
3.0423
3.08659
3.36152
3.40465
3.39435
3.26807
3.31801
3.21367
3.29732
3.43382
3.22251
3.32283
3.08684
3.17708
3.3526
3.26364
3.43527
3.2153
2.9483
3.56808
3.53952
3.30362
3.3973
3.32419
3.46395
3.45429
3.50216
2.90347
3.16832
3.46004
3.51707
3.39345
2.92858
3.56709
3.73633
3.54534
3.71246
3.22824
3.1347
3.2822
2.99832
3.92808
2.98411
2.89018
3.32383
3.21496
3.17897
3.34186
3.22841
3.2097
3.41267
3.38682
3.14774
3.56425
3.3963
3.13541
3.18718
3.54043
3.4675
3.85172
3.19013
3.05602
2.87685
3.184
2.93281
3.29457
3.25553
3.26197
3.27709
3.54541
3.13501
3.27064
3.02102
3.36862
3.75476
3.15447
3.13682
3.12829
3.38441
3.08844
3.27967
3.11991
3.86015
3.37765
3.3694
3.32768
3.4982
3.30614
3.53118
3.3755
3.2481
3.20936
3.07607
3.52594
3.02639
3.49629
3.3898
3.25635
3.47018
3.37583
3.25805
3.3819
3.2374
3.31227
3.4969
3.26979
3.05684
3.06194
3.30703
3.62339
3.82983
3.26139
2.85554
3.47483
3.05015
3.01792
3.35525
3.14277
3.16129
3.28051
3.27446
3.37465
3.32177
3.45912
3.244
3.08576
3.27389
3.36629
3.37103
3.23728
3.25287
2.91166
3.41992
3.58938
3.37182
3.43892
3.32682
3.35347
3.13932
3.34347
3.43029
3.43878
3.36075
3.45445
3.33861
3.37921
3.84754
3.37367
3.57279
3.50266
3.10176
2.92871
3.2744
3.11033
3.41252
3.4145
3.44237
2.93051
3.08308
3.13168
3.31373
3.3785
3.31173
3.48207
3.18968
3.77119
3.417
3.64033
3.26918
3.60549
3.59016
3.2356
3.2087
3.44329
3.06643
3.20639
3.53669
3.36413
3.12366
3.20549
3.01302
3.44616
3.34377
3.3595
3.43935
3.31727
3.44981
3.25315
3.35758
3.04251
3.15282
3.19345
3.20941
3.02327
3.33692
3.29152
3.24518
3.18921
3.79307
2.98853
3.25382
3.32814
3.47996
3.38182
3.66946
3.03121
2.93176
3.25388
3.40836
3.26488
3.25793
3.13183
3.04987
3.16251
3.34655
3.35944
3.13709
3.49138
3.32767
3.06229
3.37537
3.28702
3.28287
3.34615
3.43279
3.25991
3.13824
3.22987
3.4474
2.91212
3.29405
3.18497
3.31798
3.06139
3.44615
3.37591
3.4216
3.16485
2.96084
3.42539
3.24208
4.31722
3.4199
3.58206
3.11465
3.32873
3.1961
3.18982
3.74817
3.61775
3.5132
3.5084
3.42737
3.13923
3.3364
3.41844
3.89244
3.46403
3.32982
3.22912
3.42163
3.36246
3.51324
3.36091
3.55176
3.26495
3.55517
2.86553
3.42852
3.31951
3.01574
3.63951
3.75
3.35277
3.14124
3.34784
3.80132
3.47633
3.07619
3.16822
3.40175
3.04848
3.61169
3.95351
3.52318
3.08386
3.44977
3.35827
3.4943
3.53616
3.34246
3.28285
3.58908
3.31158
3.28016
3.2533
3.52164
3.54764
3.40051
3.35199
3.07182
3.93838
3.69349
3.38801
3.39187
3.40913
3.3193
3.26048
3.36316
