3.48083
3.28154
4.07439
3.59917
3.35326
3.00917
3.57906
3.67069
3.71346
3.6344
3.27501
3.48065
3.37856
3.58815
3.59365
3.38628
2.94471
3.22007
3.70983
3.4542
4.03309
3.28163
4.16337
3.78081
3.43138
3.71637
4.01866
3.27002
3.45104
3.40125
3.5401
3.61158
3.38508
3.79476
3.39764
3.35294
3.44675
3.51524
3.61846
3.33604
4.31596
3.08636
3.19215
3.40355
3.50602
3.46707
3.82449
3.59192
3.24629
3.13976
3.26443
3.71043
3.60326
3.42176
3.44302
3.27668
3.5536
3.57842
3.59871
3.13297
3.87278
3.38964
3.7792
3.39736
4.25492
3.30899
3.62029
3.41947
3.96289
3.18841
3.28255
3.88081
3.03602
3.54066
3.57174
3.40781
3.65694
3.53497
3.28845
4.14034
3.36268
3.85583
3.04851
3.41282
3.94727
3.22273
3.47982
4.04943
3.53133
3.75377
3.23663
3.45319
3.16653
3.06714
3.34593
4.37892
3.41044
4.34361
3.17073
3.51303
4.06747
3.47951
3.79929
3.4645
3.0531
4.4849
3.60006
3.04834
4.21977
3.57854
3.31359
3.83851
3.18465
3.49328
3.24135
2.99334
3.45057
3.04487
3.4918
3.34986
3.18015
3.43755
3.23882
3.68511
3.54273
4.54648
3.43584
3.10977
2.96016
3.11332
3.84333
3.94001
3.15142
3.39998
3.61272
3.43783
3.99035
3.66681
3.99069
3.69707
3.52094
3.64363
4.39715
3.46085
3.98225
3.15828
3.91521
3.12733
2.96758
4.16952
3.4222
3.18975
3.667
3.31825
2.87658
3.3424
3.45839
3.33902
3.42564
3.83068
3.43903
3.14157
3.88708
4.15874
3.72546
3.69551
3.21829
4.07709
3.35211
3.58508
3.27232
2.97087
3.62243
3.29538
3.27331
3.5607
3.07966
3.16238
3.69817
3.73006
3.73563
3.54082
3.98895
3.47649
3.32703
3.80421
3.59145
3.08512
3.04143
3.50851
3.11112
3.62376
3.34809
3.42742
3.23139
3.75136
3.53534
3.67233
3.66391
3.32289
3.82678
3.5509
3.79799
3.94905
4.14551
3.34221
3.12822
2.85855
3.99636
3.69633
3.87488
3.02222
2.99015
3.5522
3.25414
3.38836
3.20331
3.34832
3.07277
3.32573
4.23579
3.54095
3.90852
3.48087
3.26812
3.23263
3.62709
3.27411
3.05329
3.77781
4.06582
3.21306
2.87496
3.64723
3.3823
3.69625
3.71193
3.58712
3.49475
3.68935
3.33528
3.46236
3.1295
3.16553
3.20725
3.48131
3.7032
4.27702
4.36372
3.49647
3.12391
4.16589
3.10418
3.71584
3.86902
3.5067
4.03546
3.72818
3.4327
4.04062
3.4788
3.59683
3.90972
3.48809
3.56772
3.92295
3.75767
3.34251
3.38093
3.45821
3.39431
3.58446
3.45777
3.65297
3.37396
3.3712
5.0873
3.39962
3.32023
3.63186
3.71772
3.30585
3.0902
3.49803
3.79444
3.68395
3.42039
3.71127
3.35996
3.41564
3.8069
3.82727
3.51924
3.27886
3.2324
3.5569
2.96571
3.44157
3.45311
3.50606
3.50275
4.10582
3.17948
3.50237
3.92296
3.65169
3.46359
3.27157
3.58673
3.68622
3.49406
3.40703
3.82879
3.20843
3.3947
3.29319
3.72026
4.0023
2.82037
3.11468
3.81465
3.13493
3.72332
3.54896
3.28674
3.86051
3.69961
3.14749
3.06176
3.32784
3.11355
3.56845
3.56359
3.95617
4.12587
3.18481
3.65426
3.411
3.45966
3.30278
3.46507
3.62575
3.76572
3.67111
4.09247
3.60449
3.33796
3.49632
3.28831
3.68895
3.34715
3.21581
3.57654
3.72832
4.54378
3.64156
3.45236
3.72268
4.02077
3.98264
3.39106
3.76547
3.84605
3.58873
3.37428
3.38235
3.15117
3.76134
3.33243
2.99495
3.39432
3.61676
3.7014
3.04082
3.69036
3.67866
3.17979
3.31379
3.07704
3.58563
3.40468
3.53642
3.5583
3.31502
3.39267
3.59422
3.51343
3.47116
3.35058
3.55331
3.18488
3.08826
3.65809
3.37783
3.47658
3.11528
3.39407
3.51384
2.88309
3.80559
3.12731
3.37517
3.51524
3.8496
3.27057
3.30248
3.32962
3.45903
3.41896
3.76431
3.93887
3.91241
3.19705
3.13793
3.02181
3.20749
3.44225
3.09056
3.05855
3.66301
3.87085
3.47025
3.60042
3.45651
3.40686
4.01475
3.50635
4.30666
3.55541
3.48426
3.55591
3.68284
3.45517
3.38721
4.1893
3.38876
3.58002
3.73889
3.82849
3.46437
3.4385
3.69445
4.08065
3.54281
3.20341
3.57525
3.2868
4.40898
3.43111
3.85347
3.20005
4.11648
3.72831
3.7066
3.50366
3.66405
3.27016
4.30001
3.85117
3.89205
3.41887
3.32427
3.79419
3.51113
3.35476
3.39954
3.09198
3.81411
2.95962
3.41269
2.93687
3.64186
4.35454
3.0939
3.48708
3.35361
4.21105
3.41485
3.12979
3.29545
5.10708
3.77002
3.61285
3.6051
3.89552
3.31676
3.08449
3.13342
3.66745
3.76674
3.51599
3.70623
3.63767
3.12841
3.47371
3.42997
3.77325
3.23259
3.54594
3.50155
