3.00807
2.65533
2.56343
2.4157
2.51304
2.52168
2.81634
2.63377
2.68692
2.64481
2.83736
1.9195
2.45534
2.64306
2.95811
2.94094
2.61581
2.47677
2.8763
2.93763
2.52035
2.90709
2.74458
2.97505
1.7305
2.99844
3.03324
2.36544
2.60319
2.67862
2.86579
2.58678
2.87456
2.61161
2.66895
2.81011
2.60804
2.71257
3.09494
2.95347
2.55937
2.97581
2.33631
2.59989
2.58931
2.95909
2.61989
2.91961
2.87097
2.74804
2.63847
2.87604
2.56167
2.59367
2.4686
2.80375
2.61464
2.62329
2.32397
2.70348
2.87336
2.60145
3.06958
2.08476
2.51374
2.91251
2.57922
2.42479
3.06843
2.60617
2.7595
2.90466
2.10344
2.94296
2.39343
2.9416
3.24707
2.95915
2.39445
2.72572
2.86032
2.38351
2.84676
2.44666
2.71711
2.37578
2.44465
3.1848
2.8699
2.58725
3.11799
3.02114
2.73884
2.4267
2.93883
2.56932
2.65671
2.68228
2.57378
2.48623
2.51173
3.3222
2.36155
2.54327
2.4504
2.91787
2.45803
3.03429
3.04768
2.10973
2.62248
2.70427
2.36278
3.05282
2.24275
2.54742
2.93902
2.61355
2.74672
3.00946
2.49641
2.82121
2.47859
2.25524
2.54063
2.97817
2.39525
2.76637
2.77469
2.87403
2.59351
3.11028
2.65634
2.57042
3.12266
2.45348
2.9335
2.90371
2.53519
2.46888
2.43938
2.27476
2.49392
2.90393
2.90877
2.62685
2.6695
2.54812
3.57648
2.8977
2.75562
2.63808
2.68401
2.81837
2.6918
2.64583
2.80373
2.47523
2.45219
2.96077
2.53956
2.46298
2.86351
2.82044
2.55774
3.00384
2.84882
2.50453
2.60658
2.40868
2.29369
2.55099
2.38901
3.04767
2.8999
2.4499
2.47363
2.83727
2.48482
2.44962
2.7323
2.71284
3.31959
2.48507
2.63944
2.81205
2.9902
2.64357
3.12604
2.7905
2.895
2.32594
2.38709
2.32718
2.28437
2.85954
2.55988
3.01783
2.75541
2.57534
2.90799
2.68282
2.55812
3.05928
2.57803
2.32156
2.48755
3.08427
2.63106
2.58153
2.60313
2.91652
2.75088
2.53486
2.20422
2.70091
2.73367
3.11673
2.38718
3.26032
2.44761
2.27297
2.56182
2.80777
2.89538
2.78431
2.735
2.45623
2.99324
2.71916
2.92106
2.79384
2.608
2.26385
2.54414
3.13893
2.58865
2.28333
2.54346
2.71945
2.56686
3.25222
2.93861
2.33713
2.71445
2.84285
3.249
2.82897
2.64556
2.48367
2.85241
2.5628
2.66849
2.917
2.84853
2.88064
2.84044
2.97231
2.81461
2.65841
2.01915
2.60732
2.86008
2.91373
2.40568
2.80155
2.74559
3.03995
2.81627
2.90685
2.88816
3.35753
2.56617
2.60907
2.75275
2.24434
3.07805
2.49326
2.96705
2.51081
2.39245
2.38669
2.86921
2.60092
2.71387
3.04369
2.64565
3.00446
3.0961
2.63351
2.4273
2.31815
2.98343
2.64707
2.71138
2.53827
2.51735
2.81226
3.1755
2.79997
2.8314
2.63124
2.63861
2.28149
2.50443
2.69923
3.2246
2.72414
2.38253
2.89585
2.07331
2.57751
2.50651
2.12281
2.60574
2.46925
2.74449
3.00495
2.60718
2.87806
2.36129
2.74868
2.55038
2.66041
3.19352
3.0685
3.04941
2.54453
2.5142
2.91875
2.38096
2.84939
2.46244
2.63202
2.50466
3.06126
2.49473
2.36422
2.88949
2.24894
3.10981
2.72122
2.47311
2.63075
3.01265
2.59852
2.73931
3.1233
2.79744
2.82595
2.46595
2.51283
2.51126
2.82805
2.80296
2.21191
3.0431
2.66022
2.41216
2.50702
2.5905
2.94665
3.01484
2.44257
2.95714
2.51188
2.47009
2.67887
2.48684
2.41763
2.54041
2.44228
2.21416
3.04071
2.13855
2.2781
3.25851
2.32566
2.68039
2.60681
2.65048
2.76396
2.51653
2.21458
3.16953
3.11001
2.65457
2.44499
2.40094
2.82003
2.60222
2.37916
2.47193
2.69794
2.76984
2.53617
2.68727
2.85911
2.24876
2.84794
2.66466
2.92822
2.67391
2.59827
2.5749
2.2933
2.83044
2.80028
2.78249
2.47821
2.60215
2.44649
3.1229
2.73814
3.21116
2.26016
2.56129
2.44168
2.78283
3.28183
2.76195
2.48074
3.06206
2.72443
2.34076
2.65827
3.56323
2.60461
3.26048
2.06879
2.93217
2.77028
2.83766
2.8148
2.76391
3.01447
2.53002
2.23136
2.72929
2.884
3.34136
2.49681
2.55639
2.4324
3.0398
3.06098
2.49406
2.36519
2.65673
3.02814
3.13502
2.62867
2.75623
2.53109
2.43179
2.30127
2.71166
2.3428
2.54611
2.73319
3.04244
2.74064
2.9636
2.56269
2.40695
2.31991
2.29812
3.19516
2.46141
2.75107
2.39647
2.6993
2.62604
2.64032
2.88486
2.78687
3.22106
2.49598
2.74013
3.35207
2.79379
2.36855
2.81158
2.40382
2.51868
2.81365
2.91533
2.59509
2.50101
2.61716
2.46248
2.29994
2.44261
2.89539
2.54231
3.09255
2.32952
2.4506
2.747
2.32481
