2.7012
2.49736
3.13824
2.76333
2.572
2.38883
2.74668
2.77821
2.84103
2.71301
2.53785
2.61818
2.60363
2.72116
2.6472
2.54317
2.23051
2.46666
2.78639
2.59814
3.06209
2.54855
3.15473
2.7944
2.69733
2.85891
3.10197
2.57123
2.6661
2.66235
2.80841
2.7506
2.58567
2.92371
2.59006
2.50808
2.61889
2.65295
2.77651
2.54168
3.21308
2.23875
2.45271
2.50753
2.63786
2.69516
2.87315
2.82031
2.42676
2.34028
2.53094
2.81841
2.78166
2.57449
2.59646
2.58297
2.79617
2.74027
2.69062
2.45184
2.7849
2.63352
2.90098
2.55007
3.13426
2.63648
2.74697
2.67114
3.03877
2.45523
2.48909
2.79751
2.33814
2.68294
2.74391
2.60574
2.77221
2.73365
2.55899
3.13041
2.51579
3.03175
2.32233
2.56139
2.91267
2.50598
2.75185
2.89993
2.69729
2.91966
2.51067
2.63391
2.46931
2.2822
2.60662
3.10996
2.55262
3.0956
2.45463
2.7446
2.9493
2.59278
2.97061
2.58497
2.3668
3.04293
2.68604
2.38726
3.00142
2.69766
2.51434
2.99831
2.41788
2.71935
2.4445
2.32676
2.54821
2.30518
2.75286
2.61566
2.46463
2.70387
2.47925
2.79013
2.57613
3.17106
2.686
2.41547
2.22434
2.41974
2.87398
2.93855
2.4124
2.55633
2.77355
2.65261
2.90693
2.79876
3.09337
2.6335
2.67566
2.612
3.38198
2.6692
2.98991
2.37559
2.9548
2.41973
2.31905
3.09885
2.54684
2.48075
2.68592
2.53198
2.20595
2.55029
2.67633
2.48712
2.50234
3.00413
2.7462
2.34592
3.02346
3.13409
2.83466
2.81102
2.47037
2.80252
2.46461
2.69207
2.57173
2.31377
2.80395
2.47655
2.54632
2.75356
2.31558
2.46206
2.78853
2.78558
2.88826
2.75507
2.85712
2.66654
2.61963
2.95309
2.75304
2.3596
2.31638
2.69127
2.40834
2.66594
2.56144
2.65978
2.48217
2.88638
2.61187
2.81161
2.74889
2.51447
2.79435
2.75234
2.9234
2.89767
3.16682
2.51952
2.42075
2.13435
3.05427
2.80878
3.01148
2.29519
2.26107
2.78976
2.51735
2.59161
2.49539
2.53127
2.37789
2.56671
3.28696
2.73295
3.01904
2.70843
2.59006
2.48747
2.59864
2.47167
2.36332
2.83946
2.91122
2.52911
2.25051
2.93071
2.6397
2.83145
2.83164
2.70824
2.59251
2.87579
2.56084
2.57516
2.40457
2.31589
2.39176
2.77179
2.80887
3.20241
3.2442
2.73505
2.36171
3.21767
2.39332
2.82649
3.04912
2.68561
3.09888
2.90186
2.62316
2.96423
2.72255
2.7617
2.8456
2.59494
2.75416
2.98587
2.83577
2.59536
2.38528
2.66792
2.63932
2.82038
2.64079
2.85831
2.50354
2.65695
3.55902
2.61381
2.52026
2.74052
2.85201
2.51955
2.36278
2.71376
2.86514
2.89531
2.67247
2.71399
2.66462
2.63515
2.90384
2.90346
2.73681
2.49939
2.40574
2.82584
2.3086
2.66902
2.66336
2.70492
2.51805
3.11754
2.44284
2.59901
2.96984
2.78281
2.60646
2.52843
2.77456
2.74426
2.72092
2.54607
2.97014
2.30142
2.68722
2.52133
2.92201
2.9938
2.16194
2.46199
2.81866
2.49536
2.79924
2.79952
2.50078
2.8252
2.85982
2.36322
2.39806
2.51006
2.34615
2.76536
2.64761
2.95856
3.04239
2.45571
2.76599
2.57181
2.50778
2.45945
2.6773
2.74687
2.91193
2.81842
3.14079
2.66423
2.61065
2.62718
2.43754
2.89683
2.61401
2.39291
2.75124
2.94949
3.2224
2.65488
2.72206
2.85439
2.98343
3.07375
2.58852
2.79064
2.85669
2.81435
2.58833
2.57051
2.39768
2.95846
2.607
2.26713
2.5641
2.73289
2.83864
2.30864
2.87104
2.84292
2.52945
2.58719
2.3521
2.75754
2.61212
2.77606
2.74784
2.46833
2.54548
2.62469
2.66543
2.63158
2.49105
2.61675
2.4299
2.43967
2.7899
2.65061
2.69022
2.32774
2.6194
2.59476
2.19541
2.90959
2.44799
2.57184
2.76472
2.90687
2.47965
2.5468
2.59434
2.70438
2.55902
2.91651
2.93297
2.89141
2.37187
2.22322
2.27887
2.44209
2.64296
2.3276
2.36854
2.72208
2.97914
2.65966
2.60672
2.64396
2.57439
3.07218
2.75029
2.84708
2.81913
2.58562
2.70384
2.78178
2.70735
2.68608
3.13932
2.55136
2.73347
2.86175
2.84257
2.63599
2.62369
2.83943
2.77019
2.77638
2.45503
2.77773
2.52399
3.16145
2.55325
2.89867
2.36878
3.14007
2.87441
2.84099
2.66489
2.82668
2.42727
3.13375
2.83884
2.9292
2.61329
2.59538
2.8836
2.66383
2.5819
2.66369
2.32908
2.8463
2.23089
2.54448
2.30702
2.76659
3.44406
2.37758
2.65336
2.52279
3.13414
2.70083
2.43295
2.59904
3.8325
2.76041
2.74907
2.72754
2.89194
2.48831
2.41531
2.42032
2.80204
2.88785
2.7884
2.85923
2.81439
2.32588
2.61902
2.63741
2.79661
2.47691
2.66043
2.63781
