2.3209
2.33065
2.47524
2.70273
2.34767
2.48315
2.47891
2.46604
2.40438
2.55365
2.38207
2.40755
2.78783
2.76663
2.88873
2.52919
2.37336
2.61236
2.90438
2.31997
2.33779
2.3281
2.62584
2.61421
2.36704
2.57776
2.53577
2.71644
2.73368
2.61331
2.42192
2.94533
2.40883
2.68375
2.54466
2.6237
2.61884
2.42036
2.74158
2.80128
2.37473
2.3526
2.46496
2.40689
2.39039
2.48342
2.5253
2.53841
2.41627
2.5933
2.50659
2.51012
2.40241
2.58229
2.61649
2.47344
2.31614
2.27225
2.33567
2.29613
2.40594
2.47894
2.40665
2.40494
2.66269
2.45492
2.62429
2.72842
2.85885
2.31021
2.5359
2.47296
2.24791
2.42659
2.39426
2.47872
2.83424
3.03873
2.25675
2.44639
2.5165
2.38752
2.51196
2.44605
2.61483
2.76806
2.35879
2.44829
2.49723
2.45014
2.74839
2.6167
2.71243
2.66695
2.59764
2.42009
2.45184
2.39734
2.22137
2.45181
2.53413
2.72827
2.32309
2.68255
2.5742
2.77667
2.4552
2.51309
2.56484
2.56724
2.64038
2.55969
2.49114
2.63604
2.41629
2.56968
2.27901
2.50009
2.55545
2.72352
2.96088
2.71815
2.80503
2.49663
2.68669
2.36564
2.37084
2.48769
2.59443
2.45763
2.6354
2.44151
2.50207
2.23648
2.40555
2.411
2.56175
2.36042
2.51218
2.55177
2.7638
2.60205
2.41862
2.52839
2.44484
2.20918
2.27646
2.25454
2.46586
2.38912
2.6301
2.57188
2.422
2.40225
2.494
2.42047
2.41445
2.42002
2.69877
2.55595
2.60425
2.4613
2.75232
2.39749
2.66832
2.3553
2.67644
2.37521
2.44697
2.47568
2.72109
2.62082
2.64448
2.45324
2.4535
2.42865
2.53334
2.36261
2.2564
2.56048
2.5404
2.34181
2.55052
2.46094
2.44228
2.55842
2.50487
2.45922
2.68695
2.51696
2.75031
2.25663
2.29539
2.55903
2.52748
2.54796
2.46691
2.57655
2.45625
2.50131
2.65972
2.3796
2.4624
2.31979
2.45867
2.56784
2.47065
2.67638
2.37553
2.23018
2.66826
2.69567
2.49771
2.52726
2.5174
2.60291
2.59616
2.61241
2.13798
2.44917
2.63229
2.59828
2.61908
2.21485
2.73805
2.74652
2.67801
2.7164
2.44943
2.40633
2.49041
2.20659
2.86945
2.29922
2.1824
2.56348
2.40793
2.42777
2.55096
2.45953
2.42617
2.62795
2.4402
2.34216
2.6701
2.61872
2.34205
2.39261
2.70726
2.55715
2.7578
2.34577
2.39178
2.1639
2.38349
2.18774
2.47839
2.41719
2.45354
2.49695
2.64145
2.34203
2.41401
2.28251
2.54728
2.63265
2.37207
2.39271
2.37538
2.5562
2.39562
2.34727
2.37411
2.75351
2.49665
2.62788
2.4635
2.66683
2.47202
2.62528
2.53132
2.41235
2.43647
2.26979
2.69704
2.25804
2.54703
2.55684
2.46423
2.6738
2.57863
2.47914
2.61575
2.47548
2.51496
2.64402
2.43558
2.31764
2.31865
2.50793
2.79022
2.89096
2.50383
2.13183
2.67236
2.27796
2.26824
2.58457
2.34088
2.34996
2.48218
2.4897
2.50877
2.51834
2.63521
2.37963
2.36547
2.49906
2.56879
2.55261
2.42268
2.41842
2.1907
2.27235
2.71118
2.53753
2.64834
2.53483
2.39003
2.30883
2.45384
2.57504
2.66745
2.51349
2.56455
2.50405
2.57839
2.85038
2.55421
2.7595
2.60205
2.31631
2.17787
2.51967
2.35644
2.52208
2.52244
2.43578
2.25605
2.26497
2.33274
2.55758
2.56565
2.47202
2.58021
2.40752
2.8949
2.55326
2.65408
2.50348
2.657
2.69093
2.3722
2.43453
2.67881
2.33245
2.41478
2.68964
2.5919
2.41826
2.3528
2.26884
2.6511
2.54105
2.5109
2.56306
2.45858
2.55247
2.49943
2.53523
2.33593
2.39107
2.44396
2.45271
2.24649
2.472
2.46125
2.4619
2.44926
2.66456
2.30915
2.41803
2.54736
2.5722
2.451
2.7803
2.26918
2.20035
2.45714
2.58698
2.50032
2.45085
2.29047
2.28334
2.37853
2.51375
2.51729
2.34569
2.63858
2.55454
2.27711
2.58754
2.47117
2.54147
2.55784
2.61002
2.45357
2.34261
2.45399
2.61147
2.1551
2.49444
2.41248
2.52402
2.38174
2.65222
2.54636
2.54039
2.36485
2.21878
2.59401
2.42681
2.91647
2.57059
2.60739
2.33433
2.61898
2.45211
2.39907
2.84112
2.76154
2.66074
2.59595
2.62218
2.37788
2.50159
2.63832
2.9188
2.64557
2.54462
2.42195
2.55906
2.55101
2.64198
2.51663
2.66766
2.38942
2.50909
2.18538
2.53543
2.48823
2.23854
2.70127
2.71861
2.48519
2.34138
2.52529
2.95388
2.63108
2.37401
2.43111
2.67511
2.29603
2.73825
3.02995
2.67909
2.35306
2.57091
2.59421
2.59007
2.72573
2.54592
2.42905
2.76833
2.48311
2.53209
2.45006
2.72255
2.73572
2.56373
2.54096
2.31397
2.83711
2.78838
2.5498
2.50535
2.60243
2.46538
2.47041
2.54176
