3.17421
3.19835
3.10581
3.33325
3.01839
3.16531
3.03167
3.45646
3.42747
3.67063
3.21925
3.1955
3.20899
3.12957
3.37931
3.06148
3.53462
3.1669
3.31145
3.32405
3.27998
3.24005
3.18984
3.38769
3.54325
2.80013
3.12249
2.98966
3.68863
3.23765
2.93603
3.42393
3.17165
3.41085
3.24139
3.02235
2.94477
3.29011
3.60283
3.34241
2.88939
3.18145
3.16252
2.98743
3.02532
3.26355
3.01186
3.25531
3.48173
3.57754
3.14906
3.26802
3.59269
3.14895
3.12791
3.90904
3.57756
3.31607
3.05007
3.61794
2.96351
3.23189
3.33708
3.84038
3.28839
3.41118
3.52858
3.24657
3.05193
3.29357
3.13698
3.34697
3.20137
3.73963
3.21784
3.03777
3.50717
3.45987
2.96164
2.85246
3.22858
3.74955
3.21154
3.43011
3.18951
3.18218
3.39503
3.42949
3.3965
3.33965
3.14588
3.31771
3.26432
3.51688
3.34953
3.37626
3.0274
3.44829
3.32594
3.27108
3.03916
3.58163
3.26253
3.33112
3.32819
3.03816
3.2984
3.05413
3.26478
3.30261
3.3437
3.17523
3.4487
3.26137
3.25517
3.3
3.64153
3.33708
2.99104
3.53483
3.21877
3.51771
3.24821
3.67072
3.38881
3.14117
3.92084
2.82334
3.76738
3.30956
3.34373
3.46008
3.38999
3.12372
3.42464
3.24034
3.4343
3.45061
3.42366
3.2762
3.38301
3.42896
3.38102
3.5594
3.42655
3.40909
3.23181
3.39097
3.22982
3.79593
3.24979
2.9535
3.54624
3.41829
3.60026
3.3884
3.40693
3.47533
3.34681
3.55941
3.4101
3.08486
3.18227
3.14374
3.43641
3.51104
4.46279
3.59616
3.33592
3.29698
3.36148
3.55366
3.10494
3.22617
3.16127
3.11705
3.16883
3.48339
3.25251
3.86574
3.20273
3.07528
3.43469
2.945
3.29234
3.3965
3.26307
3.12339
3.20952
3.05557
3.56151
3.22778
3.96818
3.25959
3.33026
3.29246
3.23231
3.25696
3.63479
3.39004
3.0178
3.2497
3.14943
3.478
3.35253
3.59465
3.22413
3.41912
3.50095
3.31334
3.32914
3.24931
3.17206
3.33596
3.34535
3.35466
3.2726
3.44318
3.20835
3.63104
3.33098
3.46065
3.19615
3.30624
3.43016
2.90761
3.34117
3.76707
2.91812
3.97098
3.56655
3.47284
2.9342
3.02839
3.30217
3.30286
2.92097
2.9561
3.05844
3.21268
2.8875
3.42962
3.24117
3.31234
3.21975
3.72541
3.10593
3.44219
3.27832
2.88964
2.99349
3.62675
3.0846
3.28995
3.47165
3.408
2.89672
3.36942
3.29229
3.27959
2.9871
3.04464
3.15906
3.43567
3.31108
3.58674
3.33347
3.39957
3.17832
3.16454
3.91853
2.98445
3.16371
3.2459
3.4285
3.12535
3.62308
3.27436
3.18437
3.28432
4.02473
3.13125
3.40638
3.43733
3.47905
3.25412
3.62347
3.58744
3.38521
4.09402
3.17984
3.13052
3.29177
3.56121
3.04424
3.47465
3.05552
2.85497
3.20343
3.4226
3.66503
3.86949
3.33843
3.22742
3.49336
2.9536
3.35488
3.18981
3.79167
3.20951
3.55532
3.24539
3.26483
3.16388
3.43941
3.15803
3.3611
3.19671
3.83123
2.88082
3.24775
3.55168
3.39986
3.24473
3.38848
3.22981
3.38965
3.50207
3.33766
2.97191
3.36233
3.83481
2.85988
3.30514
3.27814
2.91064
3.18312
3.20496
3.47554
3.61226
3.20355
3.21993
3.15762
3.23219
3.17945
3.40389
3.01224
3.01504
3.44576
3.18521
3.19932
3.213
3.40746
3.27444
3.36858
3.28742
3.36175
3.26424
3.21245
3.19411
3.02343
3.07333
3.09057
3.50882
3.28327
3.52473
3.48986
3.33613
3.29288
3.43656
3.20543
3.96003
3.19266
3.16446
2.99906
3.15053
3.29388
3.18199
2.95811
3.39038
3.55171
3.71608
3.14042
3.76759
3.45543
3.26258
3.52652
3.19721
3.26112
3.01287
3.29882
3.5192
3.20561
3.3705
3.13113
3.35012
3.4434
3.4637
2.74802
2.74026
3.34288
3.15879
2.79881
3.04864
3.42146
3.51405
3.618
3.5079
3.28249
3.32016
3.28566
3.26573
3.20945
3.54526
3.02827
3.21812
3.18786
3.43441
3.19628
3.21539
3.18631
3.38594
3.47431
2.9656
3.4017
3.2172
3.11154
3.10315
3.08279
3.27391
3.03995
3.51879
3.74767
3.37894
3.26064
3.81865
3.06019
3.51813
3.17779
3.1214
3.21279
3.14987
3.17131
3.3472
3.37746
3.02597
3.00513
3.13508
3.1249
3.34069
3.5504
3.51831
3.35636
3.26502
3.15591
3.50746
3.36607
3.53104
3.09122
3.88328
3.36046
3.46832
2.87429
3.44117
3.05223
3.44809
3.11991
3.10859
3.53772
3.35635
2.92242
3.76488
3.36438
3.2144
3.03246
3.0325
2.90055
3.23338
3.19268
3.51038
3.12305
3.1294
2.90805
3.16413
3.24459
3.26041
3.50856
3.08468
3.15357
3.53494
3.15619
3.25367
3.12598
3.17777
3.42569
3.20888
3.67015
3.32019
3.10648
3.25579
