3.81075
3.32721
3.37918
2.98767
3.15033
3.21847
3.61057
3.53131
3.74824
3.59958
3.66753
2.59317
3.12083
3.32219
3.77655
3.85343
3.22056
3.17323
3.8834
3.80716
3.18573
3.70683
3.51473
3.81285
2.33075
4.07457
3.96274
2.98614
3.40903
3.44841
3.75135
3.26665
3.76977
3.49792
3.45033
3.51582
3.32315
3.53326
4.25467
3.73538
3.4
3.85338
3.08618
3.33309
3.2329
4.01803
3.34499
3.73406
3.69873
3.54664
3.53658
3.73401
3.4711
3.35189
3.23446
3.68655
3.34851
3.30489
2.9774
3.40484
3.82718
3.60991
3.90674
2.64033
3.37422
3.74026
3.30142
3.45711
4.13738
3.28263
3.95929
3.72587
2.702
3.96028
3.09818
3.76663
4.14441
3.89984
3.05345
3.55693
3.7385
3.03219
3.79024
3.21466
3.61767
3.18567
3.1247
4.54846
3.58756
3.36853
4.26115
3.87134
3.50932
3.41675
3.79901
3.18211
3.52538
3.46308
3.26854
3.10389
3.25998
4.27808
3.05883
3.41367
3.15537
3.72686
3.22511
3.8666
3.98022
2.78281
3.45883
3.65207
2.99029
4.06794
2.94231
3.18167
3.76548
3.2904
3.56207
3.88397
3.2171
3.7287
3.1904
2.85482
3.4324
3.76509
3.01449
3.52858
3.54128
3.56158
3.33763
4.11637
3.51625
3.28569
4.00887
3.17967
3.7346
3.78263
3.23058
3.21362
3.20318
2.93178
3.25709
3.64585
3.83655
3.53178
3.669
3.24486
4.57364
3.85797
3.46668
3.39501
3.83791
3.80029
3.56774
3.62182
3.51333
3.34773
3.31838
3.81788
3.24535
3.05207
3.86618
3.6083
3.28165
3.83542
3.66021
3.3453
3.54095
3.1186
3.04233
3.38791
3.14434
4.04352
3.81682
3.10682
3.15932
4.03833
3.18649
3.21177
3.43737
3.48087
4.36437
3.27111
3.47444
3.49185
3.79526
3.44099
4.24972
3.5843
3.89496
3.00499
3.07607
3.13688
3.05523
3.76047
3.34692
3.7713
3.63691
3.31646
3.85137
3.35242
3.27343
4.03872
3.32879
2.95977
3.45235
3.93972
3.6811
3.41498
3.47755
3.82218
3.4848
3.23952
2.92088
3.43764
3.47456
4.1373
3.08137
4.32901
3.13895
2.95758
3.2955
3.69695
3.64628
3.66962
3.49656
3.13274
3.82555
3.61951
3.8809
3.54648
3.37108
2.8849
3.29103
3.97909
3.26
2.99908
3.2748
3.48905
3.35584
4.12726
3.67241
2.98007
3.63484
3.81908
4.3854
3.80561
3.36576
3.14026
3.76999
3.33262
3.54465
3.75584
3.69284
3.82861
3.47719
3.79265
3.57467
3.53531
2.59724
3.34791
3.83874
3.74972
3.10418
3.5424
3.58798
3.95386
3.69508
3.7566
3.71495
4.33798
3.35939
3.12183
3.64282
2.99577
3.97212
3.20201
3.87093
3.23227
2.97469
3.16655
3.5384
3.31643
3.57572
3.87141
3.52236
4.05857
3.83457
3.32921
3.16582
2.96921
3.7456
3.31988
3.44468
3.21351
3.43538
3.65448
4.40886
3.69918
3.62363
3.35966
3.54724
2.96074
3.28812
3.40007
4.04701
3.57222
3.00875
3.9437
2.736
3.25271
3.25345
2.87816
3.36051
3.24175
3.5924
3.92488
3.48532
3.63936
2.94217
3.76366
3.40651
3.50124
4.62993
4.04517
3.95104
3.24926
3.30253
3.7281
3.07578
3.99289
3.1815
3.38709
3.16846
3.93467
3.11113
3.14408
3.76156
2.94397
4.18185
3.52569
3.17887
3.36925
4.16295
3.47553
3.50642
4.01435
3.58287
3.7606
3.21049
3.30392
3.15368
3.70943
3.50673
2.86288
3.91852
3.47236
3.10056
3.28841
3.23579
3.95248
3.83192
3.17226
3.76608
3.16379
3.17076
3.34973
3.30964
3.17808
3.30159
3.19913
2.85374
4.38962
2.80231
2.93474
4.46344
2.97547
3.5399
3.41995
3.3823
3.56385
3.21764
2.82596
4.19289
4.03622
3.4638
3.34746
3.07694
3.6703
3.3232
3.03999
3.34355
3.60397
3.65834
3.26433
3.64031
3.7431
2.86717
3.53868
3.51274
3.71682
3.39224
3.38867
3.2595
2.94928
3.76957
3.59834
3.61782
3.21277
3.56012
3.11912
3.98574
3.50666
4.38871
2.941
3.25501
3.17991
3.67694
4.20136
3.60241
3.22723
3.83738
3.58805
2.97955
3.41695
4.76392
3.54863
4.42177
2.79221
4.30454
3.64612
3.73839
3.66692
3.52804
3.88709
3.25536
2.9477
3.64747
3.66522
4.30448
3.26826
3.34389
3.23879
3.81809
3.85254
3.1185
3.19737
3.44143
3.90711
3.94892
3.58357
3.86563
3.19505
3.1025
2.96353
3.61527
2.97847
3.25508
3.40606
3.9408
3.55278
3.73614
3.26168
3.38808
2.97687
2.95462
4.04672
3.16768
3.6091
3.03057
3.52848
4.15113
3.59404
3.89249
3.77924
4.52281
3.23489
3.4836
4.40201
3.81128
3.0656
3.76751
3.23553
3.23866
3.60618
3.76653
3.29411
3.31547
3.77623
3.1758
2.88155
3.10306
4.00035
3.41978
4.13779
2.94605
3.27871
3.49103
3.06632
