3.63171
3.4398
4.26281
3.76329
3.51941
3.12557
3.74129
3.84269
3.88572
3.82846
3.41767
3.65332
3.5305
3.7542
3.80298
3.55497
3.08299
3.36307
3.88789
3.63567
4.21791
3.41605
4.37583
3.99268
3.57121
3.88356
4.20443
3.40201
3.61151
3.53965
3.67383
3.76236
3.54082
3.97581
3.5691
3.55256
3.61451
3.69475
3.78319
3.48771
4.54166
3.32959
3.3373
3.56872
3.68265
3.6156
4.01588
3.74096
3.4061
3.29594
3.42092
3.88954
3.75617
3.59005
3.61225
3.41412
3.70274
3.73646
3.78532
3.25747
4.10494
3.53635
3.94518
3.56088
4.49511
3.43072
3.79893
3.56156
4.14143
3.33872
3.44501
4.10752
3.17393
3.71474
3.73394
3.57998
3.82414
3.69139
3.42785
4.33563
3.53498
4.00685
3.19008
3.57432
4.15048
3.36262
3.61712
4.35845
3.68203
3.9178
3.3842
3.61394
3.29915
3.22655
3.48669
4.65453
3.57167
4.7916
3.30515
3.66606
4.31215
3.65895
3.95555
3.65968
3.18849
4.92531
3.78469
3.17087
4.58891
3.75518
3.47199
4.00224
3.33994
3.64601
3.40666
3.11702
3.63973
3.18587
3.63292
3.48568
3.3211
3.57642
3.39231
3.85346
3.7632
5.15298
3.58386
3.2461
3.10355
3.25281
4.04189
4.14422
3.29501
3.56678
3.77361
3.58921
4.21205
3.8479
4.15356
3.92691
3.68323
3.85618
4.58805
3.62853
4.20949
3.30889
4.10321
3.26671
3.08942
4.35742
3.60304
3.32647
3.86041
3.46995
3.00557
3.50209
3.61819
3.51012
3.59397
3.98863
3.57169
3.3009
4.05452
4.35543
3.8948
3.86999
3.36458
4.4741
3.5282
3.76297
3.41269
3.09638
3.7799
3.46123
3.41213
3.71846
3.23627
3.29944
3.8679
3.91624
3.89977
3.69782
4.22931
3.63519
3.46948
3.96717
3.76187
3.22646
3.17914
3.66828
3.23895
3.85007
3.51373
3.56779
3.37921
3.92255
3.74728
3.83649
3.83945
3.48722
4.05276
3.71108
3.95954
4.16851
4.34109
3.498
3.27952
3.00641
4.18759
3.88056
4.03873
3.16688
3.1302
3.69549
3.39841
3.54701
3.34061
3.52485
3.20249
3.48069
4.40774
3.69642
4.0788
3.62866
3.39694
3.38166
3.98017
3.45123
3.18315
3.96591
4.30208
3.34375
2.99352
3.78009
3.5269
3.86506
3.87913
3.79218
3.67991
3.83957
3.48034
3.64304
3.2744
3.33374
3.37194
3.6124
3.87973
4.4842
4.6019
3.64052
3.27437
4.38146
3.25253
3.89017
4.01785
3.67972
4.22081
3.88044
3.60261
4.26444
3.6338
3.75944
4.13345
3.66071
3.72312
4.10866
3.93693
3.48703
3.63112
3.61105
3.53583
3.7374
3.62202
3.80655
3.54642
3.50535
5.52111
3.58212
3.47375
3.86481
3.88237
3.47144
3.23102
3.66518
3.98184
3.83143
3.56886
3.91727
3.49372
3.57373
3.99098
4.00739
3.67311
3.42927
3.40483
3.6922
3.09506
3.58986
3.60685
3.67166
3.73075
4.30496
3.32551
3.68403
4.09838
3.83924
3.63951
3.42186
3.74165
3.90039
3.64629
3.58104
3.98527
3.39363
3.52738
3.4469
3.86504
4.20153
2.95157
3.23842
4.02318
3.26027
3.90312
3.69097
3.4413
4.07296
3.8676
3.30665
3.18795
3.48573
3.27014
3.71843
3.74775
4.15737
4.32773
3.33237
3.82475
3.57439
3.65918
3.46661
3.62431
3.80053
3.92759
3.83163
4.2912
3.8012
3.48731
3.6691
3.47138
3.83561
3.48984
3.37343
3.73394
3.87491
4.85481
3.86517
3.59271
3.89127
4.24781
4.15463
3.55123
3.96984
4.05791
3.7357
3.52835
3.54249
3.30699
3.90365
3.46975
3.14595
3.56412
3.79716
3.85259
3.1901
3.84493
3.83629
3.30505
3.45005
3.21737
3.76057
3.55411
3.68099
3.71762
3.47815
3.5655
3.8031
3.68849
3.63668
3.51995
3.74786
3.33445
3.21363
3.871
3.51547
3.62345
3.27924
3.54225
3.69964
3.01517
3.97281
3.25668
3.53682
3.66349
4.04134
3.42465
3.44742
3.4694
3.6064
3.58933
3.9331
4.13836
4.11681
3.36102
3.33773
3.17249
3.36148
3.60041
3.23564
3.19173
3.86276
4.04125
3.62672
3.80809
3.61896
3.56898
4.19982
3.6495
4.82349
3.69841
3.66517
3.73169
3.87583
3.59403
3.51794
4.38737
3.55879
3.77723
3.91007
4.0281
3.63378
3.60777
3.87126
4.41015
3.69123
3.35071
3.7283
3.4507
4.67284
3.60482
4.05216
3.38594
4.29252
3.89361
3.87283
3.67676
3.82666
3.45072
4.53
4.0662
4.09451
3.58011
3.46671
3.97836
3.68357
3.49947
3.54341
3.25292
4.0018
3.10974
3.58932
3.06053
3.81366
4.53189
3.24315
3.65428
3.51387
4.41933
3.54793
3.26259
3.43206
5.33298
3.98182
3.78164
3.78111
4.11435
3.48765
3.21087
3.27399
3.84614
3.93246
3.65218
3.86952
3.79622
3.30559
3.65941
3.58123
3.97569
3.38339
3.7252
3.66704
