4.2443
2.54559
3.69387
4.82923
3.01574
4.05612
4.74327
4.5151
4.71957
3.86992
4.89646
3.27207
3.89311
3.88447
4.02708
4.75865
3.78549
3.9477
3.09404
4.2648
4.43171
3.8139
4.40438
4.88142
5.67518
4.34956
4.10907
4.43918
5.11594
4.27687
3.60906
5.53309
3.15237
2.59632
4.89736
5.07968
4.74487
3.52585
2.68655
3.87392
4.47962
3.27098
4.96052
3.4698
3.0257
4.54885
4.59788
3.94348
6.60247
4.5595
4.67137
4.16023
4.52104
3.58207
5.27517
4.70963
4.94465
2.81744
4.78257
4.8529
5.0679
4.43755
5.84591
4.41499
4.35022
5.39679
5.28559
5.05254
4.69958
4.18879
4.91913
4.65287
3.26564
5.4342
2.98225
3.38151
3.0233
2.64679
3.05163
6.21181
6.1579
4.28409
2.91241
6.14289
3.34185
6.36137
4.96149
3.28236
5.47887
2.80871
5.21572
3.58378
3.04875
4.01625
4.76471
6.65937
4.14251
6.16744
4.71339
5.5377
4.23017
3.90408
5.93615
3.15296
4.26336
4.64256
4.72345
3.51692
5.74846
3.58686
3.70438
4.65187
4.98076
3.19276
3.19223
7.48744
3.64281
3.87267
5.4194
4.07791
4.35732
5.26043
4.47345
4.0699
4.34631
2.0239
3.6592
3.95045
3.97347
3.56194
6.26841
4.73523
3.73341
3.98281
5.10191
5.14035
4.312
4.59039
3.38586
4.52391
4.53827
2.89231
4.37314
3.402
4.88617
3.90375
5.21457
4.77666
4.87816
4.15389
2.86965
4.68303
4.50369
4.5652
4.34021
2.81449
3.48561
5.17176
3.95597
4.15353
3.64416
6.0193
5.5316
4.73317
3.52485
3.67318
4.63051
5.36316
3.34826
3.60947
8.30509
2.88729
3.40356
4.31789
5.19386
3.23299
3.9064
5.17011
5.67158
4.12269
3.91724
5.27519
2.85997
4.59882
4.91591
3.15945
2.95601
2.78705
3.66401
3.64293
4.79911
4.83073
4.30704
3.27103
3.19701
3.70832
5.87979
3.63049
4.82451
3.86041
4.26287
5.24797
5.44585
2.90816
3.02698
4.96252
3.82627
2.94396
3.88164
3.41471
5.53608
3.7712
5.25877
4.11314
4.28884
6.33755
3.05446
5.57235
5.18699
3.24423
4.96413
2.92378
3.1825
4.31303
4.42239
2.96024
6.24496
4.44973
3.68365
4.12105
3.57974
4.75493
3.76097
2.53749
3.08265
4.64326
4.49193
3.17065
4.37309
4.31126
4.89399
4.903
4.81745
4.91784
4.01536
5.88226
4.06661
3.76534
4.83274
6.10778
6.26275
4.99855
3.60681
3.73175
4.01621
3.17384
4.86999
5.4045
3.1988
2.62576
4.74276
5.26298
3.06306
4.4469
5.11163
4.5352
4.13758
6.33376
4.3137
4.43324
3.78156
4.91504
3.02068
3.5604
3.38548
4.89581
2.73422
3.89985
4.56201
3.35199
4.00222
4.54995
4.34428
4.55119
4.28089
2.73617
3.14729
4.06966
4.21336
4.61501
5.76372
2.64221
2.15882
5.3611
6.7636
2.92476
2.58999
5.64522
5.55511
2.87975
4.36915
4.45571
3.70034
3.85145
5.67144
4.96181
4.10672
5.8503
2.46676
5.15205
5.16934
5.52379
3.58954
3.59866
3.87266
4.71333
6.38498
4.1845
4.06729
4.2745
5.41935
4.29219
2.40647
4.1703
3.33557
4.50573
3.77855
5.65228
5.0532
4.52318
2.33338
3.6396
4.88838
4.03835
7.42146
4.53491
3.37207
4.36436
4.70411
5.5858
3.19703
4.41358
5.4947
4.54345
5.06345
4.60786
4.15931
3.9694
6.488
6.53192
4.50569
4.61189
4.8238
8.59509
3.98623
4.43311
6.58372
4.14874
4.56229
5.91438
4.30141
4.57992
3.25995
4.26364
5.90159
3.89217
4.30475
4.0143
4.46263
5.69171
3.65453
3.19173
3.69371
4.86594
4.53314
3.11776
4.93117
4.40424
3.02173
4.73242
4.2308
4.70367
5.26578
4.70192
5.00295
5.55402
3.03747
2.66807
4.06897
3.9262
4.61998
4.43451
4.10942
3.76001
2.83415
2.67467
2.93722
3.74848
5.23511
3.82613
4.98428
4.81723
3.87373
4.19171
2.47044
4.97571
2.73324
4.77695
3.67972
2.60571
5.40897
5.45264
5.3254
5.31605
6.09092
6.27061
4.39848
3.61852
6.53348
5.3541
4.33516
2.97032
6.48989
4.91929
4.5042
5.65619
6.03224
4.08613
3.51732
3.90355
3.96234
4.73189
3.83344
3.61553
5.73672
3.74674
4.17092
4.25092
3.90547
4.57277
4.60438
4.19387
3.81176
3.61361
5.28213
3.70537
3.58707
4.50087
2.9608
3.43975
3.22127
5.20658
3.43323
4.61034
9.52992
3.47746
2.74872
4.33157
3.12398
3.27749
8.1098
4.22561
2.63347
5.22223
4.77613
4.09846
7.18838
3.51308
4.15787
4.23839
5.32746
2.12674
3.32924
4.5145
4.18664
2.65338
4.48887
4.22951
4.44507
4.81326
2.58032
3.8108
3.28769
4.6804
3.54726
3.50051
5.99821
6.71049
5.25381
4.67458
4.69853
2.95408
4.05215
3.4768
4.08386
5.82002
3.6776
3.14232
3.68609
3.19322
