6.27931
6.21171
7.45978
6.49219
7.25291
5.90976
6.75991
7.35608
7.38147
7.85311
6.147
6.5654
6.3869
6.78006
7.19669
6.63528
5.8234
6.27697
6.79938
7.33689
7.32988
6.08701
8.31409
7.12462
6.2796
6.91369
7.66697
6.17881
6.88082
6.33689
6.21052
6.4771
6.34725
7.54866
6.93645
7.39846
6.57479
6.86842
6.45543
6.2835
8.3281
8.34288
6.27877
6.66264
7.40096
6.33011
7.13109
6.46138
6.30989
6.47832
6.3804
6.85976
6.53564
6.6633
6.75785
6.38025
6.75299
6.48913
7.13078
5.71416
7.65489
6.26466
6.71143
6.3121
7.80248
5.90492
7.16044
6.54587
7.05833
6.49773
6.55833
7.49106
6.04737
6.61847
6.93897
7.76871
6.64795
7.03683
6.16534
7.26419
6.65863
6.9393
5.92657
6.70639
7.35374
6.26066
6.45402
9.1569
6.21823
7.02537
6.40828
6.20433
5.71701
6.47981
5.98275
8.46025
6.27185
10.178
5.84505
7.12875
7.78014
7.00864
7.15654
7.49618
6.23134
9.78201
7.10871
5.64276
9.45957
6.62231
6.32562
6.91308
6.31705
6.73635
7.08064
5.50052
7.10211
5.69655
6.58848
6.05795
6.02748
6.36755
6.25188
7.37875
8.12435
10.585
6.63238
6.00615
5.78041
5.95135
7.4409
7.16687
6.01212
6.5462
6.53436
6.24436
7.7271
7.14418
7.2521
7.26902
6.4823
7.06181
7.5601
7.02686
8.47373
5.93738
7.7163
5.99735
5.47127
7.46661
6.91124
6.14448
7.04135
6.39914
6.13368
6.32575
6.56009
7.18007
6.38311
6.85015
6.28134
6.16758
7.11665
7.76149
7.01606
7.18868
6.23883
9.20686
6.7301
6.85444
6.33586
5.67203
6.52329
6.28214
5.87711
6.70766
6.21855
5.84044
6.70925
6.81875
6.91108
6.68969
7.81292
6.3763
6.3684
6.70727
6.86247
6.23038
6.04618
6.79527
5.67009
8.13971
6.92891
6.25357
6.12793
6.85252
7.26048
6.79717
6.70383
7.29834
7.60747
6.45627
6.84403
7.84674
7.3964
6.33827
6.37592
6.34094
8.00886
7.24585
7.0659
6.19502
5.98524
6.50985
6.19449
6.43592
6.07557
7.42334
5.88988
6.55809
6.97493
6.81781
7.13474
6.52015
6.02275
6.3111
8.82445
7.95741
5.69186
7.29488
7.62853
6.05779
5.5174
6.32369
6.29958
6.63531
6.98209
7.67869
6.56291
6.47619
6.33592
7.24113
6.30913
6.68059
6.37592
6.36973
6.93829
7.73406
8.7099
6.58534
5.9653
8.09272
6.80694
7.4413
6.69357
6.76527
7.69627
6.65716
6.74666
7.60402
6.56261
7.13728
7.41174
6.69305
6.64856
7.45532
6.99019
6.38303
7.69261
6.50773
6.14956
6.64433
7.3419
6.90125
7.07603
6.1634
10.1061
7.77423
6.05225
8.30852
6.60812
6.7454
6.11533
7.16121
6.76891
6.55928
6.29553
7.66642
6.24296
6.5804
7.41714
6.99228
6.89713
6.86189
6.87136
6.23797
5.8673
6.42189
6.65596
6.78902
7.93237
8.18282
6.41281
6.63147
6.95429
7.13764
7.20181
6.27639
6.41671
7.38838
6.7292
6.78103
6.6054
6.62536
5.90256
6.17044
6.40229
7.33656
5.33181
5.86663
7.28911
6.10826
7.00952
6.4503
6.42239
7.3999
7.07059
6.34478
6.0627
6.20084
6.45688
6.49614
7.21384
7.30585
7.28188
6.36561
7.01992
6.40291
7.00018
6.40082
7.32378
6.646
6.72822
6.5074
7.63065
7.20082
6.53456
6.83933
6.98395
6.53622
6.31443
6.24486
6.59348
6.28587
8.58173
7.68599
6.45107
7.05727
7.80225
6.90518
6.23891
7.30356
7.63646
6.7827
6.47091
6.65971
6.73161
6.39598
6.47502
6.25615
6.9121
7.16099
6.41145
6.09837
6.63581
6.75258
5.85496
6.1472
6.1278
7.92337
6.27208
6.33625
6.75394
6.6277
6.68289
7.08453
6.94091
6.67484
6.36508
7.37506
6.72804
5.77113
8.36398
6.27839
6.43796
6.28428
6.25124
7.23687
5.67027
6.82357
5.82327
6.45625
6.68326
7.22965
6.15654
6.18625
6.30756
6.9499
6.6214
6.86215
7.1638
7.50256
6.0904
6.82291
5.93092
6.23047
6.99045
6.07842
5.8848
7.18287
7.26302
6.4799
7.30147
6.36961
6.36078
7.04185
6.48265
9.7967
6.47782
7.39817
6.97225
7.58726
6.17903
6.31863
7.39052
6.40702
8.01212
6.67759
7.33464
6.59798
7.05855
7.07391
8.8721
6.46376
6.34283
6.71972
6.79558
8.75527
6.48094
7.43407
7.19889
7.34768
7.12879
6.61374
6.62982
6.80942
6.98064
7.78705
7.80109
7.24813
6.81677
6.52201
7.19558
7.15209
6.19734
6.19916
6.51036
7.14596
6.15281
6.82076
5.67084
6.70554
7.39684
6.4729
6.68295
6.25786
7.59157
6.54658
5.96643
6.43788
8.2557
7.22532
6.68395
7.11716
7.9791
6.90222
5.71102
6.02357
6.99712
6.84063
6.36499
6.68382
6.78462
7.09955
6.962
6.28065
7.3975
6.15582
6.81811
6.73789
