2.56041
2.5811
2.35359
2.67948
2.53361
2.50891
2.87117
2.34247
2.5323
3.03297
2.67182
2.79893
2.59742
2.26879
2.72162
2.50737
2.63237
2.27105
2.32618
2.39495
2.35829
2.58991
2.3441
2.51248
2.68895
2.44629
2.89809
2.43829
3.03088
2.87
2.27881
2.92252
2.86795
2.58893
2.84959
2.55191
2.50978
2.47333
2.62934
2.61319
2.59865
2.53083
2.15894
2.5663
2.19851
2.68277
2.63205
2.6893
2.62082
2.95959
2.63098
2.71352
2.34797
2.64767
2.92167
2.55635
2.46435
2.37335
2.72745
2.67597
2.55736
2.60445
2.50594
3.09438
2.59382
2.75719
2.62708
2.63132
2.66973
2.67563
2.51552
2.53894
2.35941
2.74472
2.36865
2.4365
2.65915
2.36101
2.94727
2.3778
2.49499
2.51747
2.79036
2.69167
2.52968
2.61875
2.56387
2.62639
2.79382
2.47789
2.37403
2.72087
2.62749
2.89255
2.52717
2.47291
2.62967
2.53856
2.60234
2.59686
2.37513
2.86993
2.69807
2.66051
2.32074
2.67807
2.85363
2.31928
2.84659
2.59977
2.5615
2.45173
2.6527
2.70338
2.46234
2.59895
2.50369
2.33746
3.43605
2.55621
2.88853
2.46541
2.76107
2.38764
2.97095
2.85843
3.13643
2.92675
2.86392
2.33048
2.48864
2.83278
2.69009
2.88698
2.44906
2.53091
2.57312
2.53946
2.86365
2.44509
2.34367
2.53452
2.53942
2.59463
2.82234
2.37014
2.67037
2.69464
2.4308
2.61091
2.46118
2.57977
2.54662
2.79674
2.82856
2.32216
2.5023
2.34689
2.57977
2.57784
2.30129
2.82186
2.58217
2.43218
2.37554
2.30952
2.62242
2.72073
2.39619
2.59825
2.93135
2.33548
2.31901
2.62483
2.5951
2.70142
2.67998
2.58245
2.47317
2.53459
2.71972
3.0953
2.51273
2.37762
2.54945
3.09787
2.81422
2.79518
2.40122
2.6892
2.7418
2.59028
2.54379
2.56849
2.53978
2.53691
2.35185
2.28541
2.68848
2.33896
2.43617
2.73508
2.5268
2.52837
2.77587
2.46355
2.63516
2.47375
2.69471
2.42315
2.65604
2.61488
2.58844
2.42031
2.99057
2.98155
2.42943
2.63761
2.02586
2.67413
2.5082
2.63064
2.3168
2.48151
2.57295
2.71496
2.6298
2.51236
2.59465
2.92794
2.74829
2.33192
2.5923
2.39355
2.65133
2.48311
2.74447
2.53048
2.49697
2.36934
2.59186
3.19107
2.33689
2.38454
2.80315
2.46047
2.67447
2.68514
2.52649
2.54532
2.65015
2.42402
2.41582
2.72549
2.46101
2.89733
2.75316
2.66076
2.38784
2.63
2.81453
2.61352
2.58198
3.04817
2.64273
2.63485
2.38938
2.69159
2.51961
2.42726
2.69127
2.56325
2.71529
2.57014
2.4567
3.04121
2.52553
2.67371
2.19252
2.36636
2.4423
3.00759
2.25012
2.46163
3.12609
2.61759
2.66644
2.42455
2.48847
2.41291
2.7052
2.42483
2.93796
2.72999
2.63013
2.40147
2.57212
2.63259
2.91056
2.21721
2.53541
2.68207
2.46489
2.34582
2.64236
2.6077
2.71731
2.76698
2.55133
2.91349
2.63595
2.74004
2.9466
2.81022
2.91131
2.45402
2.62632
2.43185
2.42459
2.46954
2.7429
2.44692
2.60987
2.55323
2.54644
2.27384
2.73964
2.63549
2.62252
2.58459
2.59482
2.72757
2.83638
2.27528
2.72353
2.58961
2.57136
2.51926
2.17947
2.19995
2.69875
2.48864
2.48588
2.64753
2.57106
2.75208
2.54112
2.51227
2.41054
2.48853
2.48209
2.79425
2.71702
2.5188
2.70031
2.58574
2.53087
2.61581
2.73383
2.37457
2.6429
3.08492
2.63107
2.46442
2.83202
2.92606
2.4861
2.36742
2.49695
2.85801
2.39479
2.54687
2.69189
2.91586
2.59897
2.41753
2.35067
2.65846
2.80195
2.43913
2.56739
2.8502
2.32243
2.67942
2.4819
2.56269
2.54782
2.38832
2.52606
3.00021
2.34049
2.46
2.93352
2.27897
2.53696
2.56862
2.72521
2.41221
2.5182
2.78659
2.46377
2.57148
2.77524
2.67774
2.5182
2.3038
2.69832
2.30041
2.50733
2.28256
2.87291
2.7709
2.5014
2.72162
2.67077
2.67692
2.5079
2.44791
2.70744
2.68307
2.73097
2.57027
3.1322
2.69654
2.72061
2.77668
2.68053
2.70896
2.42712
2.28811
2.22384
2.726
2.66986
2.54934
2.4575
2.69482
2.52494
2.52516
2.58173
3.12734
2.584
2.54293
2.81829
2.52685
2.46793
2.61194
2.68254
2.76533
2.77772
2.43307
2.57423
2.55028
2.58033
2.4871
2.57114
2.72244
2.62894
2.34371
2.94901
2.73465
2.40133
2.42444
2.9176
2.67921
2.40669
2.66999
2.78143
2.57684
2.78341
2.44413
2.61334
2.28934
2.75018
2.83262
2.43516
2.62842
2.59956
2.44429
2.65389
2.6661
2.2931
2.68376
2.69658
2.59238
2.87874
2.90766
3.08451
2.55528
2.49253
2.91507
2.28699
2.4582
2.82028
2.68639
2.50274
2.45959
2.45444
2.65473
2.59102
2.61667
