6.04208
4.31674
5.6318
6.6249
4.64084
5.81564
6.44263
6.373
6.8628
5.41922
6.95054
5.52823
5.63907
6.10053
6.62568
6.49951
5.91924
5.66888
5.08148
6.23553
6.46012
5.6762
5.65054
7.46455
7.91864
7.29282
7.64443
5.97354
7.02108
5.72697
5.55981
8.71137
5.22033
4.78223
7.71655
6.96392
8.33151
5.22045
4.80323
5.71607
6.32904
5.31719
6.90509
5.91182
4.72488
6.26115
7.32139
5.62078
9.86885
6.49139
7.31558
5.91324
6.76352
5.16879
9.28045
6.364
6.80028
4.377
8.32852
7.86019
7.40208
7.95693
7.83846
6.15781
5.83634
8.13487
8.78999
7.18188
7.14063
6.12197
7.67973
6.83997
5.8371
9.01241
4.35509
5.32647
4.56946
4.16409
5.32786
9.68345
8.96418
5.75447
4.63842
9.06832
4.9925
9.72328
8.39502
5.08245
7.96335
4.68601
7.56942
5.29397
4.77651
5.83886
7.55179
8.95917
6.86644
8.81651
6.75847
9.05942
5.93216
5.7874
9.80943
4.92872
6.45043
7.26864
7.29135
5.14907
8.6009
5.63807
5.69687
8.78598
8.53199
5.02105
5.06952
10.9368
5.25569
5.84857
8.80031
5.66411
6.14384
8.41314
7.24341
5.82789
6.28989
3.02067
5.53937
6.12583
5.67041
4.98131
8.60283
6.59548
5.65608
7.16403
7.3049
7.37116
6.57815
8.28063
5.2318
6.9703
7.17566
4.44919
7.65381
5.25029
6.81979
5.52195
7.00947
6.54798
7.06226
6.32035
5.27753
6.61542
6.55447
7.07146
6.1023
4.72625
5.70572
8.05781
5.64879
6.41759
5.48115
8.21857
7.11901
6.94191
6.00153
5.03974
6.24746
8.86255
5.34007
5.83139
10.3077
4.44174
5.18262
6.44465
8.82655
5.02759
5.84341
7.21514
7.56566
6.31
6.15648
8.94321
4.73817
6.48508
7.19986
5.0332
5.1593
3.91891
5.81078
5.10196
8.01618
7.31488
7.46932
5.12991
4.88255
5.6802
8.31667
6.29564
6.7534
5.72598
5.94652
7.69527
7.01704
4.55567
6.31033
6.38639
5.43636
4.63105
5.71372
5.27321
8.72452
5.85917
7.60313
6.82961
7.68357
9.15966
4.88047
8.92897
7.37807
5.2901
7.44704
4.48277
6.59938
6.60167
6.42372
4.54519
8.39619
6.42855
5.27312
6.23545
5.55033
6.87873
6.51012
4.04466
5.77827
6.20723
7.61514
5.10661
6.21049
6.61502
6.48569
6.87847
6.74416
7.23183
6.09575
8.75721
5.60487
5.56636
7.67966
7.98555
8.62119
6.95227
5.41465
5.49543
5.89868
4.64935
8.73432
8.4597
4.72257
4.01148
8.00294
8.63496
5.33052
7.74261
7.97533
7.19846
5.80647
8.75551
7.73021
6.59324
5.7458
8.24819
4.52073
5.248
4.92572
7.72629
4.25648
5.48107
6.32013
5.37418
5.66641
8.186
7.05482
7.57869
8.07794
5.60133
5.1973
6.27491
7.36298
7.16092
9.1841
4.36789
4.06808
7.49121
8.50479
4.45076
4.0641
8.8706
7.59778
4.4181
6.39365
6.74403
6.85444
7.38324
7.74813
6.54658
5.84728
7.98833
4.01037
7.94911
7.40557
7.85594
5.45079
5.57252
5.4723
8.65768
8.0591
7.96357
6.69209
6.52072
7.46484
6.26854
3.66457
5.59577
5.54764
7.70833
6.02791
8.00146
7.18833
6.17706
3.9749
6.20385
7.93578
5.84684
10.5113
6.1926
6.23321
6.33583
6.44832
9.3195
5.50452
6.75521
9.81086
6.15271
7.07978
6.73804
6.53607
5.46858
10.3897
9.07538
6.43281
7.48689
7.16786
11.8387
5.64565
6.14539
9.65595
5.85902
6.85243
8.77085
5.92416
6.98982
5.05458
6.33341
7.89608
6.55936
6.08875
6.08631
6.95554
8.07098
5.99183
5.12564
6.36037
6.48322
6.55476
5.2405
8.68684
6.13215
5.24194
7.85981
6.12384
7.4548
7.59763
8.36123
7.05097
7.53509
5.60047
4.05237
6.10812
5.77847
7.36095
6.15089
7.74552
5.38732
4.69338
3.99256
4.52913
5.72889
7.60469
5.76187
7.61905
7.12906
5.68751
5.80246
3.83167
7.10544
4.24407
7.49789
5.92449
4.41184
8.81496
8.7332
7.95801
8.22245
8.4789
9.76991
6.13569
5.25512
8.55626
7.19282
6.23779
4.46941
8.40264
6.71889
6.65002
7.56812
9.27431
5.97605
5.54385
5.62973
5.72628
6.72445
5.49013
5.64744
8.75239
5.62703
5.95219
6.41425
6.02601
6.83707
6.38512
5.96827
5.34613
5.39397
8.59075
5.4967
5.82884
6.71975
4.30044
5.01533
5.92351
8.51264
5.44789
7.44928
13.0262
5.05413
5.1514
6.24523
4.95555
5.1925
11.727
6.13644
4.61719
7.23785
6.74605
6.02752
10.602
5.31151
6.68871
5.91662
9.09429
4.1133
4.75575
7.09482
5.83167
4.13607
6.44798
6.06504
7.88335
6.6757
3.77108
5.54547
5.12493
7.05388
5.68348
5.80458
7.88115
9.93102
8.99516
6.45546
6.54827
4.94403
5.82832
5.24966
6.24784
9.41885
5.28687
5.10488
5.83823
5.19351
