3.76626
4.43886
3.69125
3.43464
3.54908
3.19989
4.17522
3.65153
4.84395
4.80033
3.80035
3.40261
3.35586
4.70587
4.0891
3.84177
3.73099
3.83377
4.5562
4.04608
4.61599
3.1813
4.06532
3.6248
3.82114
5.50955
4.524
4.72885
3.53483
3.24151
4.42423
3.44049
4.19588
4.07448
3.81399
4.1279
4.71508
4.70836
4.63188
3.78282
4.43596
4.20553
3.59013
4.06257
3.34963
4.42201
4.02289
3.29475
3.42458
4.07772
4.67587
4.49773
2.9331
3.96503
4.84413
3.33414
3.70376
3.00449
4.00034
4.07778
4.75735
3.74194
2.74601
3.90058
4.9388
2.49409
5.34887
4.59585
4.06545
3.10587
3.88761
2.95671
3.42076
4.054
3.71387
4.08606
4.60387
4.29451
3.63093
3.92814
3.68059
3.44302
3.27306
3.92849
3.36591
3.85606
4.06728
3.59948
3.54626
4.72867
4.987
4.78072
5.06547
3.75759
3.78587
4.1988
4.40272
4.58683
3.77477
3.36365
3.78521
4.10562
4.45205
4.31422
3.99303
3.96015
4.78758
4.01045
3.882
5.02654
3.78371
4.45081
4.06052
3.82838
4.16057
3.22976
3.60818
3.41347
3.54105
4.36725
4.21627
4.35955
3.66785
3.2613
3.75959
3.62681
3.54324
2.8706
3.50222
3.63792
4.06753
4.05834
3.44396
4.63357
3.29292
4.04175
4.83553
4.45752
4.50099
4.40094
2.92169
3.01898
4.47446
3.62227
3.2147
4.39431
3.34383
3.45405
3.53994
6.04454
2.98943
2.98779
4.14028
4.48607
4.29179
3.59586
4.22762
4.35179
2.96244
3.32217
3.17632
3.73222
3.42538
3.53142
3.62781
4.96769
5.8653
4.03139
3.16156
5.32946
4.77534
4.44909
4.72369
3.52348
4.14058
3.81096
3.03815
4.06071
3.64055
4.93498
3.02636
4.05
2.92506
4.96467
3.65893
4.21287
3.78388
3.29865
3.23998
3.84161
3.89975
2.78443
4.0432
4.60802
4.16029
3.22994
3.33696
5.72224
3.47009
5.58402
3.57394
3.05068
3.64367
3.93243
4.19141
4.08868
3.62231
4.92425
4.2251
4.3415
4.81576
4.54277
5.04438
3.63844
4.48121
3.63312
3.645
3.64366
3.53535
3.10247
3.85792
3.10873
4.5944
3.54704
2.83597
6.07698
4.17989
3.28369
3.75365
5.20216
5.16849
3.73919
3.62174
3.26808
3.54012
3.67327
4.78172
4.0786
3.5309
3.51526
3.94601
4.67441
4.03399
3.63265
5.00489
3.26204
4.52963
3.93285
3.50372
3.76831
3.61728
3.71566
3.64443
3.74398
4.44967
4.23301
3.69864
4.56928
4.11385
4.95652
4.34803
3.45304
4.90331
4.03698
5.17497
3.6516
3.09429
4.43442
3.01304
4.14253
3.33574
4.61649
4.08791
3.3301
4.75758
3.63955
5.37213
4.5358
2.68783
3.392
4.54081
4.21469
4.32895
4.11737
3.67424
3.55006
5.21678
3.73238
4.63883
4.51298
3.36278
3.13798
4.03818
3.96788
3.4756
4.9792
3.41818
4.3121
3.60046
4.5152
3.40368
4.70493
4.06156
3.8933
3.29187
3.63431
3.55366
4.31589
4.02725
3.55807
3.41426
4.61567
4.44664
4.866
3.23299
3.50618
3.79258
3.97707
4.79455
3.70774
3.75239
3.21992
3.19468
3.7599
4.09193
3.31637
5.42617
3.49852
4.07622
3.79885
3.96063
4.66609
3.3443
4.08469
3.61893
4.78269
3.69066
3.97267
4.67582
4.85849
4.53258
4.3352
3.65878
4.97099
3.50928
4.41614
4.90855
4.03001
3.92985
4.15003
3.55807
3.10684
3.25832
4.42497
3.08779
3.06969
4.1985
3.71556
4.38318
4.04707
3.48481
3.58447
3.47811
2.92093
4.10537
3.6348
4.81127
3.53657
3.41772
3.96736
3.29511
3.80025
3.02106
3.60375
5.2983
4.01835
4.34391
3.27855
3.73917
3.7443
3.43902
4.58901
3.85566
4.40433
3.73767
4.44654
4.26023
3.74777
4.04754
3.76842
3.65169
3.93075
4.11116
3.71677
3.82258
4.05125
3.80331
4.00932
3.22344
3.32605
3.84309
3.13491
3.59835
3.96866
3.15674
5.27468
4.13196
3.52138
4.17504
3.96441
3.66407
3.55419
3.60085
4.26932
3.94421
3.98503
4.09003
3.92183
4.93946
4.69896
3.91952
3.20266
4.55326
4.00217
4.08368
2.90857
3.60587
3.82748
4.65871
3.98386
4.14288
3.58259
3.22767
4.00224
4.28939
3.47574
4.2359
3.11117
4.66409
3.31749
4.44034
4.46141
3.69438
3.75463
3.8001
4.76173
3.84335
5.47616
4.01895
3.41995
4.14454
4.16183
3.42904
4.51009
4.17173
4.02164
4.08075
3.98986
3.95056
4.76437
4.12923
4.37459
4.90967
3.70892
6.5731
4.59379
3.9595
3.44616
3.58418
3.93707
5.52312
3.81875
4.14884
3.62826
3.98155
3.4416
3.46471
3.00997
4.74089
4.55482
3.89573
4.39342
3.61513
4.28145
3.08686
3.5077
3.38812
4.03497
4.14952
3.88976
3.2108
5.55888
3.41917
4.4454
3.6485
3.36768
4.18888
4.35266
3.42507
4.26151
