3.24232
3.27356
3.16975
3.40567
3.08774
3.23481
3.10101
3.52831
3.50742
3.76961
3.30506
3.26608
3.29565
3.1944
3.46431
3.13869
3.61999
3.23662
3.3839
3.39588
3.34976
3.31497
3.26058
3.46731
3.6228
2.86351
3.18504
3.06253
3.78154
3.30776
2.99704
3.50194
3.24069
3.48423
3.31236
3.0911
3.01362
3.36028
3.69371
3.40342
2.95419
3.25722
3.23507
3.05131
3.10633
3.33506
3.07738
3.33894
3.55867
3.67065
3.2244
3.33325
3.66837
3.21814
3.19695
4.00075
3.65287
3.38512
3.11698
3.6934
3.03773
3.30487
3.41947
3.96224
3.35951
3.4909
3.60491
3.31357
3.11478
3.36878
3.21341
3.41675
3.27798
3.82554
3.28805
3.107
3.58317
3.53954
3.02823
2.91773
3.29961
3.83104
3.28266
3.51068
3.26774
3.25419
3.47332
3.51091
3.472
3.41951
3.22241
3.38723
3.34304
3.59167
3.42289
3.46356
3.09872
3.52773
3.40208
3.34714
3.10531
3.65747
3.33963
3.40518
3.4154
3.10294
3.36645
3.12475
3.33291
3.37434
3.41822
3.2479
3.52936
3.33973
3.32992
3.37826
3.71217
3.42635
3.05849
3.61219
3.29078
3.59842
3.33524
3.75075
3.48133
3.21181
4.00917
2.8859
3.85592
3.38681
3.42442
3.53624
3.46079
3.1916
3.4961
3.30596
3.50796
3.52396
3.50117
3.34642
3.46304
3.50641
3.45213
3.64071
3.50794
3.48774
3.29057
3.47042
3.31278
3.8957
3.31932
3.01575
3.62345
3.50383
3.69204
3.45507
3.4984
3.55443
3.4186
3.64901
3.48842
3.15795
3.25475
3.21051
3.5103
3.59388
4.57184
3.68032
3.41591
3.37158
3.44013
3.64463
3.1712
3.29524
3.24773
3.18872
3.23702
3.55551
3.32176
3.95669
3.275
3.15179
3.51163
3.00936
3.36596
3.47122
3.3358
3.19131
3.28708
3.13206
3.65374
3.30841
4.06884
3.32599
3.40304
3.36774
3.30257
3.32932
3.72625
3.47246
3.08463
3.30895
3.22066
3.55741
3.42173
3.67478
3.29135
3.5214
3.58548
3.38263
3.40927
3.32227
3.24035
3.41158
3.42547
3.4329
3.35917
3.51141
3.27956
3.71772
3.43533
3.53758
3.27109
3.36871
3.50253
2.97905
3.41172
3.85142
2.98877
4.08926
3.65439
3.5476
3.0007
3.10116
3.39044
3.38209
2.98584
3.02868
3.12872
3.28561
2.95777
3.50129
3.34035
3.39148
3.28652
3.95582
3.1841
3.51321
3.34987
2.95175
3.06204
3.71509
3.15867
3.35961
3.552
3.47717
2.95994
3.44804
3.36604
3.35361
3.05182
3.11603
3.22704
3.5148
3.3929
3.67989
3.40675
3.46948
3.25576
3.2344
4.02075
3.05346
3.24564
3.34176
3.50867
3.19549
3.70989
3.34713
3.25697
3.35614
4.11302
3.21088
3.4725
3.51095
3.56428
3.34156
3.69783
3.67182
3.46106
4.21032
3.25056
3.20923
3.36059
3.64436
3.10697
3.54964
3.12389
2.92043
3.27468
3.49355
3.75488
3.98063
3.41876
3.29686
3.57181
3.01284
3.43708
3.26809
3.88247
3.29116
3.6497
3.3372
3.34823
3.23089
3.52419
3.22706
3.43477
3.27745
3.92116
2.95853
3.3349
3.6366
3.48936
3.31785
3.46624
3.30008
3.46998
3.58249
3.42169
3.0381
3.43512
3.92956
2.93
3.38551
3.35184
2.96773
3.25632
3.26914
3.55461
3.69731
3.27133
3.28472
3.23093
3.30305
3.24645
3.47874
3.09136
3.08108
3.52408
3.25012
3.27937
3.29393
3.50335
3.33785
3.44013
3.37383
3.43603
3.34216
3.28312
3.26507
3.08914
3.14187
3.14997
3.60348
3.36332
3.61295
3.57942
3.4119
3.36826
3.51607
3.28267
4.04709
3.26698
3.23356
3.06626
3.22594
3.36587
3.25279
3.02728
3.45968
3.61946
3.80019
3.2067
3.87175
3.52793
3.32717
3.61243
3.27196
3.33145
3.07712
3.37394
3.61081
3.27956
3.44489
3.20211
3.42443
3.52132
3.5393
2.80878
2.80128
3.4137
3.22929
2.8572
3.11582
3.50356
3.60041
3.70277
3.59889
3.34896
3.3895
3.35475
3.34736
3.28115
3.6364
3.0888
3.29451
3.25507
3.51471
3.26208
3.28897
3.25579
3.4605
3.55065
3.03087
3.48879
3.28393
3.18141
3.16993
3.15122
3.35262
3.10317
3.60888
3.82999
3.45585
3.3302
3.92444
3.14075
3.59581
3.24838
3.18662
3.2872
3.22038
3.23921
3.44339
3.45484
3.08896
3.0682
3.20218
3.19849
3.40604
3.62992
3.59155
3.43138
3.35888
3.22009
3.59201
3.44446
3.60741
3.15804
3.97595
3.44144
3.55163
2.93914
3.5179
3.12472
3.52167
3.19512
3.18382
3.6283
3.43483
2.98888
3.85146
3.44888
3.28723
3.09802
3.10038
2.96653
3.29957
3.25826
3.59604
3.19248
3.20235
2.97187
3.24067
3.31913
3.32952
3.59167
3.15462
3.22045
3.61584
3.22166
3.32165
3.19433
3.25391
3.51336
3.28186
3.76333
3.39684
3.16742
3.32972
