3.27803
2.88316
2.83023
2.61169
2.72836
2.75844
3.08134
2.92694
3.0161
2.94984
3.11302
2.13879
2.68262
2.8776
3.23172
3.23769
2.82598
2.7071
3.20033
3.23368
2.75087
3.16832
3.00286
3.25942
1.92641
3.32829
3.34772
2.56953
2.87011
2.94449
3.15062
2.81622
3.16779
2.89978
2.92629
3.05681
2.85165
2.99047
3.48345
3.21827
2.8292
3.27991
2.57125
2.84554
2.80316
3.30603
2.87268
3.19238
3.14642
3.02093
2.92139
3.16522
2.85659
2.84367
2.72234
3.10145
2.86079
2.85497
2.54017
2.94347
3.18632
2.90098
3.35438
2.27377
2.77213
3.19288
2.81701
2.74429
3.41063
2.83182
3.08316
3.1856
2.30578
3.27884
2.63416
3.22281
3.55225
3.2607
2.61316
3.00349
3.1591
2.60484
3.1519
2.70562
3.01999
2.63693
2.67573
3.56634
3.10616
2.842
3.49094
3.31319
2.99756
2.69413
3.21216
2.778
2.94211
2.94211
2.80909
2.69337
2.76045
3.64363
2.59366
2.82977
2.69402
3.18969
2.70864
3.32143
3.3657
2.32567
2.90172
3.00695
2.57037
3.38722
2.47965
2.76677
3.23013
2.84376
3.0225
3.29809
2.73124
3.12649
2.72242
2.44304
2.83431
3.23497
2.60571
3.02497
3.03158
3.10863
2.84236
3.43308
2.94384
2.81509
3.41845
2.69891
3.20734
3.19779
2.77007
2.70983
2.69112
2.49155
2.74855
3.15891
3.22666
2.92558
2.99042
2.78539
3.90771
3.22378
2.99839
2.89114
3.0442
3.12865
2.98336
2.95618
3.05035
2.7592
2.73771
3.24922
2.78334
2.66628
3.19163
3.08259
2.79575
3.28358
3.12381
2.77996
2.90827
2.64487
2.53653
2.82406
2.64373
3.35953
3.20432
2.67165
2.70084
3.18433
2.71804
2.6967
2.97317
2.97878
3.65988
2.74543
2.91197
3.04718
3.25884
2.91561
3.49395
3.0547
3.22641
2.55049
2.61545
2.58413
2.54063
3.15035
2.82114
3.27347
3.04236
2.81834
3.22146
2.90722
2.79527
3.37895
2.83213
2.5375
2.80461
3.37608
2.94381
2.84483
2.88914
3.21248
2.99448
2.77551
2.43145
2.94559
2.98223
3.4481
2.61513
3.61913
2.68448
2.49696
2.81026
3.10251
3.15538
3.07538
2.99186
2.68451
3.27269
3.01077
3.24918
3.04912
2.8583
2.4765
2.79692
3.42362
2.8174
2.52467
2.79369
2.98145
2.83991
3.55613
3.19758
2.54966
3.01385
3.15182
3.61765
3.1351
2.89326
2.70242
3.16035
2.81803
2.95616
3.19534
3.12025
3.19061
3.06724
3.25316
3.06277
2.94054
2.21229
2.85579
3.17822
3.19323
2.63698
3.04929
3.02767
3.34556
3.10426
3.19213
3.16681
3.69247
2.83586
2.78811
3.04348
2.49014
3.38252
2.73201
3.27827
2.75385
2.59209
2.6293
3.09952
2.84411
2.99129
3.3186
2.92029
3.35383
3.35031
2.86385
2.6765
2.53782
3.25078
2.8709
2.95767
2.77076
2.81452
3.08752
3.50229
3.0954
3.09388
2.87422
2.9433
2.50395
2.76451
2.9422
3.51091
3.00021
2.59606
3.2432
2.28311
2.81156
2.76213
2.3668
2.85617
2.71865
3.03366
3.31463
2.89116
3.1339
2.55832
3.07001
2.83065
2.93799
3.57902
3.39098
3.35799
2.78454
2.78332
3.1893
2.61285
3.19707
2.70534
2.88746
2.72914
3.3515
2.70905
2.61249
3.1893
2.47955
3.44636
2.98496
2.70579
2.87363
3.36071
2.88393
2.99799
3.43261
3.06045
3.13476
2.71804
2.77337
2.72861
3.12813
3.03882
2.42881
3.33111
2.93379
2.64319
2.76438
2.8094
3.25982
3.29117
2.68671
3.22106
2.73499
2.69891
2.91119
2.76412
2.6696
2.79386
2.68978
2.42664
3.4679
2.35758
2.50053
3.66295
2.54403
2.9639
2.87419
2.89338
3.02671
2.75351
2.41535
3.50718
3.42069
2.9292
2.72373
2.62498
3.10582
2.84069
2.60401
2.74667
2.99651
3.05877
2.78094
2.9909
3.14302
2.45857
3.08342
2.9373
3.19526
2.91378
2.85995
2.80566
2.5112
3.14177
3.07535
3.06605
2.72021
2.90647
2.66601
3.41785
2.99814
3.58476
2.48585
2.79123
2.68185
3.07159
3.5886
3.04529
2.73097
3.31848
3.01208
2.55536
2.9144
3.95658
2.91488
3.62352
2.30624
3.33931
3.05447
3.13508
3.10784
3.0234
3.31656
2.77037
2.46581
3.0204
3.14835
3.65885
2.75538
2.81131
2.69862
3.30667
3.33114
2.70657
2.63032
2.91511
3.32148
3.4105
2.9428
3.11063
2.74939
2.65567
2.52034
3.00911
2.55824
2.78846
2.96015
3.33856
3.01265
3.22297
2.80417
2.70225
2.5383
2.5123
3.48495
2.6971
3.03431
2.61345
2.97405
2.98115
2.9515
3.22083
3.10922
3.60902
2.74056
2.98335
3.6878
3.12506
2.60082
3.12903
2.68075
2.76
3.07385
3.19528
2.83687
2.76297
2.95757
2.69643
2.49461
2.6625
3.24568
2.81879
3.4306
2.53979
2.732
2.99598
2.56651
