6.37038
6.50516
5.66637
6.77331
6.29136
6.20528
6.84312
6.61598
6.29052
7.34888
7.17328
6.94008
6.42986
5.93129
6.68316
6.31273
6.27866
6.09837
6.37317
6.11663
6.003
6.69019
6.72928
7.29225
6.72604
6.70184
6.53632
6.19836
6.86529
6.93324
6.1098
7.25181
6.92055
6.70573
7.31614
6.17366
5.94037
6.72703
5.88666
6.33959
6.94961
6.04528
6.02055
6.86577
6.08054
7.09992
6.10265
8.67331
6.32301
6.96071
7.41221
6.52809
5.7873
7.33465
7.49516
6.39435
6.47388
5.69394
6.61132
6.59953
6.34699
6.67385
6.35572
7.48621
6.57522
7.09948
7.10809
6.72607
7.38532
7.0509
6.17043
7.09941
5.95977
7.21648
6.9944
6.44745
6.62458
8.231
9.16103
6.43691
6.25935
6.60192
7.93843
6.64269
6.26114
6.49444
6.79626
6.60438
6.72565
6.63922
6.35828
6.85268
6.57013
6.99855
6.57402
6.63945
7.29289
7.12924
6.81922
6.59971
6.43025
7.15368
7.05468
7.29233
6.15338
6.88594
7.10103
6.49145
7.07533
6.94052
6.61769
6.06188
6.66683
6.46912
6.29021
7.31013
6.28944
6.18981
7.88185
6.48875
8.28596
5.98028
6.55741
6.13481
7.09956
6.72516
6.91976
7.44069
6.8375
6.07799
6.05907
7.6701
7.06485
6.43805
6.65509
6.77501
8.65009
6.18786
8.05689
5.91987
5.94107
6.32085
6.75089
6.46534
6.46392
6.80436
6.54632
6.98337
6.13435
6.6138
6.54554
6.91909
6.54426
6.73724
7.189
6.19089
5.95212
6.23533
6.39823
7.15663
5.83384
7.08828
8.1468
5.98545
5.9429
5.84494
6.54552
6.48823
6.18825
7.27836
6.87524
5.92094
6.35547
6.97162
6.97045
6.65068
6.81223
6.51752
6.80864
7.49629
6.5066
7.46907
6.25987
7.24131
6.55864
8.48621
7.0408
8.02367
6.14699
6.58576
6.85446
6.30772
6.61187
6.58672
9.75878
6.02339
7.48534
7.72819
6.51609
6.84417
6.3411
7.23352
6.84415
6.47396
6.65491
7.26812
6.3895
6.42951
6.48772
6.79883
6.80849
6.07932
6.6628
6.5087
7.19084
7.88542
6.58519
6.18733
5.43471
6.48924
6.27327
6.65203
6.77333
6.72671
7.23394
7.42012
6.50662
7.01142
6.88204
8.00157
6.19921
5.96055
6.38671
5.73892
8.05273
6.96099
7.15574
6.67492
6.51911
5.92583
7.64438
7.84929
6.1281
6.61316
6.86737
6.97125
6.62739
6.84933
6.94065
6.71434
7.54563
5.85859
7.39818
7.41168
6.13549
6.74928
6.60164
6.82184
7.17332
6.16901
6.62564
6.30688
6.27395
7.71782
6.81919
7.60959
5.96171
6.46256
6.5084
6.20934
7.38252
6.58641
6.82032
6.41849
6.06003
7.63788
6.15193
6.45996
5.93851
6.20919
6.30655
6.68824
5.98208
6.95137
7.35011
7.20791
6.29315
6.2242
6.04123
6.16953
6.76207
6.07606
6.28047
6.46176
6.34059
6.24814
6.36965
7.4636
7.36815
5.61852
6.543
8.17118
6.39182
6.55652
6.43371
6.75398
7.66549
7.05177
6.62458
7.4037
6.62652
7.12977
6.81211
7.09065
6.59558
6.81996
7.99662
6.34557
6.51652
6.45755
6.36982
5.89793
6.47032
6.42233
6.27227
5.92064
6.44314
6.07157
6.85425
6.72027
6.3395
6.74134
7.05136
5.8841
6.45916
6.57308
6.93131
6.22079
7.00177
5.94232
6.88022
8.86872
6.07823
6.63675
6.17198
6.68211
6.30051
6.75411
5.72735
6.26402
6.36979
7.12999
6.60361
6.41061
6.27371
6.4806
6.65107
6.39972
8.59013
6.75389
6.62858
7.32558
6.81906
5.96159
7.022
6.83145
6.09258
6.67776
6.5364
8.18454
6.15422
6.43202
6.9599
6.83924
8.47584
6.05962
6.72576
6.97181
7.30156
6.24013
6.38786
6.82054
7.83256
6.93978
6.16916
6.06389
6.70449
7.06272
8.51819
6.89543
6.57596
6.06476
8.11967
5.71713
6.66945
6.20558
6.61308
5.86838
6.54512
6.84207
5.98474
6.45942
7.07172
6.61309
6.53483
6.53074
6.51666
6.23328
7.21818
6.00328
7.2181
6.59839
7.17179
6.61196
6.5979
6.61367
6.53059
6.65483
7.10964
6.5943
7.47032
6.68933
6.74408
6.45564
6.42602
6.69755
6.82065
7.29393
7.38877
6.30794
5.78745
6.79862
6.95061
6.05884
6.74275
6.32136
6.11964
6.55128
6.97155
7.36036
6.3409
6.25646
7.08829
6.29899
6.32274
7.07967
6.45286
7.30798
6.57047
6.30712
7.70615
6.93075
6.04071
6.2241
8.79665
7.04223
6.62471
6.24475
7.32432
6.48786
6.05911
6.54781
7.15083
7.41969
6.1917
6.66032
6.99073
6.46078
8.60477
6.17526
6.27344
6.32398
6.71363
6.5308
6.02132
7.8076
7.20069
6.53903
6.78849
6.24072
5.98194
6.89707
6.58877
6.2568
7.97652
7.48543
7.06004
7.84821
6.4158
6.95081
5.88149
5.85626
7.59307
7.58222
6.7287
5.91989
6.7862
6.53741
6.18202
7.11118
