3.34173
3.3821
3.26185
3.50949
3.1885
3.33452
3.20148
3.63137
3.62357
3.91596
3.43549
3.368
3.424
3.28798
3.58698
3.25181
3.74274
3.33722
3.48782
3.49849
3.4508
3.42219
3.36172
3.58167
3.73733
2.95448
3.27441
3.16742
3.91656
3.40792
3.08445
3.6136
3.33951
3.58926
3.41413
3.18982
3.11355
3.46172
3.82892
3.49068
3.04766
3.36827
3.34016
3.14327
3.22614
3.43803
3.17088
3.46052
3.66873
3.80633
3.33233
3.42701
3.77655
3.31759
3.29787
4.13408
3.76119
3.4835
3.21304
3.80157
3.14686
3.40894
3.53896
4.14292
3.46181
3.60712
3.71451
3.41051
3.20504
3.47782
3.32402
3.51702
3.38908
3.95011
3.3895
3.20802
3.69243
3.65403
3.12426
3.01172
3.40228
3.94841
3.38556
3.62725
3.38006
3.35745
3.58723
3.62989
3.58091
3.5358
3.33291
3.48742
3.45775
3.69891
3.52796
3.59572
3.20339
3.64375
3.5112
3.45797
3.20021
3.7675
3.44992
3.51241
3.5418
3.19532
3.46396
3.22668
3.43085
3.47772
3.52497
3.35256
3.64691
3.45281
3.43892
3.49176
3.81433
3.55857
3.15522
3.72369
3.39444
3.71518
3.46256
3.86552
3.62046
3.31408
4.13614
2.97538
3.98379
3.49738
3.54138
3.645
3.56246
3.28907
3.59837
3.39966
3.61419
3.62915
3.61264
3.44675
3.57981
3.61772
3.5538
3.75779
3.62654
3.6013
3.37447
3.5865
3.43413
4.04096
3.41908
3.10463
3.73447
3.62717
3.8273
3.55045
3.63051
3.66859
3.52213
3.78044
3.60144
3.26297
3.35972
3.30634
3.6166
3.71261
4.72742
3.80222
3.53221
3.48005
3.55547
3.77548
3.26705
3.39527
3.37262
3.29262
3.33507
3.65986
3.42079
4.08679
3.37927
3.26326
3.62235
3.10163
3.47167
3.57875
3.44009
3.28884
3.40077
3.24307
3.7873
3.4266
4.21387
3.42149
3.50703
3.47766
3.40207
3.43344
3.85944
3.59181
3.18014
3.39311
3.32246
3.67208
3.52146
3.78946
3.388
3.6847
3.70855
3.48245
3.52526
3.42791
3.33891
3.52048
3.54068
3.54563
3.48479
3.60944
3.38267
3.84325
3.58935
3.64925
3.37978
3.45872
3.60655
3.08284
3.51322
3.97295
3.09107
4.26646
3.78027
3.65623
3.09909
3.20666
3.51923
3.49593
3.08004
3.13298
3.23057
3.39102
3.05988
3.60366
3.49083
3.50641
3.38255
4.38042
3.29658
3.61494
3.45205
3.04113
3.16051
3.84241
3.26702
3.45933
3.66897
3.5764
3.04997
3.5613
3.47261
3.45921
3.14494
3.2193
3.32399
3.62843
3.51182
3.81615
3.51395
3.56942
3.37003
3.33502
4.16823
3.15297
3.36973
3.48299
3.62503
3.29625
3.83544
3.45306
3.36108
3.45972
4.23947
3.32605
3.56723
3.61707
3.68965
3.47232
3.80522
3.79386
3.57054
4.37896
3.35342
3.32408
3.45978
3.7634
3.1966
3.65748
3.22317
3.01491
3.3766
3.5949
3.88698
4.14326
3.5358
3.39743
3.68476
3.09774
3.55581
3.38055
4.01144
3.40989
3.78567
3.47357
3.46851
3.3271
3.64557
3.32612
3.54092
3.39477
4.0495
3.07531
3.46162
3.75896
3.62035
3.42294
3.57829
3.40055
3.58618
3.6975
3.54395
3.13272
3.54005
4.06564
3.03158
3.50274
3.45916
3.04945
3.36145
3.36114
3.67094
3.81955
3.36872
3.37755
3.33661
3.40592
3.34282
3.58583
3.20702
3.177
3.63703
3.34344
3.39616
3.41156
3.64514
3.4284
3.54254
3.50155
3.54228
3.45719
3.38586
3.36737
3.18367
3.23974
3.23493
3.73974
3.47935
3.74255
3.70862
3.52126
3.47762
3.63006
3.39393
4.1723
3.37537
3.33289
3.16309
3.33519
3.46931
3.35448
3.12711
3.55978
3.71637
3.92192
3.30184
4.02401
3.63184
3.41965
3.73573
3.37968
3.43235
3.16929
3.48248
3.74336
3.38661
3.55268
3.30357
3.53179
3.63344
3.64833
2.89615
2.88907
3.51567
3.33067
2.94077
3.21198
3.62232
3.72517
3.82515
3.73179
3.44446
3.48856
3.4544
3.46547
3.38451
3.77009
3.17579
3.40474
3.3513
3.63012
3.35664
3.39517
3.35598
3.56815
3.66052
3.12486
3.61543
3.37937
3.28202
3.26598
3.24875
3.46787
3.19335
3.7423
3.94687
3.56644
3.43121
4.07868
3.25824
3.70714
3.35072
3.28033
3.39467
3.32159
3.33764
3.58572
3.56625
3.17977
3.15907
3.29934
3.30447
3.49965
3.74514
3.69694
3.5406
3.49575
3.31197
3.71608
3.55798
3.71701
3.2535
4.10996
3.55836
3.67266
3.03286
3.62869
3.23069
3.62748
3.30318
3.29475
3.76017
3.54894
3.0853
3.97819
3.57222
3.39182
3.19259
3.19726
3.06176
3.39499
3.35292
3.72009
3.29336
3.30761
3.06349
3.35161
3.4264
3.42909
3.71195
3.25539
3.31605
3.73232
3.31541
3.41999
3.29285
3.36385
3.63976
3.38712
3.89881
3.50723
3.25486
3.43561
