3.20846
3.23626
3.13805
3.36979
3.05329
3.20037
3.0666
3.49272
3.46771
3.72027
3.2621
3.23107
3.25244
3.16224
3.42214
3.10028
3.57767
3.20204
3.348
3.36033
3.31513
3.27787
3.22556
3.42785
3.58335
2.8321
3.15408
3.0264
3.73538
3.27305
2.96682
3.46331
3.2065
3.44789
3.2772
3.05703
2.97942
3.32546
3.64836
3.37322
2.92205
3.21953
3.19906
3.01964
3.06596
3.2996
3.04495
3.29739
3.52057
3.62437
3.18708
3.30092
3.6309
3.18385
3.16262
3.95519
3.61554
3.35096
3.08383
3.65602
3.00078
3.26876
3.37856
3.90143
3.32425
3.45128
3.56709
3.28033
3.08364
3.33143
3.17548
3.38217
3.23994
3.78288
3.25322
3.07258
3.5455
3.50006
2.9952
2.88537
3.26436
3.79063
3.24737
3.4707
3.22897
3.21851
3.43442
3.47043
3.43455
3.37983
3.18445
3.35275
3.30391
3.55462
3.38655
3.41986
3.06323
3.48823
3.36436
3.30934
3.07253
3.61982
3.30146
3.36843
3.3721
3.07089
3.33274
3.08972
3.29915
3.33877
3.38131
3.21187
3.48927
3.30086
3.29277
3.3394
3.67712
3.38185
3.02508
3.57382
3.25508
3.55836
3.29195
3.7111
3.43507
3.17675
3.96539
2.85492
3.81199
3.34855
3.38436
3.49854
3.42571
3.15797
3.46071
3.27348
3.47143
3.48762
3.46275
3.31166
3.42326
3.46803
3.41693
3.6004
3.46749
3.44873
3.26149
3.43091
3.27151
3.84611
3.28488
2.98494
3.58518
3.4614
3.64634
3.42206
3.45302
3.51519
3.383
3.60441
3.44957
3.12173
3.21877
3.17743
3.47368
3.55284
4.51786
3.63855
3.37618
3.33453
3.40099
3.59952
3.13832
3.26095
3.20483
3.15314
3.20322
3.51972
3.28748
3.91164
3.23915
3.11377
3.47349
2.97748
3.32948
3.43417
3.29976
3.15765
3.24851
3.09408
3.60795
3.2683
4.01891
3.29308
3.36701
3.33031
3.26785
3.29345
3.6808
3.43156
3.05155
3.27966
3.18539
3.51801
3.38742
3.6351
3.25803
3.46978
3.54347
3.34827
3.3695
3.28606
3.20648
3.37408
3.38575
3.39409
3.31617
3.4776
3.24422
3.67469
3.38332
3.49938
3.23388
3.33774
3.46666
2.94357
3.37674
3.80958
2.9537
4.03011
3.61087
3.51047
2.96757
3.06503
3.34655
3.34283
2.95362
2.99271
3.09383
3.24942
2.92286
3.46582
3.29067
3.35218
3.25342
3.83534
3.14534
3.47803
3.31445
2.92096
3.02806
3.67128
3.12184
3.32512
3.51207
3.4429
2.92867
3.40905
3.32945
3.31698
3.01974
3.0806
3.1934
3.47559
3.35225
3.63355
3.37031
3.43487
3.2172
3.19976
3.97003
3.01924
3.20468
3.294
3.46886
3.16073
3.66681
3.31098
3.22101
3.32053
4.06929
3.17136
3.43975
3.47444
3.52185
3.2979
3.66095
3.62996
3.42343
4.15255
3.21543
3.1701
3.32646
3.60318
3.07592
3.51247
3.08994
2.88797
3.2394
3.45843
3.71015
3.92533
3.37884
3.2624
3.53291
2.9835
3.39629
3.2293
3.83757
3.25059
3.60289
3.2914
3.30686
3.19769
3.48219
3.19286
3.39824
3.23735
3.87665
2.91971
3.2916
3.59448
3.44484
3.28162
3.42767
3.26529
3.43011
3.54267
3.37994
3.00533
3.39902
3.88259
2.8952
3.34555
3.31524
2.93945
3.22005
3.23735
3.51525
3.65515
3.23774
3.25263
3.19457
3.26786
3.21324
3.44168
3.05201
3.04828
3.48524
3.21795
3.23957
3.25373
3.45555
3.30647
3.4047
3.33077
3.39925
3.30334
3.24801
3.22988
3.05656
3.10795
3.12056
3.55654
3.32357
3.56904
3.53499
3.37431
3.33083
3.47668
3.24437
4.00394
3.23004
3.19931
3.03293
3.1885
3.3302
3.21771
2.99298
3.4253
3.58592
3.75844
3.17386
3.81994
3.49202
3.29519
3.56985
3.23489
3.2966
3.04529
3.33666
3.56534
3.24286
3.40796
3.16697
3.38756
3.48269
3.50181
2.77866
2.77103
3.37859
3.19434
2.82829
3.08255
3.46282
3.55755
3.66071
3.55365
3.31602
3.35518
3.32048
3.30684
3.24559
3.59104
3.0588
3.25662
3.22179
3.47491
3.22947
3.25247
3.22134
3.42352
3.5128
2.99851
3.44552
3.2509
3.14677
3.13682
3.11736
3.31349
3.07189
3.56396
3.78929
3.41773
3.29566
3.87184
3.1007
3.55733
3.21334
3.1543
3.25028
3.18545
3.2055
3.39544
3.41648
3.05773
3.03693
3.16888
3.162
3.37368
3.59045
3.55524
3.3941
3.31222
3.18831
3.54994
3.40555
3.56957
3.12497
3.92996
3.40126
3.51025
2.90696
3.47984
3.08866
3.4852
3.15785
3.14635
3.58328
3.39585
2.95588
3.80839
3.40687
3.25114
3.06551
3.06678
2.9338
3.26674
3.22573
3.55351
3.158
3.16616
2.94025
3.20267
3.28218
3.29525
3.55042
3.11994
3.18734
3.57573
3.18924
3.28791
3.16043
3.21614
3.46987
3.24566
3.71704
3.35883
3.13723
3.2931
