3.98047
2.34573
3.45933
4.62447
2.78059
3.80699
4.49709
4.27148
4.41249
3.65376
4.59447
2.94755
3.68151
3.5924
3.64577
4.53482
3.52212
3.67967
2.86783
4.03167
4.12704
3.57472
4.23488
4.45476
5.27757
3.89119
3.64221
4.20874
4.84169
4.07217
3.37146
5.08287
2.85406
2.33972
4.51003
4.80495
4.2668
3.28462
2.49028
3.64559
4.16505
3.03688
4.66105
3.20781
2.83218
4.31554
4.19634
3.7255
5.73385
4.25378
4.25748
3.91703
4.18748
3.39032
4.5563
4.4923
4.6881
2.63464
4.16338
4.48881
4.7848
3.88582
5.5321
4.16312
4.11654
4.98317
4.76315
4.69132
4.38604
3.94264
4.4833
4.34532
3.00275
4.81636
2.81153
3.14375
2.83002
2.46439
2.76241
5.48826
5.72434
4.05185
2.68379
5.66238
3.15655
5.74694
4.31568
3.10049
5.09648
2.57114
4.80061
3.37382
2.84116
3.78466
4.4494
6.24526
3.80107
5.75685
4.43396
4.97205
3.98335
3.65433
5.19959
2.93149
3.98523
4.21944
4.43174
3.28088
5.37268
3.32089
3.45253
3.85905
4.3908
2.93034
2.96524
6.5037
3.468
3.61693
4.90744
3.8573
4.09915
4.86781
4.10032
3.81099
4.08646
1.91582
3.44706
3.62984
3.75414
3.3796
5.7503
4.43219
3.45848
3.58485
4.81407
4.85407
4.03408
4.14688
3.14286
4.15482
4.14183
2.68022
3.98465
3.16378
4.59817
3.68449
4.91675
4.53142
4.52547
3.85134
2.61632
4.4154
4.20153
4.21215
4.09116
2.59611
3.19438
4.83909
3.7387
3.86175
3.4014
5.63052
5.30366
4.4066
3.22348
3.49017
4.33822
4.89711
3.14228
3.35277
7.75534
2.70024
3.15161
4.02083
4.53911
2.99962
3.62893
4.83865
5.35121
3.77699
3.6527
4.66696
2.66124
4.33726
4.60462
2.88717
2.72977
2.65197
3.35871
3.4588
4.35272
4.44866
3.94336
3.08405
2.98815
3.45366
5.45525
3.29478
4.53812
3.602
4.01003
4.9148
5.18572
2.71243
2.61157
4.73399
3.61932
2.73242
3.59514
3.14863
5.01502
3.50722
4.90735
3.76658
3.82668
5.88546
2.81268
4.85473
4.85214
3.01768
4.60121
2.75251
2.88747
3.98602
4.14312
2.77595
5.88059
4.18044
3.45504
3.86745
3.32979
4.43125
3.35293
2.34026
2.84324
4.40288
4.06351
2.94303
4.13676
4.02275
4.66526
4.55002
4.51998
4.54197
3.73772
5.4361
3.82566
3.51187
4.45052
5.86519
5.79161
4.73547
3.37427
3.48771
3.78061
3.01459
4.20328
4.86141
2.99995
2.46598
4.10555
4.75485
2.84093
3.97715
4.57369
4.07507
3.86982
5.81424
3.74249
4.15271
3.50094
4.42983
2.8416
3.31613
3.17043
4.49269
2.55747
3.66402
4.32501
3.09792
3.78879
3.88853
4.02708
4.18427
3.72298
2.50307
2.91389
3.83725
3.8113
4.2781
5.03792
2.46364
1.98578
5.03391
6.46689
2.74635
2.39786
5.14303
5.20784
2.70704
4.10691
4.11293
3.4106
3.36721
5.35799
4.72962
3.8468
5.45672
2.29329
4.72618
4.87895
5.17774
3.35375
3.33836
3.68497
4.19624
6.06482
3.63766
3.71619
3.95151
5.10929
4.02253
2.26187
3.97656
3.04354
4.09484
3.51844
5.16743
4.74579
4.32244
2.16021
3.29598
4.4377
3.78622
6.82629
4.29976
3.09622
4.09183
4.41965
5.01591
2.95913
4.06283
4.43872
4.3096
4.7477
4.31806
3.82218
3.7543
5.65493
5.94908
4.19568
4.2458
4.44636
7.42566
3.75552
4.19532
5.89036
3.90421
4.22537
5.47212
4.06735
4.23749
3.06772
4.00885
5.59177
3.66111
4.09128
3.71966
4.178
5.3579
3.35116
2.95385
3.43686
4.57731
4.24288
2.88754
4.40172
4.20601
2.75752
4.28784
3.96954
4.28685
4.8901
4.15646
4.69455
5.07583
2.77111
2.51017
3.79734
3.70576
4.17129
4.19768
3.53781
3.53309
2.62752
2.50721
2.75354
3.47968
4.79583
3.541
4.53678
4.45209
3.64387
3.98269
2.32124
4.62692
2.53669
4.42097
3.43253
2.4233
4.86244
4.90918
4.96702
4.91346
5.59793
5.63277
4.1831
3.36998
6.16404
5.04444
4.0541
2.79429
6.11756
4.65495
4.22764
5.33538
5.50267
3.8127
3.25702
3.69162
3.70737
4.42748
3.61692
3.36045
5.2057
3.48592
3.94134
3.90033
3.60074
4.25251
4.35902
3.94655
3.61759
3.39465
4.82621
3.44629
3.31635
4.22403
2.79389
3.2339
2.94309
4.76498
3.18661
4.16709
8.25103
3.2876
2.48711
4.06141
2.88535
3.08071
7.08492
3.95319
2.43707
4.84821
4.48883
3.84471
6.50307
3.26042
3.86446
3.94632
4.68805
1.91929
3.14562
4.17849
3.95633
2.46578
4.21107
3.96143
4.00015
4.55443
2.4277
3.56883
3.09424
4.36785
3.33062
3.25654
5.75472
6.1336
4.65874
4.35882
4.40964
2.69595
3.79786
3.22652
3.82989
5.31123
3.48818
2.88003
3.41087
2.99523
