3.88728
3.71349
4.58879
4.0411
3.82956
3.32422
4.01976
4.14465
4.19609
4.18017
3.66201
3.9536
3.79208
4.03581
4.17876
3.84991
3.31833
3.60607
4.18775
3.96561
4.52641
3.64368
4.7643
4.36192
3.80917
4.17219
4.53563
3.62655
3.89186
3.7728
3.8978
4.0105
3.80361
4.3038
3.88118
3.9452
3.90773
4.01293
4.06172
3.74439
4.93274
3.91867
3.59047
3.84578
4.00201
3.86814
4.34405
3.99418
3.68253
3.56586
3.70687
4.19846
4.01417
3.88212
3.90773
3.65403
3.96252
4.00283
4.11373
3.4657
4.5104
3.78602
4.22498
3.83843
4.91112
3.63471
4.11328
3.80573
4.44109
3.60711
3.73243
4.49818
3.41286
4.02018
4.0139
3.90846
4.10643
3.96352
3.66659
4.66117
3.83617
4.26063
3.43221
3.84698
4.49389
3.60386
3.8515
5.04662
3.93262
4.20125
3.64766
3.8883
3.52509
3.50578
3.72466
5.13516
3.84339
5.81904
3.53195
3.93979
4.74025
3.97663
4.22371
4.03134
3.42395
5.75944
4.10569
3.37696
5.38686
4.05571
3.74246
4.28101
3.60995
3.91407
3.70389
3.32479
3.98523
3.42378
3.8737
3.71302
3.56567
3.8121
3.6608
4.14058
4.20685
6.42064
3.8405
3.48135
3.34699
3.49743
4.38454
4.49338
3.54093
3.8527
4.04633
3.84568
4.59297
4.16783
4.4261
4.33093
3.95838
4.22465
4.90546
3.92714
4.65437
3.56205
4.42752
3.50705
3.29413
4.66484
3.92533
3.56266
4.18803
3.72684
3.22688
3.77805
3.89902
3.81098
3.87019
4.25921
3.79959
3.5764
4.34305
4.69032
4.18219
4.1734
3.61741
5.31011
3.82942
4.07079
3.65882
3.30944
4.04593
3.75238
3.64767
3.99209
3.50866
3.53452
4.15226
4.2309
4.18237
3.97143
4.64932
3.90697
3.72168
4.24119
4.05958
3.47093
3.41213
3.9421
3.45309
4.29867
3.81339
3.80478
3.63394
4.21813
4.14596
4.11743
4.13555
3.7947
4.44052
3.98651
4.23182
4.55178
4.67594
3.75945
3.55368
3.27176
4.54793
4.20672
4.31919
3.4162
3.36883
3.93666
3.64524
3.82216
3.57652
3.8599
3.4227
3.75289
4.68946
3.96294
4.36919
3.88072
3.61643
3.64103
4.79084
3.81264
3.4023
4.30007
4.70144
3.56802
3.19596
4.00341
3.77517
4.15191
4.16343
4.20589
3.99842
4.09231
3.72565
3.96669
3.52744
3.62595
3.66105
3.83457
4.18693
4.83272
5.03591
3.88841
3.53301
4.78633
3.52417
4.19232
4.2667
3.98765
4.54227
4.13329
3.90232
4.64971
3.90875
4.04276
4.5217
3.95019
3.98793
4.43038
4.24025
3.73221
4.11014
3.87304
3.77539
4.00282
3.91746
4.07512
3.84561
3.73202
6.34535
3.9703
3.73006
4.39567
4.15898
3.77336
3.47192
3.96697
4.29908
4.08052
3.82489
4.28017
3.72209
3.8528
4.31281
4.31443
3.94191
3.69547
3.70909
3.92021
3.31955
3.84444
3.87095
3.96646
4.16583
4.65708
3.58459
3.99722
4.38963
4.17707
3.96767
3.68457
4.00623
4.29549
3.90926
3.88865
4.24376
3.71421
3.75102
3.71002
4.10702
4.54432
3.177
3.44793
4.38921
3.47751
4.20994
3.93193
3.70971
4.44188
4.16192
3.58447
3.40383
3.75426
3.54807
3.97411
4.06899
4.50103
4.65803
3.58833
4.1158
3.8519
4.00622
3.74659
3.90868
4.1005
4.19873
4.1004
4.64505
4.1455
3.75043
3.96367
3.80193
4.08207
3.73595
3.64308
4.00372
4.1216
5.39956
4.29238
3.83362
4.18353
4.65431
4.44485
3.82594
4.33354
4.43214
3.98665
3.79381
3.82066
3.58762
4.13812
3.70663
3.41698
3.87032
4.11245
4.10022
3.45487
4.10493
4.10254
3.51977
3.67988
3.45687
4.08588
3.80682
3.92551
3.98803
3.7569
3.86668
4.17151
3.99534
3.92226
3.80944
4.08764
3.59574
3.42974
4.36709
3.75077
3.87108
3.56805
3.79329
4.02321
3.23816
4.25502
3.47666
3.82024
3.92337
4.37281
3.68897
3.69572
3.71078
3.87024
3.88063
4.227
4.47808
4.46607
3.64101
3.6899
3.43287
3.63041
3.87955
3.48106
3.41947
4.21613
4.34118
3.8958
4.17002
3.89619
3.84493
4.51454
3.89372
5.82412
3.94309
3.98172
4.04302
4.22768
3.82765
3.73976
4.71825
3.85033
4.16976
4.20007
4.37433
3.92842
3.91472
4.18886
5.02928
3.94362
3.60884
3.99203
3.75266
5.14351
3.89863
4.40194
3.73447
4.58351
4.1793
4.15615
3.98
4.10523
3.77759
4.91621
4.46873
4.44695
3.86295
3.71532
4.29876
3.98385
3.74425
3.78911
3.54667
4.3165
3.37417
3.89921
3.27434
4.10469
4.83299
3.50905
3.94414
3.78356
4.77043
3.77551
3.48946
3.67138
5.69517
4.35181
4.06906
4.08616
4.517
3.78955
3.42565
3.51726
4.15843
4.21357
3.88415
4.1451
4.0671
3.63535
3.9931
3.83673
4.33132
3.64384
4.03356
3.95211
