6.16956
6.82528
6.42085
6.285
6.20127
6.0803
6.16466
6.63716
7.35308
7.6261
7.61477
6.42012
6.81732
6.13523
6.78859
6.36745
6.87915
6.25603
6.30226
6.31378
6.43088
6.1171
6.18424
6.76884
6.51725
5.45623
5.88449
5.82765
7.36053
6.00539
5.75943
6.38694
6.28671
6.19444
6.19981
6.09866
6.00755
6.46758
7.50557
6.00525
5.9676
6.98797
6.44474
6.04217
7.16632
6.1529
5.83729
6.78555
6.56
7.35215
6.28394
6.11247
6.6229
6.21798
6.49921
7.7127
6.67269
6.43978
6.09584
6.86048
6.56084
6.23874
6.70025
7.859
6.29945
6.8141
6.84335
6.32976
5.98669
6.42066
6.55235
6.47866
6.50924
7.09965
6.32083
6.11877
6.46051
6.67285
5.88751
5.91244
6.2876
6.89749
6.54441
7.14624
6.37878
6.18519
6.61593
7.0091
6.6155
6.85565
6.42007
6.20582
6.64147
6.98787
6.3301
7.79385
6.56485
7.27362
6.43467
6.61164
5.96869
6.90398
6.42264
7.02791
6.69625
5.82347
6.20241
6.29886
6.36354
6.41171
6.37697
6.20627
6.92412
6.46601
7.02712
6.4787
6.91764
7.35
5.76488
6.78788
6.09956
6.58648
7.00804
6.85999
7.46373
6.77748
7.29973
5.26905
7.0914
6.54584
6.36253
6.40596
6.46378
6.28236
6.28919
6.2136
6.52003
6.47681
6.44844
6.31789
6.8766
6.46616
6.30026
6.6771
7.32923
7.10726
5.98589
6.68738
7.03819
7.4053
6.29886
5.63937
6.53311
6.83535
7.66876
6.06168
7.1745
6.57133
6.58417
6.97068
7.01906
5.95003
6.32157
6.09334
6.76653
6.74208
8.30165
7.08055
6.58842
6.73152
6.73351
6.74724
6.08464
6.39802
6.50005
6.62432
6.22449
6.83652
6.20255
6.98363
6.13371
6.50658
6.70754
5.79911
6.28373
6.30056
6.11916
6.15583
7.04672
6.67636
6.96333
6.84227
7.33593
6.21785
6.20079
6.34931
6.00436
6.25329
7.45006
6.77209
5.98543
5.57863
6.08327
6.59915
6.55763
6.45253
6.0497
9.00799
7.13018
6.43708
6.62978
6.26873
6.23737
6.26844
6.40663
6.4276
6.54313
6.54413
6.16274
6.90216
7.19819
6.83666
6.78272
6.08181
6.3475
6.53807
6.30004
6.67112
5.89187
8.08814
6.82329
6.78943
7.00426
6.30071
6.72288
6.67175
6.18704
6.14122
6.18531
6.41304
6.15618
6.19056
7.98348
6.60152
6.18565
9.86638
6.36458
6.41868
6.01166
5.73466
6.13492
6.75671
6.89168
6.11827
6.79013
6.58397
5.50704
6.57492
6.4858
6.16445
5.70314
6.06526
5.8533
6.86734
6.38606
7.11412
6.88867
6.13574
7.61224
6.18628
7.47885
6.06744
7.83513
7.06612
6.97237
5.96782
7.56534
7.17569
6.662
6.23076
7.09514
6.30192
6.4059
6.43092
7.38304
7.79383
6.90885
7.34664
6.55493
7.82522
6.61579
6.2861
6.36177
6.85638
5.94664
6.51311
6.72021
5.9486
6.26973
6.25302
7.59252
7.78209
7.03591
6.27148
6.78916
5.6637
6.62294
6.43587
6.67738
6.61108
7.02519
7.01462
6.61287
5.9944
6.66486
6.01335
6.52175
6.75027
7.07724
7.62034
6.88583
6.64065
7.03124
6.22083
6.42155
6.13674
6.77776
6.50377
6.63965
5.77668
6.29037
7.10538
6.37806
6.69738
7.40755
5.7304
6.31845
6.01832
7.28179
6.63541
6.0603
6.20238
6.43543
6.29819
6.46399
6.59663
6.33803
6.30037
6.74422
6.30179
6.47431
6.74488
7.2497
5.95206
6.59751
6.95346
6.34606
7.04035
6.57138
6.18644
5.93635
5.78584
5.66047
7.12053
6.48264
7.34543
6.87844
6.70878
6.5074
6.45242
6.55784
7.52632
6.57342
6.04779
6.05167
6.33123
6.40938
6.41306
6.35303
6.34619
6.54594
7.39041
5.87873
8.10213
6.39619
6.17151
6.63655
6.11349
6.18539
5.89482
6.45194
6.99035
6.53894
6.65012
6.15057
6.33096
6.53534
6.47353
5.43879
5.55873
6.64706
6.13568
5.24545
5.92719
6.55978
6.61654
6.74195
7.17411
6.28461
6.16799
6.14842
6.5602
6.21879
7.02763
6.18822
6.37794
6.11317
6.55843
6.07864
6.51744
6.42219
6.53867
6.60538
5.78169
6.77206
6.23639
6.04249
5.90592
5.78582
7.5201
5.66214
6.95179
6.4826
6.64664
6.46282
7.27235
6.88844
6.77918
7.0092
5.93941
6.35168
6.45038
6.13493
7.40718
6.57158
6.1673
5.87791
6.25281
6.09942
6.2039
6.90499
6.59087
6.48191
6.80333
6.19877
6.81892
6.57268
6.68358
5.96217
7.32228
6.32461
6.68699
6.00512
6.61196
6.38616
6.18064
6.2046
7.21955
6.97972
7.32154
5.91931
7.36074
6.86672
6.46375
5.97089
5.8016
5.71012
6.23951
6.27182
6.86812
6.2519
6.07866
5.66112
6.43502
6.45053
6.30014
6.59466
6.3753
5.94766
6.81481
5.98535
6.4627
5.94881
6.36872
6.73287
6.52428
7.37643
6.46627
5.86439
6.19939
