3.92486
2.30497
3.4106
4.58153
2.73154
3.75411
4.44395
4.2203
4.3479
3.60796
4.52983
2.88043
3.63722
3.53271
3.56734
4.4877
3.46787
3.62139
2.82131
3.98313
4.06344
3.52504
4.19799
4.36674
5.19119
3.8026
3.55713
4.15929
4.78347
4.02852
3.32317
4.99495
2.79279
2.28818
4.43262
4.74661
4.17462
3.23344
2.45057
3.59734
4.0977
2.9891
4.59693
3.15425
2.79191
4.2664
4.11386
3.68014
5.54614
4.1884
4.17114
3.86549
4.11784
3.34969
4.42044
4.44569
4.63308
2.5971
4.04852
4.41561
4.72535
3.77972
5.46545
4.11013
4.0662
4.89623
4.66105
4.61388
4.32034
3.89106
4.39265
4.28108
2.95038
4.69671
2.77561
3.09404
2.78951
2.42642
2.70407
5.33243
5.63525
4.00135
2.6364
5.56178
3.11831
5.62202
4.18942
3.06334
5.01361
2.52236
4.71083
3.32945
2.79861
3.73609
4.38555
6.15432
3.73086
5.66978
4.37366
4.86947
3.93066
3.60184
5.0538
2.88547
3.92802
4.13234
4.3727
3.231
5.29506
3.26543
3.40009
3.7173
4.2748
2.87558
2.91787
6.28612
3.43169
3.56367
4.80884
3.81066
4.04467
4.78728
4.02322
3.7562
4.03239
1.8932
3.4035
3.56232
3.70793
3.34103
5.6339
4.36747
3.40052
3.50459
4.75232
4.79484
3.9764
4.06435
3.09235
4.07854
4.05991
2.63581
3.90847
3.11402
4.53653
3.63777
4.85106
4.47848
4.44999
3.78827
2.56568
4.35875
4.13738
4.13858
4.03887
2.55243
3.13287
4.77089
3.69314
3.8014
3.3508
5.54577
5.25484
4.3371
3.16304
3.45085
4.27419
4.80699
3.09958
3.30046
7.62436
2.66094
3.09873
3.95757
4.41639
2.95064
3.57057
4.76846
5.28022
3.70422
3.59841
4.54598
2.62044
4.28185
4.53931
2.83028
2.68344
2.62342
3.29608
3.41995
4.26475
4.37093
3.87269
3.04543
2.945
3.40117
5.3655
3.22598
4.47757
3.54697
3.95611
4.84585
5.12887
2.67201
2.53092
4.68402
3.57565
2.68836
3.534
3.09288
4.90961
3.45318
4.83311
3.69549
3.73482
5.79012
2.76216
4.71413
4.78029
2.97178
4.52634
2.7173
2.83081
3.91745
4.08417
2.73767
5.80158
4.12294
3.4063
3.81554
3.27818
4.36204
3.27032
2.2989
2.79609
4.3506
3.97409
2.89683
4.08677
3.96208
4.6167
4.47312
4.45659
4.46192
3.68002
5.34398
3.77404
3.45853
4.37303
5.81417
5.68974
4.67896
3.32568
3.43641
3.73088
2.98116
4.08244
4.75131
2.95853
2.43269
3.97617
4.65689
2.79642
3.88755
4.46436
3.97951
3.81188
5.69822
3.63188
4.09514
3.4421
4.3327
2.8043
3.26468
3.12497
4.41079
2.52075
3.61347
4.27542
3.04544
3.74445
3.76617
3.96247
4.1121
3.62085
2.45826
2.86655
3.78811
3.73107
4.20954
4.89032
2.4272
1.95142
4.96304
6.40142
2.70909
2.35777
5.04358
5.13253
2.67134
4.05198
4.04121
3.35499
3.27683
5.29046
4.67962
3.79155
5.36984
2.2576
4.63547
4.81759
5.10576
3.30409
3.28423
3.64534
4.10252
5.99338
3.53474
3.64362
3.88369
5.04225
3.96505
2.23169
3.93548
2.9842
4.01482
3.46587
5.06179
4.6803
4.27991
2.125
3.22542
4.34518
3.73271
6.69993
4.2493
3.04213
4.03393
4.35815
4.90667
2.91176
3.98984
4.23568
4.25894
4.6814
4.25748
3.75167
3.70837
5.48514
5.81966
4.12959
4.17094
4.36755
7.14622
3.70666
4.14427
5.74458
3.85213
4.15344
5.38074
4.01752
4.1664
3.02796
3.95532
5.52495
3.61433
4.04604
3.65779
4.12031
5.28694
3.2886
2.90569
3.3843
4.51392
4.18223
2.8405
4.30409
4.1642
2.70418
4.19766
3.91448
4.20144
4.80945
4.05308
4.62802
4.96795
2.71803
2.47747
3.74047
3.65926
4.07949
4.14715
3.43543
3.48537
2.58522
2.47209
2.71522
3.42387
4.70213
3.4808
4.44327
4.37478
3.59535
3.93852
2.29036
4.55287
2.49556
4.34863
3.38234
2.38663
4.7584
4.80203
4.89378
4.82987
5.48862
5.50629
4.13766
3.31707
6.08189
4.97694
3.99419
2.758
6.03506
4.59774
4.16976
5.26477
5.39327
3.75457
3.20358
3.64704
3.65345
4.36184
3.57134
3.3076
5.09602
3.43139
3.89318
3.82622
3.53755
4.18661
4.30691
3.89413
3.57679
3.34874
4.73623
3.39223
3.26118
4.16621
2.75855
3.19109
2.88714
4.67742
3.13582
4.07697
7.93634
3.24805
2.43365
4.00358
2.83566
3.04041
6.87091
3.89515
2.3962
4.76487
4.42734
3.79167
6.36638
3.20737
3.80365
3.88277
4.56559
1.87714
3.10679
4.10829
3.90721
2.42628
4.15278
3.90482
3.91284
4.49973
2.39561
3.51858
3.05486
4.30322
3.28563
3.20706
5.70353
6.01395
4.54134
4.2896
4.3483
2.64327
3.74383
3.17386
3.77676
5.21501
3.44888
2.82494
3.35429
2.95438
