6.34758
6.4827
5.64212
6.75041
6.26813
6.18161
6.82099
6.59398
6.26716
7.32733
7.15131
6.91749
6.40651
5.90965
6.66103
6.29064
6.25688
6.07469
6.35031
6.09305
5.97957
6.66738
6.70713
7.27005
6.70349
6.67896
6.51394
6.17721
6.84484
6.91194
6.08758
7.22975
6.89836
6.68334
7.29389
6.15126
5.91664
6.70426
5.86395
6.31719
6.92687
6.02272
5.99673
6.84376
6.057
7.07818
6.08011
8.65311
6.30172
6.93808
7.39045
6.50637
5.76363
7.31273
7.47401
6.37307
6.45056
5.67105
6.5882
6.5768
6.32591
6.65213
6.33266
7.46494
6.55248
7.0773
7.08567
6.7033
7.36453
7.02838
6.1472
7.07704
5.93575
7.19422
6.97227
6.42484
6.60158
8.21167
9.14152
6.41534
6.23643
6.57983
7.91963
6.62022
6.2387
6.47308
6.77339
6.58272
6.70293
6.61715
6.33539
6.82982
6.54844
6.97743
6.55113
6.61663
7.2713
7.10764
6.79634
6.57687
6.4069
7.13314
7.03322
7.27015
6.12993
6.86314
7.0795
6.46955
7.05361
6.91794
6.59584
6.03835
6.64493
6.4481
6.26713
7.28815
6.26586
6.16636
7.86064
6.4655
8.26504
5.95628
6.53598
6.11112
7.07721
6.70225
6.8973
7.41866
6.81624
6.05413
6.03544
7.65064
7.04288
6.41663
6.6334
6.75283
8.63018
6.16428
8.03573
5.89619
5.91764
6.29719
6.72842
6.44347
6.44137
6.78361
6.52367
6.96133
6.1106
6.59095
6.52247
6.89645
6.52105
6.71425
7.16656
6.17013
5.93001
6.21373
6.3746
7.13571
5.81042
7.06575
8.12578
5.96235
5.92008
5.82249
6.52248
6.46529
6.16461
7.25647
6.85522
5.89745
6.33222
6.9492
6.94777
6.62764
6.7899
6.49436
6.78587
7.47489
6.4841
7.44695
6.23917
7.21897
6.5357
8.46579
7.02005
8.00264
6.12486
6.56267
6.8322
6.28474
6.58876
6.5638
9.74003
6.0003
7.46346
7.7071
6.49276
6.82161
6.31809
7.21127
6.82161
6.45064
6.63285
7.24607
6.36723
6.40607
6.46437
6.77624
6.78568
6.05559
6.63967
6.48689
7.16863
7.8653
6.56371
6.16357
5.41229
6.46609
6.2497
6.62917
6.75044
6.70394
7.21173
7.39838
6.48443
6.98915
6.86061
7.98027
6.17795
5.93703
6.36354
5.71505
8.03166
6.93838
7.13357
6.6542
6.49624
5.90431
7.62324
7.82839
6.10593
6.59022
6.84681
6.94865
6.60465
6.82744
6.91809
6.69169
7.52516
5.83545
7.37645
7.38975
6.11228
6.72681
6.57969
6.7993
7.15116
6.14517
6.60265
6.28414
6.25062
7.69749
6.79632
7.58788
5.93854
6.4401
6.48672
6.18648
7.36074
6.56386
6.79767
6.39593
6.0368
7.61648
6.12827
6.43671
5.91451
6.18605
6.28309
6.66524
5.9583
6.92885
7.32829
7.18566
6.27243
6.20078
6.02113
6.146
6.73923
6.0553
6.25914
6.43871
6.31799
6.22559
6.34661
7.44171
7.34651
5.59554
6.51959
8.15172
6.3693
6.5349
6.41085
6.7322
7.64456
7.02938
6.60145
7.38241
6.6041
7.10833
6.79162
7.06837
6.57543
6.79718
7.97595
6.32359
6.49365
6.43581
6.34698
5.8744
6.44836
6.40041
6.24875
5.8976
6.41957
6.04925
6.83157
6.6988
6.31674
6.71889
7.02892
5.86205
6.43579
6.55007
6.90887
6.19972
6.97922
5.91874
6.85859
8.8521
6.05443
6.61362
6.14899
6.66045
6.27846
6.73178
5.70551
6.24216
6.34672
7.10811
6.58178
6.38855
6.2502
6.46054
6.62817
6.37628
8.57012
6.73209
6.60624
7.30352
6.79632
5.93864
6.99962
6.80908
6.071
6.65495
6.51569
8.16488
6.13072
6.40891
6.93716
6.81827
8.45549
6.03588
6.70283
6.9493
7.27968
6.21666
6.36545
6.79796
7.81137
6.91711
6.14533
6.04061
6.68254
7.04048
8.49777
6.8747
6.55331
6.04269
8.0987
5.69313
6.64763
6.18194
6.59032
5.84837
6.52202
6.82065
5.96183
6.43631
7.04943
6.59064
6.51213
6.50751
6.49341
6.21114
7.19614
5.97981
7.19607
6.57528
7.14939
6.59096
6.57468
6.59079
6.50735
6.63229
7.08739
6.57309
7.44974
6.66648
6.72272
6.43365
6.40401
6.67649
6.79794
7.27299
7.36682
6.28468
5.76344
6.77616
6.92799
6.03493
6.72199
6.29978
6.09634
6.52962
6.949
7.34011
6.31851
6.23286
7.06569
6.2773
6.29932
7.05717
6.43174
7.28597
6.54733
6.28394
7.68458
6.90824
6.017
6.20078
8.7767
7.01985
6.60191
6.22177
7.30211
6.4645
6.03532
6.52527
7.12917
7.39782
6.1695
6.63937
6.9682
6.43789
8.58467
6.15318
6.25278
6.30071
6.69076
6.50793
5.99785
7.78626
7.17862
6.51748
6.76605
6.21736
5.95857
6.87432
6.56664
6.23383
7.95524
7.4638
7.03746
7.82952
6.3927
6.92859
5.85902
5.83308
7.57226
7.56206
6.70618
5.89609
6.76648
6.51583
6.15982
7.08912
