6.94178
6.35596
6.91242
6.47919
6.1687
6.35058
6.89217
7.35565
8.25938
7.17533
7.29934
5.38737
6.1367
6.0933
7.23729
7.57279
5.88922
6.06514
8.37526
7.69843
5.80544
7.09603
6.57721
7.01455
5.50286
8.73227
7.04756
6.02509
6.74425
6.35937
7.14926
6.353
7.21304
7.13702
7.04024
6.2585
6.3961
6.60084
7.62276
6.90982
7.67774
7.0486
6.96174
6.46707
6.20124
8.27166
6.20568
7.00392
7.2169
6.85644
8.2872
6.99595
6.9116
7.25893
6.41694
6.89854
6.41334
6.4392
6.17566
6.14835
7.27434
8.32791
7.30103
5.42201
8.81338
7.18181
7.60182
7.318
8.72063
6.33135
9.78704
6.96321
5.53512
7.44029
5.92265
6.69702
7.33151
7.4953
6.06852
6.99519
7.61477
5.71721
7.74041
6.26187
7.14277
6.78806
6.04593
9.83063
7.13152
7.2842
7.54814
7.16866
6.82231
9.97631
7.92315
6.37908
6.95363
6.8415
6.22714
5.84378
6.8381
8.09065
6.088
6.84042
6.29666
7.37815
6.94841
7.201
7.38434
6.25755
6.68573
7.98539
6.3621
7.84591
5.81542
5.98652
6.83217
6.44975
6.8808
7.43914
7.16828
6.64486
6.02937
7.80029
6.90597
7.38941
5.76274
6.9243
6.69457
6.57608
6.52511
8.26174
6.7827
6.01899
8.18416
6.54956
6.81845
7.0014
6.66379
6.9001
6.59485
6.13128
6.66791
6.95024
6.91972
7.68092
7.15241
6.3329
8.2164
7.19583
6.29278
6.61654
8.07952
8.52298
6.72203
7.48029
6.41241
6.68892
6.46936
6.8602
6.15669
6.04254
7.46579
7.13298
6.47961
7.17884
7.05506
6.81598
7.80284
6.63923
7.39386
7.09852
6.01389
7.88134
7.53465
6.77357
6.14079
9.55811
6.27339
7.73683
6.4975
6.48316
8.22676
6.82544
6.89352
6.5724
7.05835
6.50693
8.04462
6.9167
7.48025
6.5188
6.37584
6.84901
6.18317
7.34912
6.57472
7.17366
6.9556
7.07607
7.4809
6.1786
6.76732
7.70135
6.43553
5.95542
7.0102
7.04661
9.10306
7.75112
6.98079
7.36683
6.95482
6.18865
6.90381
7.17354
6.73735
8.34745
6.46401
7.77356
5.96005
6.7669
6.57818
7.49264
6.63906
7.20483
7.24161
6.24383
7.27066
6.92073
7.02205
6.55369
6.85206
5.74139
6.47734
7.36115
6.45359
6.10516
6.05198
6.68169
6.31692
7.15512
6.5419
6.04146
7.96707
7.91488
8.17822
7.83013
6.33507
7.78599
7.84373
6.45386
7.08009
7.27324
7.25766
7.48012
6.02122
6.75217
7.2482
7.18561
5.52454
6.45262
8.01115
7.15522
6.13573
6.70115
6.86921
7.15492
7.42208
7.26057
7.24412
7.55814
6.4531
5.51412
7.24187
6.50115
7.33202
6.39765
7.11509
6.26216
5.66129
7.3211
6.51856
6.26909
7.78114
7.20331
7.62948
8.2104
6.66555
6.6492
6.56674
6.09867
6.62818
6.16683
6.4105
6.09807
7.10768
7.04559
10.7256
7.61398
7.08237
7.13072
6.77628
6.12553
6.50054
6.40469
6.83992
7.00029
5.6468
7.5288
7.11364
6.17788
6.42795
6.25659
6.85554
7.90945
6.6171
7.47494
7.39326
6.93363
6.0695
8.27818
6.66864
7.27172
9.82849
7.4015
7.35012
6.85249
6.34407
7.05417
5.96378
8.76832
6.46298
6.14001
6.39867
7.39494
5.96947
7.51332
6.69124
6.29023
8.4133
6.78621
6.49479
6.29975
9.21901
7.33198
6.8458
7.10025
6.71106
6.95295
6.25887
6.84081
6.19446
6.85601
7.10387
6.03544
7.87729
6.8865
6.1367
6.83766
5.98899
7.70401
6.87803
6.3871
7.58757
6.43707
6.26382
6.49538
6.70223
6.4419
6.75495
7.20553
6.14438
8.13575
6.01749
6.23973
7.99335
6.10416
7.2712
7.12243
6.52586
6.9754
6.3322
6.34744
7.82418
7.39159
7.0061
8.03353
6.45475
7.1131
6.30632
6.16669
8.37715
7.10937
7.86077
6.35967
7.67286
8.29375
5.90713
6.68613
7.73717
6.87197
6.47215
6.78302
6.207
6.16006
7.21741
7.15257
6.77325
6.34876
7.55461
6.49535
7.10065
6.59104
7.77724
6.28919
6.56698
6.63204
7.61461
7.55918
6.72807
6.46892
7.19109
6.73863
6.18841
6.427
8.52437
7.12853
8.77828
5.91114
9.14419
7.06157
7.34742
6.90939
6.47704
7.02661
6.33288
6.59155
7.70152
6.87325
8.79737
6.49184
7.45204
6.46357
7.09385
7.05832
6.69285
6.97223
6.60789
7.81463
7.02042
6.9021
7.54158
6.57857
6.43626
6.45552
7.77564
5.9082
6.12145
6.54412
8.36505
6.6742
7.16675
6.30089
7.70249
6.25542
6.46909
7.45408
6.35208
7.4514
6.28849
7.0585
10.5622
6.80352
7.4304
7.37803
9.80999
6.54018
6.72581
8.891
7.46112
6.13681
7.2734
6.84609
6.74661
7.57959
7.39113
6.37911
7.0971
8.77745
6.61662
5.99446
7.3313
8.00488
7.7281
8.16909
5.98459
6.55288
6.68934
6.60166
