6.44205
5.79611
6.35082
5.86153
5.57822
5.75662
6.33686
6.77433
7.77116
6.66213
6.72652
4.83543
5.522
5.59595
6.66181
7.00835
5.35416
5.50142
7.82342
7.13427
5.27962
6.56382
6.02399
6.47324
4.93549
8.21635
6.51152
5.51065
6.21601
5.83223
6.63827
5.76587
6.69552
6.60181
6.45586
5.73255
5.78762
6.07626
7.07004
6.32016
7.1091
6.46102
6.38462
5.92879
5.66205
7.7242
5.67609
6.49097
6.63128
6.26076
7.74989
6.42711
6.38842
6.67146
5.88051
6.37957
5.82322
5.86425
5.56764
5.61808
6.73787
7.78478
6.7591
4.81632
8.32241
6.65805
7.02763
6.79064
8.19343
5.77964
9.351
6.3791
4.94621
6.92031
5.41512
6.20655
6.82272
6.93105
5.53492
6.41941
7.04257
5.13482
7.22619
5.73092
6.55702
6.22626
5.48652
9.3854
6.56964
6.6963
7.06322
6.63661
6.26893
9.49324
7.36812
5.81497
6.40968
6.31
5.67159
5.3494
6.29805
7.53019
5.49196
6.25531
5.72807
6.83999
6.36732
6.66248
6.85032
5.7239
6.14148
7.42364
5.78493
7.2951
5.29782
5.4547
6.26923
5.86494
6.32023
6.88186
6.57888
6.13739
5.50228
7.27475
6.34893
6.8836
5.19548
6.36011
6.1531
6.03074
5.95419
7.75024
6.21893
5.52132
7.63216
5.93983
6.25474
6.42304
6.10378
6.33697
6.01855
5.57723
6.10918
6.35099
6.39854
7.11814
6.62116
5.73023
7.67133
6.66559
5.74422
6.08976
7.56024
7.98767
6.14548
6.92978
5.8744
6.14659
5.93289
6.31561
5.60122
5.42687
6.92141
6.54498
5.97053
6.64025
6.51708
6.23417
7.28411
6.03903
6.83209
6.51441
5.47897
7.34222
7.00321
6.17784
5.6258
9.0981
5.711
7.16495
5.89928
5.89785
7.72794
6.2519
6.35874
5.98835
6.4757
5.928
7.51201
6.38641
6.94022
5.90995
5.83384
6.25846
5.62822
6.78041
5.99178
6.58146
6.41472
6.50147
6.91814
5.69305
6.2455
7.1581
5.8448
5.38463
6.44189
6.45989
8.58692
7.20978
6.46348
6.82904
6.42909
5.63611
6.31126
6.58658
6.19846
7.82544
5.85217
7.21851
5.42966
6.22184
6.01317
6.91154
6.07577
6.64163
6.64857
5.65872
6.72047
6.36126
6.5119
6.01824
6.29896
5.16674
5.86488
6.81575
5.8828
5.5483
5.52019
6.13566
5.75766
6.62434
5.99497
5.41636
7.40756
7.37202
7.66589
7.38356
5.7759
7.22304
7.28788
5.88331
6.50921
6.6892
6.72813
6.93154
5.49955
6.24095
6.7138
6.65688
4.962
5.89402
7.45125
6.63941
5.54082
6.14991
6.29833
6.65898
6.88428
6.68263
6.69055
7.0814
5.86603
4.98408
6.65302
5.9359
6.75228
5.83923
6.53503
5.74907
5.05358
6.76953
5.94271
5.69418
7.20563
6.65115
7.05368
7.65345
6.09298
6.05063
5.97803
5.49372
6.06296
5.63385
5.89256
5.53008
6.55574
6.53027
10.2645
7.04099
6.51288
6.53822
6.25916
5.54074
5.9629
5.82555
6.34271
6.49815
5.12032
7.04752
6.51926
5.60181
5.84544
5.71314
6.26426
7.35822
6.08607
6.93705
6.82733
6.39109
5.47821
7.74833
6.12999
6.70203
9.37716
6.93056
6.79671
6.26224
5.78628
6.53465
5.43575
8.23622
5.84947
5.66308
5.79716
6.82728
5.34981
6.93111
6.17044
5.71589
7.92555
6.26059
5.91566
5.78763
8.70691
6.81991
6.26575
6.57886
6.19626
6.44517
5.70729
6.26956
5.62156
6.34182
6.50721
5.45531
7.31575
6.32227
5.56905
6.24706
5.4031
7.1952
6.30353
5.82332
7.03785
5.86777
5.73144
5.90285
6.1218
5.90189
6.22463
6.62647
5.5597
7.62766
5.47918
5.66017
7.45036
5.4972
6.71443
6.52871
5.99301
6.44807
5.79599
5.72252
7.30048
6.83524
6.42376
7.48252
5.87308
6.59323
5.79337
5.5446
7.83029
6.54442
7.33164
5.8208
7.1138
7.83047
5.27694
6.10037
7.16734
6.35756
5.91477
6.23092
5.66476
5.59851
6.65975
6.59966
6.22393
5.78224
7.02085
5.88775
6.59748
6.02385
7.27577
5.69422
6.0243
6.07263
7.04761
7.02846
6.14754
5.92608
6.61648
6.21162
5.59292
5.8324
8.03288
6.5855
8.25748
5.30805
8.67347
6.53318
6.82305
6.31991
5.93822
6.51301
5.77509
6.01702
7.19137
6.32862
8.26463
5.97483
6.9085
5.8868
6.53437
6.49048
6.09821
6.46024
6.05505
7.23976
6.55225
6.3794
7.06833
6.0063
5.84795
5.88101
7.21538
5.32403
5.56208
5.93302
7.81734
6.15861
6.58051
5.70826
7.19489
5.6867
5.87368
6.89371
5.75484
6.87278
5.67107
6.47429
10.1129
6.31638
6.85161
6.85842
9.31392
6.00098
6.16286
8.36211
6.94334
5.58436
6.73312
6.31566
6.14516
7.01811
6.81215
5.78956
6.51915
8.25174
6.06413
5.38252
6.78581
7.50562
7.17098
7.63904
5.36826
6.00756
6.11541
6.03599
