3.13046
1.77084
2.73731
3.9505
2.07067
2.98751
3.63182
3.49313
3.43106
2.93865
3.56361
2.0093
3.00796
2.74764
2.5498
3.79649
2.7322
2.72094
2.18845
3.29711
3.16783
2.83269
3.60211
3.23686
3.89718
2.76427
2.65535
3.41357
3.93369
3.38083
2.67366
3.91787
2.01336
1.64417
3.45079
3.89391
3.09474
2.49745
1.92969
2.88761
3.11891
2.3512
3.6567
2.43866
2.2262
3.5572
3.02498
3.04811
3.40091
3.23279
3.03329
3.11422
3.16689
2.7433
3.04746
3.72626
3.8003
2.08945
2.90429
3.45852
3.87319
2.57087
4.50231
3.36572
3.30698
3.6939
3.43813
3.50905
3.39371
3.16176
3.18002
3.38639
2.28676
3.33192
2.25683
2.39652
2.21689
1.89859
1.97365
3.29755
4.39703
3.2215
1.99892
4.21087
2.5785
4.10551
2.84812
2.55731
3.77464
1.88155
3.41528
2.68822
2.23017
3.0437
3.52363
4.74908
2.78776
4.39175
3.45501
3.79122
3.153
2.85233
3.44342
2.24976
3.13856
3.02591
3.57288
2.52111
4.2148
2.50587
2.66672
2.44304
2.91403
2.13561
2.25664
3.74258
2.91642
2.81
3.63391
3.13256
3.26451
3.62437
2.97168
2.97474
3.28429
1.56664
2.81035
2.62994
3.03823
2.77137
3.86053
3.43329
2.58651
2.49676
3.819
3.97242
3.17407
3.11882
2.39869
3.08031
2.9742
2.02492
2.95383
2.42531
3.61827
2.93414
3.81973
3.65148
3.37087
2.92164
1.92155
3.53811
3.22275
3.16051
3.30171
2.00891
2.27258
3.82453
3.04585
2.98485
2.65087
4.28315
4.5146
3.32873
2.40254
2.85262
3.29815
3.70908
2.49959
2.59786
5.28608
2.09784
2.36387
3.04923
3.1391
2.26589
2.7527
3.78577
4.13076
2.72129
2.86194
3.09099
2.06853
3.4757
3.60452
2.06158
2.05458
2.19925
2.48675
2.85335
3.20423
3.38571
2.98326
2.49722
2.35941
2.68626
4.14043
2.31331
3.60281
2.74332
3.16249
3.90438
4.2445
2.11905
1.62172
3.89863
2.94202
2.07636
2.65801
2.32967
3.60366
2.73502
3.77167
2.76521
2.63767
4.43718
2.07364
3.28902
3.70845
2.36934
3.51874
2.23204
2.1327
2.95964
3.23881
2.2032
4.6069
3.27865
2.69012
3.11891
2.57427
3.35982
2.26774
1.72787
2.19241
3.53773
2.74063
2.29309
3.3583
3.08956
3.90206
3.31511
3.53357
3.33312
2.88824
4.09659
3.01904
2.71132
3.37589
5.06887
4.24621
3.81199
2.64277
2.71231
3.01451
2.49476
2.91207
3.46446
2.38667
1.96198
2.47161
3.50497
2.21962
2.88455
3.19556
2.77052
2.95171
3.93061
2.44396
3.32431
2.63342
3.12508
2.27887
2.54089
2.47065
3.36303
2.0107
2.86796
3.57195
2.34304
3.12309
2.55744
3.09163
3.21059
2.58127
1.90361
2.2455
3.06026
2.74556
3.30824
3.21109
1.93773
1.51773
3.87715
5.32828
2.18578
1.80423
3.80226
3.99832
2.17623
3.26829
3.06168
2.66656
2.30172
4.25396
3.91736
2.99998
4.01103
1.77552
3.37832
3.91428
4.11158
2.59578
2.54303
3.05823
3.08043
4.80608
2.41214
2.68127
2.93882
4.02571
3.12464
1.80615
3.33431
2.21817
3.05447
2.77392
3.57187
3.73362
3.64327
1.66131
2.32328
3.15009
2.95213
4.92762
3.48634
2.35943
3.18389
3.43137
3.64373
2.30167
3.01226
2.46115
3.47001
3.79251
3.40952
2.78439
3.02883
3.55665
4.02236
3.18571
3.18738
3.30236
4.09795
2.99721
3.37112
3.947
3.08289
3.09599
4.13666
3.29018
3.20092
2.4728
3.18194
4.48429
2.96228
3.36799
2.79601
3.35881
4.25289
2.46578
2.28525
2.66718
3.52506
3.34609
2.19959
3.20352
3.54145
2.025
3.05691
3.12684
3.09811
3.63477
2.87032
3.61422
3.35534
2.05074
2.02302
2.94639
2.98188
2.91056
3.40007
2.38953
2.81345
2.02612
1.97577
2.1764
2.66584
3.40324
2.63035
3.21927
3.30023
2.89139
3.28242
1.86289
3.52045
1.92562
3.39111
2.70938
1.91168
3.55555
3.5164
3.90603
3.69204
3.85088
4.07182
3.47199
2.55561
4.746
3.93265
3.12527
2.26194
4.72914
3.70795
3.35721
4.15825
3.99745
2.91728
2.49707
3.00135
2.8838
3.37206
2.91631
2.57594
3.69378
2.67554
3.20572
2.81314
2.69122
3.30044
3.54046
3.13491
2.99485
2.69248
3.616
2.64011
2.52864
3.34793
2.23824
2.59872
2.16077
3.57292
2.44556
2.95815
4.35237
2.68707
1.73951
3.15387
2.15604
2.49082
4.7426
3.05884
1.8313
3.47763
3.50447
3.04757
4.69183
2.47277
2.9635
2.94076
3.23197
1.33728
2.54332
3.12847
3.17251
1.86399
3.33507
3.09989
2.82921
3.70587
1.93806
2.8358
2.52698
3.41219
2.6538
2.55597
4.96747
4.42922
3.13743
3.22555
3.46756
1.96557
2.96065
2.43818
3.0186
4.06565
2.89867
2.06046
2.60542
2.38736
