2.55144
2.35223
2.96177
2.60741
2.42584
2.26421
2.5873
2.60448
2.66916
2.54423
2.3937
2.45631
2.45542
2.55255
2.48636
2.38405
2.09568
2.31935
2.61249
2.44167
2.87645
2.39872
2.96784
2.6222
2.55151
2.69223
2.92501
2.43149
2.52031
2.51632
2.65824
2.57164
2.43686
2.75948
2.44152
2.36008
2.46403
2.49363
2.61807
2.38738
3.01365
2.1009
2.30993
2.33383
2.47714
2.54464
2.69706
2.67232
2.27053
2.19003
2.39467
2.65285
2.61755
2.41489
2.43781
2.44871
2.64914
2.57535
2.52365
2.31401
2.60056
2.48918
2.72818
2.38842
2.93816
2.49602
2.58615
2.52144
2.86205
2.31684
2.34174
2.60685
2.2064
2.52201
2.58637
2.45796
2.59966
2.57845
2.41578
2.94433
2.36051
2.86321
2.18474
2.39803
2.72194
2.36827
2.605
2.70399
2.52853
2.75845
2.37309
2.47764
2.3311
2.13955
2.46247
2.89804
2.38584
2.90943
2.31242
2.59376
2.75807
2.42733
2.80621
2.42803
2.23574
2.84929
2.51754
2.25503
2.8082
2.538
2.36562
2.83604
2.27617
2.5691
2.29983
2.19427
2.38307
2.16344
2.60866
2.46922
2.32707
2.55792
2.33711
2.61796
2.40702
2.97974
2.54128
2.28209
2.08721
2.28798
2.70022
2.75675
2.27053
2.39849
2.61061
2.50176
2.71521
2.63997
2.9091
2.45485
2.51403
2.43053
3.18442
2.52669
2.81352
2.22863
2.77375
2.28568
2.19189
2.88272
2.38624
2.34171
2.50614
2.38282
2.07721
2.40328
2.53042
2.3297
2.32521
2.84015
2.60769
2.20026
2.85399
2.93819
2.66205
2.64142
2.32713
2.61704
2.30318
2.52492
2.43854
2.18644
2.64712
2.32509
2.40377
2.59729
2.17806
2.32796
2.60958
2.61072
2.72201
2.6053
2.65963
2.5122
2.48303
2.78937
2.59608
2.22043
2.17759
2.53669
2.26604
2.50163
2.41914
2.50186
2.3403
2.72228
2.45351
2.64305
2.57552
2.35864
2.62369
2.60428
2.74726
2.7104
2.98504
2.36292
2.29196
2.00134
2.87049
2.64757
2.83963
2.16016
2.12196
2.639
2.37763
2.44119
2.35777
2.38103
2.23933
2.42528
3.09776
2.5763
2.84591
2.55759
2.45545
2.34761
2.44742
2.32639
2.22866
2.66008
2.7082
2.39361
2.12762
2.78529
2.49663
2.66692
2.66079
2.55269
2.42962
2.70904
2.40716
2.41131
2.26792
2.15844
2.23957
2.62613
2.63667
3.00144
3.04135
2.5821
2.21976
3.05056
2.26062
2.65686
2.87896
2.53656
2.91969
2.7382
2.47663
2.77701
2.57953
2.60069
2.65966
2.42909
2.59389
2.80818
2.66183
2.45333
2.22848
2.5154
2.48852
2.67438
2.48527
2.69897
2.34287
2.51394
3.32709
2.47171
2.37046
2.5877
2.68669
2.3752
2.22422
2.57177
2.69592
2.73645
2.52955
2.53468
2.52878
2.488
2.73728
2.72768
2.58284
2.34411
2.25782
2.67783
2.18229
2.51684
2.51212
2.55651
2.35387
2.93114
2.30087
2.43351
2.78179
2.62776
2.44461
2.38824
2.61437
2.58133
2.57294
2.38565
2.79798
2.1415
2.54653
2.37797
2.75563
2.80527
2.04008
2.33418
2.63903
2.37093
2.62614
2.65106
2.35144
2.6389
2.69926
2.21923
2.26693
2.35402
2.2043
2.60257
2.47934
2.77696
2.83882
2.32045
2.59434
2.41367
2.341
2.30108
2.52818
2.58242
2.74742
2.65269
2.96285
2.4963
2.47655
2.46867
2.28773
2.73676
2.471
2.23476
2.58841
2.79369
3.0153
2.48237
2.57839
2.68635
2.80098
2.89247
2.43884
2.61316
2.68312
2.66071
2.43753
2.41654
2.25958
2.79077
2.46074
2.13364
2.4086
2.57031
2.66006
2.17169
2.70964
2.67929
2.40133
2.44432
2.21366
2.60396
2.45623
2.62715
2.59563
2.30716
2.39033
2.45594
2.51092
2.47376
2.33138
2.45103
2.28689
2.31167
2.63179
2.50517
2.53361
2.18627
2.46983
2.42686
2.06552
2.73001
2.3154
2.4219
2.61708
2.73286
2.32817
2.39986
2.4476
2.55474
2.40058
2.75325
2.74495
2.70141
2.22113
2.07197
2.14363
2.29888
2.4879
2.18141
2.23538
2.55509
2.79902
2.50109
2.4351
2.49286
2.41774
2.89318
2.59991
2.66339
2.67516
2.41996
2.54788
2.62003
2.55628
2.54415
2.938
2.39911
2.58437
2.69615
2.66083
2.48443
2.47141
2.67628
2.56692
2.62816
2.311
2.62029
2.38552
2.93672
2.39308
2.7235
2.22513
2.94166
2.70791
2.67192
2.51131
2.6651
2.2779
2.92116
2.65685
2.75938
2.46093
2.45326
2.71596
2.50818
2.42793
2.52287
2.18948
2.6664
2.09911
2.3842
2.18645
2.60197
3.27094
2.24646
2.49767
2.3671
2.93171
2.55455
2.29579
2.46226
3.58033
2.58036
2.58427
2.56436
2.7148
2.33803
2.28284
2.28487
2.64221
2.71274
2.64042
2.69834
2.65416
2.18476
2.4686
2.48475
2.62021
2.33494
2.50046
2.47095
