3.22645
3.21474
3.34383
3.60025
3.25896
3.4671
3.37553
3.3946
3.30983
3.56992
3.23365
3.3802
3.78199
4.02963
4.39619
3.47975
3.29105
3.59479
4.10342
3.15302
3.24325
3.18432
3.57219
3.74031
3.1857
3.57993
3.52526
3.63358
3.68391
3.5682
3.47335
4.02527
3.43749
3.95884
3.56996
3.78054
3.62619
3.30523
3.86328
3.95423
3.22574
3.29664
3.29458
3.33517
3.25295
3.48823
3.42074
3.47949
3.39685
3.59332
3.37505
3.49829
3.27728
3.54962
3.58112
3.38572
3.32662
3.13696
3.29943
3.19098
3.24666
3.33375
3.42404
3.30993
3.79577
3.44597
3.59408
4.12187
3.99109
3.13241
3.45062
3.45506
3.24898
3.29214
3.3064
3.46903
3.94823
4.34979
3.12526
3.46709
3.41366
3.18975
3.40231
3.40157
3.52695
3.73725
3.31071
3.39718
3.49372
3.34027
3.65367
3.44041
3.6339
3.64112
3.65252
3.32281
3.33529
3.40246
3.08218
3.50586
3.50426
3.734
3.23423
3.66949
3.52333
3.82394
3.48327
3.42032
3.62671
3.60931
3.61335
3.43222
3.58774
3.66536
3.46789
3.56639
3.27034
3.41623
3.57307
3.9349
4.21367
3.76074
3.75806
3.45362
3.66402
3.39104
3.22597
3.55556
3.51203
3.3457
3.72134
3.4447
3.46491
3.16
3.32188
3.34586
3.5386
3.20107
3.595
3.4652
3.79288
3.56617
3.27494
3.42442
3.4229
3.13793
3.07414
3.202
3.39508
3.32316
3.93699
3.4952
3.43264
3.34105
3.41615
3.37947
3.35426
3.47544
3.56083
3.57632
3.52975
3.37189
3.83848
3.28558
3.79647
3.27104
3.72899
3.32446
3.43062
3.48988
3.78873
3.57677
3.63799
3.4192
3.39303
3.48761
3.52557
3.32506
3.10998
3.55751
3.52662
3.22152
3.48301
3.3763
3.41364
3.43642
3.5165
3.36485
3.595
3.48367
3.77881
3.17729
3.22529
3.49779
3.57509
3.53846
3.40504
3.44321
3.34112
3.42828
3.56579
3.36658
3.46482
3.22173
3.29608
3.48306
3.40137
3.56015
3.35687
3.06851
3.71873
3.68771
3.43894
3.55091
3.46049
3.62345
3.60067
3.6622
3.03512
3.29261
3.59823
3.67895
3.52399
3.04972
3.71267
3.90908
3.68968
3.8928
3.36132
3.25835
3.42371
3.14116
4.10365
3.09887
3.00931
3.45107
3.35399
3.30668
3.47715
3.35483
3.34618
3.54468
3.55529
3.28621
3.72556
3.52756
3.26848
3.32308
3.68198
3.63446
4.0425
3.34333
3.1643
3.00281
3.32049
3.06069
3.43213
3.41006
3.4062
3.40889
3.70368
3.26908
3.4308
3.15072
3.51184
3.96834
3.2866
3.26176
3.25138
3.52227
3.20044
3.45297
3.24488
4.10055
3.53295
3.49009
3.47553
3.64331
3.46021
3.68604
3.51908
3.39546
3.34454
3.21782
3.6677
3.16083
3.67655
3.52632
3.39346
3.60408
3.51442
3.39831
3.50782
3.36752
3.44801
3.6449
3.40831
3.18024
3.18335
3.44782
3.75961
3.98698
3.38777
2.97924
3.60544
3.18353
3.14159
3.4845
3.28407
3.29728
3.41575
3.40838
3.52147
3.45607
3.5986
3.41064
3.20954
3.40674
3.50365
3.51258
3.38417
3.40641
3.03647
3.89469
3.75223
3.51834
3.57118
3.46681
3.54237
3.28993
3.5007
3.57693
3.56546
3.50477
3.61518
3.485
3.51245
4.01911
3.51768
3.70776
3.66028
3.23636
3.05868
3.4087
3.23792
3.57028
3.58298
3.65107
3.04695
3.22888
3.27074
3.44065
3.51176
3.45693
3.63175
3.32245
3.91976
3.56801
3.81538
3.39432
3.7678
3.74268
3.39223
3.34427
3.56571
3.19165
3.33913
3.67867
3.48947
3.24162
3.36491
3.13763
3.58549
3.47725
3.5041
3.59572
3.46549
3.60363
3.38647
3.50119
3.16125
3.28355
3.31827
3.33431
3.15449
3.48455
3.43682
3.37697
3.31317
4.06975
3.10144
3.39644
3.45618
3.63397
3.55358
3.81569
3.16701
3.0549
3.39332
3.54597
3.39139
3.39322
3.28842
3.17892
3.29335
3.50012
3.50864
3.27134
3.63799
3.45645
3.19748
3.50837
3.42013
3.40908
3.48203
3.57014
3.39713
3.27836
3.35713
3.59491
3.04204
3.43039
3.31654
3.45596
3.17623
3.58212
3.51855
3.57705
3.30376
3.08667
3.57383
3.38124
4.72987
3.5705
3.77027
3.24998
3.44599
3.31748
3.32935
3.90357
3.7586
3.65482
3.66813
3.56328
3.26746
3.48671
3.54741
4.06359
3.60459
3.45616
3.36826
3.57189
3.50164
3.664
3.50824
3.70586
3.42052
3.75505
2.98136
3.5801
3.45843
3.14963
3.81107
3.94084
3.50968
3.27812
3.49094
3.94455
3.62051
3.19083
3.29228
3.52191
3.1767
3.77339
4.10566
3.66138
3.21334
3.59878
3.48356
3.66434
3.67457
3.48766
3.44185
3.72843
3.45739
3.40865
3.38963
3.6498
3.68095
3.55428
3.48724
3.20308
4.13285
3.84185
3.53958
3.54504
3.54336
3.48104
3.39646
3.50002
