6.31849
6.45396
5.61084
6.72088
6.2383
6.15107
6.79273
6.56571
6.23713
7.29982
7.12316
6.88841
6.37646
5.88196
6.63248
6.2625
6.22902
6.04416
6.32092
6.06273
5.9495
6.63796
6.6787
7.24142
6.67456
6.64944
6.4852
6.15009
6.81859
6.88464
6.05893
7.20134
6.86997
6.65445
7.26521
6.12272
5.88621
6.6749
5.83467
6.28864
6.89753
5.99376
5.96608
6.81557
6.02671
7.05026
6.05111
8.62705
6.27431
6.90889
7.36246
6.47844
5.73328
7.28446
7.44689
6.34573
6.42052
5.64184
6.55845
6.54764
6.299
6.62413
6.30309
7.43768
6.52315
7.04885
7.05677
6.67402
7.33782
6.99933
6.11751
7.04819
5.9048
7.16551
6.94379
6.39585
6.57207
8.18674
9.11636
6.38768
6.20709
6.55172
7.89545
6.59124
6.20982
6.44579
6.74395
6.55493
6.67377
6.58904
6.3059
6.80035
6.52047
6.95029
6.5216
6.58725
7.24366
7.07993
6.76682
6.54753
6.37679
7.10689
7.00567
7.24153
6.0998
6.83372
7.05192
6.44171
7.02571
6.88883
6.5677
6.00803
6.61694
6.42117
6.23759
7.25979
6.23545
6.13613
7.83334
6.43551
8.23806
5.92533
6.50844
6.08057
7.04839
6.67282
6.86843
7.39024
6.78895
6.02342
6.00515
7.62558
7.01455
6.38915
6.60562
6.72438
8.6045
6.134
8.00845
5.86579
5.88768
6.26669
6.69967
6.4155
6.41242
6.75705
6.49466
6.93304
6.07998
6.5615
6.49274
6.86728
6.49117
6.68459
7.13761
6.14348
5.90162
6.18605
6.34411
7.10872
5.78044
7.03675
8.09866
5.93278
5.89089
5.79352
6.49283
6.43596
6.13412
7.22825
6.8294
5.86732
6.30223
6.92039
6.91854
6.59796
6.76113
6.4645
6.75651
7.44729
6.45526
7.41842
6.21263
7.19014
6.50629
8.43947
6.99339
7.97554
6.09632
6.53291
6.80363
6.25524
6.55896
6.53431
9.71585
5.97067
7.43523
7.67989
6.46266
6.79251
6.28849
7.18262
6.79256
6.42055
6.60462
7.21772
6.33858
6.37584
6.4343
6.7471
6.75626
6.02499
6.60984
6.45888
7.13998
7.83934
6.53601
6.13293
5.38351
6.43628
6.21931
6.59972
6.72091
6.6746
7.18311
7.37041
6.45594
6.96057
6.83301
7.95279
6.15087
5.90686
6.33367
5.68457
8.00449
6.90923
7.10497
6.62762
6.46681
5.87689
7.59613
7.80157
6.07741
6.56064
6.8204
6.91951
6.57537
6.79923
6.88898
6.6626
7.49875
5.80576
7.34843
7.36145
6.08258
6.69817
6.55157
6.77027
7.12261
6.11448
6.573
6.25501
6.22066
7.67135
6.76685
7.55992
5.90897
6.41143
6.45903
6.15715
7.33265
6.53494
6.76856
6.36707
6.00719
7.58892
6.09785
6.40675
5.88368
6.15626
6.25284
6.63565
5.92763
6.89982
7.30026
7.15696
6.24579
6.17059
5.99539
6.1158
6.70977
6.02879
6.23188
6.409
6.28898
6.19651
6.31706
7.41349
7.31861
5.56644
6.4894
8.12679
6.34029
6.50706
6.38143
6.7042
7.61773
7.00051
6.57162
7.35521
6.57535
7.081
6.76534
7.03964
6.54945
6.76778
7.9493
6.29551
6.46429
6.40775
6.31766
5.84427
6.42002
6.37225
6.21856
5.86821
6.38916
6.02046
6.80232
6.67125
6.28771
6.68996
7
5.83373
6.40563
6.52039
6.87994
6.17274
6.95013
5.8884
6.83083
8.83066
6.0238
6.58388
6.11948
6.63261
6.25012
6.70302
5.67771
6.21411
6.31718
7.08
6.55399
6.36011
6.21988
6.43488
6.59873
6.34607
8.54431
6.70408
6.57758
7.27506
6.76715
5.9095
6.97086
6.78049
6.04336
6.62552
6.48906
8.13952
6.10041
6.37914
6.90783
6.79134
8.42924
6.00536
6.67325
6.92031
7.25158
6.18649
6.33674
6.76897
7.78403
6.88788
6.11463
6.0106
6.65432
7.01179
8.47144
6.84821
6.5241
6.0145
8.07168
5.66222
6.61963
6.15146
6.56111
5.82298
6.49227
6.79303
5.93253
6.40664
7.02069
6.56188
6.48289
6.47754
6.46346
6.18266
7.16771
5.94967
7.16769
6.54551
7.12051
6.564
6.54473
6.56129
6.4774
6.60322
7.05869
6.54579
7.4234
6.63709
6.69534
6.4053
6.37565
6.64945
6.76866
7.24599
7.3385
6.25471
5.73253
6.74729
6.89882
6.0041
6.69525
6.27196
6.0663
6.50181
6.9199
7.31413
6.28989
6.20243
7.03656
6.24945
6.26911
7.02816
6.40487
7.25772
6.51765
6.2542
7.65676
6.87922
5.98649
6.17083
8.75098
6.99101
6.57268
6.19214
7.27346
6.43436
6.00474
6.49632
7.10124
7.36962
6.14113
6.61253
6.93925
6.40858
8.55889
6.12497
6.22628
6.27072
6.66132
6.47864
5.96782
7.75884
7.15015
6.48979
6.7371
6.18738
5.92858
6.84497
6.5382
6.20448
7.92779
7.43608
7.00835
7.80547
6.36303
6.90014
5.83033
5.80349
7.54555
7.53606
6.67718
5.86546
6.74132
6.48813
6.13121
7.06068
