4.48388
2.73714
3.91225
5.01924
3.23089
4.28011
4.95988
4.73757
4.99957
4.06522
5.16595
3.572
4.08824
4.1615
4.38293
4.96395
4.03423
4.18101
3.30912
4.4824
4.71255
4.03706
4.55265
5.27148
6.01805
4.8094
4.62039
4.64323
5.36257
4.46006
3.83833
5.98554
3.42987
2.84627
5.27634
5.32679
5.23812
3.74286
2.87879
4.08313
4.75631
3.49579
5.22499
3.72198
3.20642
4.76205
4.97566
4.14577
7.3024
4.83029
5.04792
4.3798
4.82662
3.75685
5.98246
4.90384
5.17323
2.991
5.40596
5.21346
5.32886
4.99341
6.12616
4.64356
4.55533
5.77152
5.80746
5.36839
4.98859
4.415
5.31936
4.93588
3.52879
6.04316
3.13883
3.60121
3.20111
2.81655
3.3305
6.82834
6.56733
4.48546
3.12471
6.57635
3.51781
6.9279
5.56777
3.45781
5.81194
3.03278
5.57391
3.77493
3.24574
4.22927
5.07523
7.01121
4.46622
6.53822
4.95983
6.14177
4.45039
4.13278
6.628
3.35932
4.52755
5.03206
5.01104
3.7302
6.10369
3.83223
3.93836
5.45713
5.55826
3.43298
3.40269
8.25634
3.80716
4.11098
5.94112
4.27799
4.59129
5.64356
4.82379
4.30295
4.58713
2.12436
3.86131
4.24068
4.17396
3.72794
6.68749
5.00309
3.98249
4.3687
5.35889
5.40936
4.57153
5.07961
3.61137
4.86502
4.90652
3.08625
4.7741
3.62131
5.1423
4.10122
5.4677
4.99359
5.18852
4.43269
3.12137
4.92514
4.77453
4.88825
4.56765
3.0286
3.74988
5.49367
4.15569
4.42616
3.8684
6.35218
5.73454
5.02533
3.81945
3.83584
4.87881
5.84638
3.54316
3.85616
8.71389
3.0593
3.63317
4.58327
5.84751
3.44643
4.15855
5.46588
5.94199
4.43298
4.16935
5.86502
3.04918
4.83558
5.20204
3.40836
3.17393
2.91054
3.94931
3.81097
5.24215
5.19023
4.68738
3.44927
3.39291
3.94831
6.25635
3.95094
5.08294
4.09215
4.48834
5.55889
5.66904
3.0925
3.44852
5.15889
4.01493
3.14016
4.13553
3.65704
6.02577
4.02105
5.57669
4.44079
4.74065
6.74771
3.2763
6.22684
5.48387
3.46386
5.30294
3.08716
3.50812
4.61232
4.67598
3.13259
6.5608
4.69028
3.88817
4.36296
3.81464
5.04128
4.14608
2.71806
3.33184
4.85198
4.89126
3.38991
4.5878
4.57657
5.09996
5.20568
5.08256
5.25095
4.27294
6.29874
4.27918
3.99548
5.19888
6.3304
6.6648
5.23305
3.82152
3.95406
4.23062
3.32104
5.55942
5.90237
3.38249
2.77474
5.32238
5.78047
3.28458
4.93149
5.59952
4.95064
4.37019
6.75893
4.87135
4.69878
4.03691
5.3887
3.1875
3.78189
3.58029
5.27945
2.89927
4.10831
4.78038
3.58965
4.20115
5.21395
4.6516
4.92328
4.87505
2.99131
3.37337
4.28253
4.60795
4.93792
6.41537
2.81432
2.33309
5.64659
7.01592
3.08996
2.76727
6.13807
5.8556
3.04252
4.61086
4.76867
4.01474
4.36572
5.94868
5.16665
4.33901
6.18232
2.63115
5.53103
5.43513
5.84334
3.80491
3.83985
4.0447
5.29343
6.65134
4.75701
4.39438
4.56894
5.69055
4.53385
2.54084
4.34508
3.61452
4.92437
4.03239
6.06044
5.32721
4.70626
2.50077
3.96079
5.31052
4.26534
7.94763
4.74381
3.65782
4.61025
4.95212
6.1699
3.43578
4.7353
6.42655
4.74872
5.34774
4.87491
4.46797
4.16115
7.23387
7.00304
4.77983
4.96052
5.16746
9.39863
4.19451
4.64417
7.17905
4.36802
4.86313
6.32741
4.51085
4.89711
3.44169
4.49867
6.17504
4.12506
4.49932
4.28348
4.73986
5.99182
3.93881
3.42096
3.94214
5.11136
4.7986
3.34011
5.50857
4.58664
3.27801
5.15642
4.46837
5.09464
5.59638
5.27338
5.27446
5.93493
3.30305
2.8166
4.31854
4.12775
5.03796
4.64628
4.72713
3.96638
3.03065
2.82841
3.10796
3.99742
5.61941
4.08377
5.38668
5.14352
4.08333
4.38245
2.61086
5.2853
2.91371
5.11927
3.91996
2.78527
5.96627
5.98072
5.66788
5.69078
6.49897
6.87194
4.59527
3.84032
6.84261
5.6211
4.58558
3.13654
6.80083
5.15176
4.75875
5.92827
6.51881
4.33079
3.76249
4.09803
4.1924
4.99929
4.03107
3.85449
6.22334
3.98597
4.38137
4.56377
4.18721
4.87311
4.8256
4.41701
3.98961
3.81539
5.73828
3.94329
3.8468
4.75738
3.11261
3.6307
3.49747
5.64568
3.66633
5.02632
10.3898
3.65435
2.9985
4.57137
3.34453
3.46637
8.93636
4.46815
2.81728
5.53164
5.03178
4.33255
7.82352
3.74301
4.43481
4.48908
5.95968
2.32673
3.49598
4.82655
4.39317
2.82508
4.74238
4.4716
4.90296
5.04827
2.72001
4.03453
3.47468
4.97327
3.75101
3.73723
6.22141
7.23605
5.83907
4.94328
4.95678
3.19909
4.28054
3.70398
4.31969
6.35833
3.85513
3.38188
3.94527
3.38149
