3.89777
3.39972
3.47307
3.04886
3.22009
3.29322
3.69932
3.63366
3.88402
3.71226
3.76095
2.66889
3.19175
3.39364
3.86783
3.95917
3.28366
3.25084
4.00137
3.90044
3.25497
3.79897
3.59989
3.90242
2.39827
4.21489
4.06134
3.05707
3.49931
3.52782
3.85517
3.34078
3.87153
3.60072
3.53943
3.58826
3.3997
3.62131
4.37732
3.81946
3.50257
3.94395
3.17907
3.41377
3.30508
4.13717
3.4199
3.82345
3.79084
3.63104
3.65038
3.82639
3.57583
3.4397
3.31956
3.78192
3.4284
3.37817
3.0502
3.47887
3.93368
3.74502
3.99654
2.70007
3.50157
3.83058
3.38416
3.58307
4.26533
3.35821
4.17306
3.81237
2.76655
4.07296
3.17292
3.85459
4.24046
4.01003
3.12671
3.64806
3.83294
3.10073
3.903
3.29752
3.71428
3.28048
3.19783
4.76052
3.67111
3.45904
4.38801
3.962
3.59394
3.60712
3.90585
3.24902
3.62364
3.55039
3.34359
3.1722
3.34334
4.38214
3.13566
3.50978
3.22891
3.81559
3.31299
3.95392
4.07952
2.86321
3.55009
3.76494
3.06142
4.18282
3.01728
3.24831
3.8483
3.36405
3.65051
3.98292
3.30082
3.82513
3.26524
2.93571
3.53251
3.85734
3.08101
3.6104
3.6256
3.63549
3.41935
4.23632
3.60948
3.36106
4.11041
3.25758
3.81917
3.87803
3.30701
3.30139
3.28961
3.00644
3.34134
3.7246
3.93274
3.63348
3.78491
3.31963
4.68328
3.95991
3.54195
3.47806
3.97648
3.92348
3.66348
3.73699
3.58648
3.44637
3.41332
3.9101
3.31992
3.11454
3.9786
3.69561
3.36474
3.92544
3.74763
3.44012
3.64967
3.19762
3.12989
3.483
3.22542
4.16529
3.91935
3.17809
3.23628
4.22222
3.26426
3.30215
3.51205
3.56058
4.4851
3.359
3.57135
3.56356
3.88459
3.52501
4.37633
3.67248
4.00553
3.08194
3.15395
3.23353
3.13953
3.86502
3.4338
3.85314
3.73677
3.40113
3.95542
3.42659
3.35549
4.14894
3.40951
3.02923
3.55831
4.02995
3.83013
3.51819
3.57768
3.9252
3.56825
3.31476
3.00903
3.52135
3.55612
4.25782
3.1604
4.44391
3.21151
3.0372
3.37452
3.79616
3.72499
3.77033
3.5803
3.2064
3.91739
3.72304
3.98083
3.62747
3.4591
2.95057
3.37121
4.07026
3.33215
3.07675
3.35173
3.57141
3.43663
4.21606
3.74605
3.05169
3.74087
3.93642
4.51611
3.92749
3.44144
3.21592
3.87126
3.41795
3.64299
3.84893
3.7911
3.93533
3.54078
3.87871
3.66312
3.63945
2.66086
3.42926
3.95148
3.84278
3.18212
3.62365
3.6802
4.05378
3.79597
3.85027
3.80539
4.44122
3.44312
3.17503
3.74409
3.08216
4.06684
3.27916
3.9654
3.31137
3.03639
3.26627
3.6094
3.39284
3.67836
3.96395
3.63039
4.17459
3.91162
3.40849
3.24624
3.04004
3.82407
3.39416
3.52439
3.28487
3.541
3.75019
4.64943
3.80151
3.71258
3.44077
3.64554
3.03813
3.37541
3.47325
4.13135
3.67077
3.0751
4.05951
2.81798
3.32259
3.33205
2.9657
3.44516
3.33576
3.68165
4.02456
3.58864
3.72273
3.00567
3.88901
3.50246
3.59574
4.85157
4.15337
4.04685
3.3249
3.38506
3.81762
3.15189
4.14071
3.2592
3.46743
3.24045
4.03114
3.17536
3.238
3.85145
3.02168
4.3148
3.6176
3.25882
3.45254
4.31643
3.57801
3.59037
4.10669
3.6693
3.86347
3.29047
3.39317
3.22406
3.80275
3.58458
2.93462
4.01947
3.56126
3.17615
3.37772
3.30478
4.07722
3.91908
3.25261
3.86078
3.23409
3.25089
3.42036
3.39917
3.26386
3.38738
3.28717
2.92505
4.54264
2.87689
3.00539
4.59022
3.04662
3.63704
3.51222
3.46386
3.65522
3.29375
2.8961
4.30761
4.13761
3.55075
3.46423
3.15273
3.76364
3.40442
3.11079
3.45398
3.70472
3.76246
3.34382
3.75516
3.85216
2.93339
3.61335
3.61316
3.80254
3.47201
3.47734
3.3342
3.02259
3.87339
3.68197
3.70739
3.29585
3.67577
3.19636
4.07743
3.58924
4.52326
3.01702
3.33323
3.26508
3.78105
4.30242
3.69186
3.30917
3.92574
3.68205
3.05015
3.49876
4.89783
3.65372
4.56376
2.8724
4.4881
3.74734
3.83999
3.75588
3.60963
3.97723
3.33635
3.03002
3.76028
3.74971
4.41626
3.35284
3.43781
3.32817
3.90098
3.93697
3.18584
3.29678
3.52889
4.00385
4.03769
3.68867
3.9933
3.2713
3.17689
3.03866
3.71933
3.04762
3.32976
3.47973
4.04626
3.64078
3.82262
3.33487
3.51813
3.05111
3.03039
4.13858
3.24555
3.70677
3.09775
3.62082
4.46365
3.70038
4.00123
3.89252
4.70127
3.31783
3.56814
4.52978
3.92496
3.14307
3.87291
3.32746
3.31816
3.69758
3.86223
3.36714
3.41122
3.93728
3.2567
2.94609
3.17947
4.1328
3.5272
4.25948
3.01248
3.36685
3.57282
3.1515
