1.06956e-06
1.11202e-06
8.55307e-07
1.13375e-06
1.13655e-06
8.89215e-07
1.31689e-06
9.02651e-07
1.05682e-06
1.48259e-06
1.22653e-06
1.28373e-06
1.00177e-06
1.31365e-06
1.87667e-06
1.39122e-06
9.56922e-07
7.72261e-07
1.0596e-06
8.70484e-07
9.10932e-07
1.10313e-06
1.05719e-06
9.28432e-07
1.12301e-06
9.44004e-07
1.78901e-06
9.63962e-07
1.48317e-06
1.27981e-06
8.39476e-07
1.57326e-06
1.48326e-06
1.35519e-06
1.23388e-06
1.07095e-06
1.01654e-06
1.01544e-06
9.80169e-07
9.66192e-07
9.91502e-07
9.60605e-07
6.78425e-07
1.00189e-06
8.93302e-07
1.04405e-06
1.08074e-06
1.17724e-06
9.59563e-07
1.43047e-06
1.16074e-06
1.1694e-06
8.10473e-07
1.20724e-06
1.72628e-06
9.87632e-07
9.18506e-07
7.87399e-07
1.10433e-06
1.09184e-06
9.50713e-07
9.08492e-07
1.10516e-06
1.58874e-06
1.28785e-06
1.3066e-06
1.116e-06
1.08676e-06
1.18004e-06
1.12597e-06
9.32916e-07
1.11897e-06
7.86195e-07
1.24309e-06
1.02595e-06
1.0293e-06
1.10405e-06
9.68002e-07
1.82048e-06
8.20959e-07
1.06043e-06
1.15509e-06
1.44647e-06
1.55036e-06
8.97922e-07
1.13527e-06
1.0294e-06
1.0857e-06
1.25892e-06
8.93842e-07
1.12174e-06
1.112e-06
1.09118e-06
1.41402e-06
1.10554e-06
1.01038e-06
1.04505e-06
1.10576e-06
9.73219e-07
1.09229e-06
8.1144e-07
1.5328e-06
1.31529e-06
1.13162e-06
8.47769e-07
1.04906e-06
1.27834e-06
8.40894e-07
1.88167e-06
1.09184e-06
1.02587e-06
1.03492e-06
1.18707e-06
1.05622e-06
9.03867e-07
1.13268e-06
9.1026e-07
9.04177e-07
2.29527e-06
1.01182e-06
1.36134e-06
8.76705e-07
1.27868e-06
8.86073e-07
1.68864e-06
1.23217e-06
1.66306e-06
1.28382e-06
1.27035e-06
8.04499e-07
9.05913e-07
1.48871e-06
1.35861e-06
1.36253e-06
1.0403e-06
9.695e-07
1.35143e-06
9.61442e-07
1.1875e-06
9.21631e-07
8.67369e-07
8.71814e-07
1.04184e-06
1.32545e-06
1.55759e-06
9.68795e-07
1.18838e-06
1.20621e-06
8.91981e-07
1.18157e-06
9.73595e-07
1.02031e-06
9.41217e-07
1.18396e-06
1.212e-06
1.37299e-06
9.48222e-07
8.37093e-07
8.4213e-07
1.20126e-06
8.35588e-07
1.27441e-06
1.00734e-06
1.18616e-06
8.72638e-07
8.54599e-07
1.08976e-06
1.10493e-06
9.09963e-07
1.197e-06
1.86724e-06
9.12866e-07
8.76107e-07
1.18381e-06
1.04596e-06
1.11124e-06
1.49481e-06
1.05523e-06
9.9776e-07
1.28575e-06
1.40799e-06
1.58512e-06
1.07879e-06
8.10043e-07
1.04954e-06
1.9667e-06
1.84853e-06
1.51015e-06
9.58321e-07
1.16233e-06
1.16739e-06
1.06179e-06
9.93258e-07
1.13588e-06
1.17006e-06
1.0536e-06
8.7681e-07
9.92999e-07
1.07567e-06
1.01202e-06
1.005e-06
1.26598e-06
1.08414e-06
9.34685e-07
1.43878e-06
1.01111e-06
9.43394e-07
8.9068e-07
1.05344e-06
1.0422e-06
1.04895e-06
1.04788e-06
9.54002e-07
8.6252e-07
1.49574e-06
1.55219e-06
1.053e-06
9.73135e-07
7.10055e-07
1.12619e-06
9.0121e-07
1.20218e-06
7.9524e-07
1.05708e-06
1.0805e-06
1.44272e-06
1.19369e-06
8.82722e-07
1.03068e-06
1.2697e-06
1.99451e-06
7.62623e-07
1.15324e-06
7.96137e-07
1.18629e-06
1.02646e-06
1.23047e-06
1.04241e-06
1.034e-06
8.25215e-07
1.32321e-06
1.98534e-06
8.77363e-07
9.17596e-07
1.19852e-06
9.38363e-07
1.3074e-06
1.72943e-06
1.14279e-06
1.01095e-06
1.0073e-06
1.06903e-06
9.87712e-07
1.26627e-06
9.48408e-07
1.26827e-06
1.13135e-06
1.29444e-06
1.021e-06
9.22477e-07
1.29571e-06
9.4216e-07
1.0497e-06
1.6584e-06
1.06911e-06
1.11747e-06
8.28752e-07
1.28603e-06
1.15732e-06
1.0855e-06
1.355e-06
1.00634e-06
1.21245e-06
1.14586e-06
9.22552e-07
1.89397e-06
9.09456e-07
1.13638e-06
6.64027e-07
1.0867e-06
9.21581e-07
1.41642e-06
7.9689e-07
9.88077e-07
1.75861e-06
1.07872e-06
1.12791e-06
9.5813e-07
1.00269e-06
7.93815e-07
1.17132e-06
9.5127e-07
1.25945e-06
1.33327e-06
1.07493e-06
1.42581e-06
9.49061e-07
1.15951e-06
1.74741e-06
8.46187e-07
9.02334e-07
1.47121e-06
1.38516e-06
8.58599e-07
1.33648e-06
1.16851e-06
1.64073e-06
1.32894e-06
9.62262e-07
1.2359e-06
1.12638e-06
1.50266e-06
1.61989e-06
1.37952e-06
1.37661e-06
9.90761e-07
1.50499e-06
1.418e-06
7.89424e-07
1.07245e-06
1.00934e-06
8.72121e-07
1.03041e-06
1.30043e-06
8.50091e-07
7.75457e-07
1.0538e-06
1.04003e-06
1.14576e-06
1.39979e-06
1.09093e-06
1.49068e-06
1.29163e-06
8.3525e-07
1.08205e-06
1.10258e-06
1.12418e-06
1.11702e-06
6.98283e-07
8.568e-07
1.37542e-06
1.17266e-06
9.09699e-07
9.84461e-07
9.98906e-07
1.46787e-06
9.35965e-07
1.361e-06
7.70134e-07
1.09435e-06
9.4405e-07
1.62992e-06
1.49235e-06
9.15775e-07
1.13229e-06
1.07735e-06
9.59202e-07
9.95449e-07
1.74464e-06
9.25936e-07
1.36502e-06
1.65614e-06
1.07385e-06
8.91472e-07
1.31312e-06
1.33519e-06
1.05301e-06
9.86475e-07
1.09666e-06
1.41404e-06
9.49159e-07
1.14386e-06
1.02309e-06
1.40446e-06
1.21342e-06
8.40266e-07
8.13106e-07
1.1966e-06
1.27679e-06
8.73144e-07
1.02507e-06
1.30222e-06
8.74967e-07
1.16682e-06
8.35771e-07
1.25883e-06
1.05308e-06
1.02097e-06
1.01568e-06
2.01638e-06
1.03066e-06
8.70423e-07
1.60751e-06
8.45323e-07
1.2998e-06
9.66941e-07
1.20367e-06
9.23924e-07
9.59771e-07
1.21725e-06
1.09328e-06
9.71725e-07
1.35006e-06
1.08169e-06
1.25864e-06
7.78976e-07
1.0888e-06
7.38561e-07
1.19714e-06
8.6996e-07
1.43707e-06
1.16154e-06
9.74324e-07
1.15469e-06
1.01718e-06
1.19592e-06
9.49879e-07
1.13775e-06
1.24487e-06
1.03596e-06
2.05492e-06
1.10621e-06
1.52705e-06
1.05353e-06
1.12011e-06
1.35997e-06
1.14027e-06
1.16952e-06
1.01036e-06
9.14499e-07
8.22455e-07
1.25366e-06
1.09382e-06
9.14481e-07
9.18824e-07
1.41627e-06
1.18749e-06
1.02414e-06
1.05384e-06
1.56196e-06
1.04163e-06
9.64496e-07
1.17626e-06
1.27684e-06
9.12377e-07
1.04941e-06
1.51263e-06
1.12263e-06
1.04246e-06
9.32608e-07
1.08864e-06
1.14366e-06
1.01837e-06
1.00921e-06
1.25251e-06
1.26941e-06
1.00272e-06
1.14401e-06
1.35905e-06
1.07396e-06
8.17118e-07
1.08248e-06
1.96025e-06
1.24699e-06
9.00738e-07
1.32461e-06
1.21129e-06
1.10419e-06
1.34608e-06
9.50262e-07
1.02939e-06
8.54908e-07
1.16283e-06
1.20417e-06
8.49538e-07
1.08437e-06
1.19147e-06
1.10344e-06
1.28586e-06
1.17335e-06
7.97647e-07
1.11094e-06
1.17688e-06
9.29889e-07
1.36428e-06
1.32965e-06
1.60033e-06
1.01805e-06
9.86642e-07
1.37428e-06
9.03332e-07
9.28966e-07
1.62042e-06
1.23944e-06
1.22557e-06
9.6271e-07
1.09232e-06
1.05846e-06
1.0304e-06
1.35254e-06
