5.90588
5.92958
5.8055
6.43612
6.46595
6.77345
6.06732
6.18755
6.02173
6.52536
6.11099
6.6689
6.91024
7.62781
7.59932
6.43031
6.47962
6.6194
7.53015
5.97671
5.96544
6.25794
6.46546
6.65822
6.10484
6.49731
6.74921
6.32621
6.58089
6.32969
6.60935
7.21132
6.90114
8.04107
7.10721
7.21942
6.53226
5.96468
6.79461
6.97287
5.88592
6.41797
6.04189
6.74034
6.01787
6.38811
5.88459
6.33588
6.50491
6.49486
5.93911
6.14872
6.43863
6.144
6.11071
5.99448
6.43848
5.72045
6.44218
6.16289
5.97174
6.35231
6.39041
6.1449
7.16605
6.79178
6.1432
7.71447
7.0238
5.60049
6.74973
6.68144
5.84899
6.05687
6.1104
6.20446
7.16068
7.36339
6.1808
7.50713
6.12786
5.65276
6.02719
6.35056
5.99259
6.27082
6.62033
6.53236
6.40781
6.63054
6.07791
6.05851
6.68007
7.46896
6.86955
6.79615
6.25284
6.1113
5.69414
6.86917
6.57085
6.88926
5.92044
7.41109
6.35094
6.71769
6.41998
5.98547
6.5887
6.58615
6.24368
6.3362
6.65935
6.51894
6.43707
6.55999
7.76183
6.33461
6.13542
7.63482
7.32337
6.80567
6.58201
6.09304
6.6241
7.39946
5.71395
6.83301
6.17824
6.03766
6.79802
6.33663
6.19411
6.57061
6.4258
6.7722
6.17933
5.96438
7.59237
6.27767
6.56447
6.28631
6.22892
6.3049
6.56369
6.70638
5.66386
6.21708
6.27794
6.25836
7.50057
6.35387
6.41039
6.11257
5.89285
6.19764
6.00842
6.63407
6.36905
6.85133
6.7953
6.17819
7.03546
6.02173
7.46135
6.0466
7.44964
6.09221
6.5831
7.95584
7.46736
6.49439
6.38143
6.42328
6.56954
6.5379
6.32377
7.14707
5.46524
6.15691
6.45907
6.19486
6.17959
6.32479
6.19312
5.92416
6.46577
5.90081
6.23169
6.93903
6.7727
5.78119
6.61063
6.28028
7.3059
6.24408
6.10911
6.29433
5.94882
6.09197
6.3512
5.89327
6.13177
6.17817
5.8406
5.94242
6.86797
6.15349
6.22805
6.02094
6.62723
6.36861
6.32019
6.71574
6.07444
7.20995
6.22672
6.98074
5.96613
5.94569
6.40451
6.96835
6.19452
5.43289
7.19609
7.32503
6.4966
7.23525
6.14463
6.29095
6.45736
6.26095
7.10839
5.48609
5.71071
6.26038
5.91691
6.26133
6.71832
6.45156
6.36699
6.09871
6.63856
6.17848
7.26927
6.46411
5.94815
6.00246
6.49431
7.29982
7.09845
6.58295
5.43908
5.87102
5.92662
5.68763
6.18299
6.75713
6.60645
6.27572
6.62381
5.94738
6.48567
6.22837
6.39761
7.33574
6.12661
5.76451
5.70132
6.95093
5.63938
7.54914
5.8031
8.70625
7.30626
6.33615
6.48078
7.09972
7.06841
6.85887
6.57321
6.32294
6.66377
6.19576
6.53189
5.93114
7.21123
6.11327
6.08556
6.42183
7.03252
6.45131
6.00292
6.25005
6.46809
6.52203
6.30771
6.32339
5.778
6.38274
6.62384
6.69057
6.07512
5.71842
6.24421
6.14551
5.96758
6.09239
6.1684
6.14379
6.13096
6.24605
6.55885
6.39269
6.56867
6.98913
6.2591
6.31219
6.42227
6.26184
6.59216
6.87642
5.8864
10.0974
7.41275
6.79508
6.12645
6.42013
6.93334
6.25784
6.3127
6.37077
6.02195
6.7826
6.68059
6.53706
6.55667
7.02713
6.54854
6.77291
6.92031
5.95178
6.16517
7.15711
5.98875
6.89875
7.36777
7.51441
5.46115
6.36556
6.01276
5.90645
6.30633
6.53422
6.33843
6.38041
7.35954
6.88612
6.79484
6.03654
6.70793
6.42028
6.54113
6.70559
6.05895
6.00208
5.94564
6.70567
6.07509
6.03791
7.3759
5.68967
6.58759
6.00175
6.67139
7.34615
6.50677
6.4679
6.3354
6.65534
5.77606
6.0913
6.17364
6.16267
5.89013
6.46359
6.22801
6.08636
5.92904
9.05323
5.51259
6.13247
5.96407
6.60865
6.94033
6.71605
6.09164
5.65257
6.56992
6.13417
5.9056
6.44046
6.76296
6.38165
5.93961
6.8688
6.75266
6.0973
6.58341
6.7733
6.00301
6.22723
5.87444
6.18113
6.63372
6.2296
6.17678
6.07391
5.96008
6.70387
6.05804
6.02775
6.29058
6.2838
6.12569
6.40957
6.36448
6.7262
5.94985
5.61874
6.77507
6.42214
9.77767
6.52968
7.23015
5.89058
6.27372
6.0677
5.96507
6.87818
6.48738
6.71755
6.83925
6.37994
6.11124
6.65754
6.14235
6.84727
6.79539
6.11202
6.2751
6.68084
6.18917
6.50324
6.78655
6.88319
6.73716
7.20874
5.33068
6.50613
6.35131
5.82409
6.70616
7.35328
6.73884
6.22827
6.93093
6.66178
6.47436
5.66497
5.98569
6.00116
5.99824
7.32091
7.0532
6.21293
6.125
6.3226
6.14549
7.53656
6.51714
7.51582
6.85682
6.65696
6.81694
6.39245
6.17851
6.21028
6.26506
6.68637
6.01602
6.86964
7.27569
6.38326
6.62413
6.33791
6.26039
6.75384
6.0959
6.24868
