6.00424
6.64835
6.23837
6.10698
6.01559
5.90152
5.9945
6.46358
7.18056
7.45757
7.46744
6.23712
6.6526
5.95672
6.60883
6.20058
6.70858
6.07898
6.1201
6.12995
6.26383
5.93598
6.01433
6.59107
6.34118
5.28522
5.70495
5.65218
7.18818
5.84577
5.58401
6.22451
6.10452
6.04364
6.02668
5.91481
5.83237
6.29769
7.33458
5.83239
5.78752
6.81019
6.27376
5.85509
6.99557
5.98461
5.66144
6.62185
6.37995
7.1789
6.0998
5.9408
6.44312
6.03423
6.33213
7.54499
6.49554
6.26084
5.92302
6.68626
6.3888
6.05985
6.5325
7.69569
6.11544
6.64093
6.66601
6.14694
5.80215
6.25073
6.38231
6.30319
6.33622
6.93764
6.14827
5.94691
6.30111
6.51268
5.70583
5.73546
6.11612
6.72006
6.36241
6.98325
6.19743
6.00409
6.44635
6.8383
6.44715
6.67942
6.25023
6.03671
6.47096
6.81241
6.14839
7.62663
6.38838
7.09965
6.25181
6.43556
5.78919
6.73861
6.24583
6.85139
6.53441
5.64103
6.037
6.11414
6.18186
6.2428
6.2017
6.02619
6.76446
6.29471
6.85125
6.3011
6.73915
7.18929
5.59803
6.60775
5.92087
6.41396
6.83193
6.70363
7.29257
6.59767
7.13356
5.11426
6.931
6.36483
6.18488
6.22589
6.28383
6.09765
6.12492
6.04304
6.35114
6.2969
6.27801
6.13627
6.6989
6.2984
6.13283
6.50925
7.15587
6.93522
5.80926
6.52104
6.86234
7.23304
6.11743
5.46054
6.36152
6.66036
7.49957
5.90621
7.00295
6.39007
6.40321
6.80103
6.84318
5.77703
6.14873
5.93483
6.58723
6.56193
8.14016
6.91916
6.43121
6.55139
6.57736
6.57977
5.90779
6.22528
6.33501
6.44462
6.06346
6.65993
6.04101
6.81383
5.97758
6.32597
6.54255
5.6106
6.10402
6.13853
5.94671
5.97995
6.88224
6.49908
6.79689
6.67941
7.1804
6.04956
6.01674
6.18272
5.82073
6.0711
7.27941
6.60203
5.80277
5.41805
5.90929
6.42487
6.37572
6.28874
5.8834
8.85302
6.95586
6.26216
6.46131
6.09255
6.05596
6.09306
6.23435
6.2569
6.38212
6.36167
5.999
6.73703
7.03875
6.66038
6.61558
5.90244
6.17536
6.36106
6.12493
6.52008
5.72468
7.92371
6.66644
6.6118
6.83152
6.11738
6.54526
6.49155
6.00305
5.96613
6.00037
6.24556
5.9797
6.03834
7.81719
6.43339
6.00406
9.74319
6.18908
6.23468
5.8526
5.55692
5.95048
6.60281
6.72488
5.94438
6.61277
6.40228
5.32255
6.40021
6.32438
5.98991
5.53472
5.89909
5.6852
6.68989
6.22303
6.94168
6.71236
5.95588
7.4426
6.00193
7.30867
5.88599
7.6826
6.90564
6.79764
5.79097
7.39415
7.00247
6.48363
6.07689
6.92224
6.12983
6.22293
6.26685
7.21186
7.62661
6.73819
7.17495
6.38895
7.66853
6.4391
6.11609
6.17901
6.67878
5.76009
6.34202
6.54029
5.76975
6.08945
6.07785
7.42232
7.61611
6.85836
6.09796
6.6111
5.48649
6.44225
6.25444
6.51259
6.43333
6.85385
6.86042
6.4437
5.82606
6.49005
5.84618
6.35448
6.57599
6.90754
7.45197
6.72292
6.47518
6.8739
6.04162
6.24131
5.97438
6.59822
6.34385
6.47689
5.59373
6.12076
6.95042
6.19602
6.51898
7.23694
5.54435
6.14439
5.84628
7.10824
6.4649
5.87419
6.01783
6.25315
6.1324
6.28212
6.4149
6.16573
6.11671
6.56617
6.12089
6.31077
6.56617
7.07593
5.77886
6.41647
6.78324
6.16467
6.8662
6.39042
6.01281
5.77055
5.6145
5.47876
6.94595
6.31283
7.17282
6.70973
6.53052
6.33265
6.28085
6.37851
7.35572
6.39754
5.87168
5.87842
6.14785
6.23751
6.2445
6.18025
6.17851
6.36604
7.21806
5.7045
7.93652
6.22604
5.9957
6.47883
5.94978
6.00084
5.72418
6.28173
6.82024
6.3626
6.48375
5.96481
6.15242
6.36665
6.30729
5.26978
5.37373
6.46778
5.96073
5.08957
5.74321
6.38096
6.46227
6.57837
6.99987
6.1039
5.98647
5.97889
6.38134
6.04138
6.86691
6.01079
6.19635
5.9406
6.39851
5.89247
6.33633
6.25371
6.36842
6.44085
5.60592
6.608
6.05269
5.85749
5.72589
5.61597
7.34986
5.48547
6.79424
6.33389
6.46529
6.28186
7.11532
6.71353
6.60118
6.8329
5.76775
6.17917
6.27013
5.95692
7.24602
6.39178
5.98471
5.71672
6.07203
5.91675
6.03066
6.73769
6.42483
6.3226
6.63193
6.02377
6.65541
6.39588
6.50274
5.79369
7.15384
6.16213
6.51521
5.81884
6.4347
6.21037
6.02361
6.03661
7.04816
6.80437
7.1482
5.74496
7.18957
6.69048
6.2817
5.80314
5.62438
5.53478
6.06507
6.09184
6.6923
6.068
5.89337
5.499
6.25757
6.27044
6.11678
6.43091
6.19317
5.76914
6.64222
5.80194
6.2801
5.78743
6.20257
6.56078
6.35239
7.20495
6.29217
5.68515
6.0352
