3.64424
4.27496
3.55581
3.31381
3.42637
3.08571
3.99127
3.53695
4.60513
4.58665
3.68177
3.27859
3.2378
4.52392
3.92522
3.70773
3.59091
3.697
4.41719
3.91475
4.47959
3.06212
3.93954
3.48596
3.66887
5.30621
4.375
4.56589
3.3589
3.07069
4.27575
3.33967
3.97053
3.9665
3.71465
4.01867
4.5427
4.47024
4.44497
3.65582
4.2468
4.08086
3.44144
3.91213
3.22922
4.23924
3.86934
3.19263
3.31127
3.95063
4.50334
4.31701
2.83207
3.79304
4.68657
3.21523
3.58122
2.90051
3.85923
3.93282
4.54014
3.58258
2.63537
3.73058
4.75997
2.37192
5.18101
4.41452
3.93834
3.01274
3.7247
2.86159
3.31659
3.93469
3.5644
3.89963
4.43327
4.14508
3.43938
3.78572
3.46916
3.30695
3.17503
3.78997
3.25366
3.70908
3.9261
3.50357
3.40168
4.55467
4.67764
4.62126
4.79873
3.64096
3.66367
3.90868
4.20977
4.34634
3.62893
3.23119
3.65897
3.91986
4.28213
4.16057
3.8503
3.83596
4.62081
3.87712
3.74075
4.77797
3.66046
4.16638
3.91049
3.65453
4.03032
3.1173
3.47154
3.31795
3.42963
4.22156
4.03368
4.20859
3.53129
3.15198
3.6002
3.48403
3.41604
2.76682
3.39122
3.48505
3.96091
3.93337
3.32868
4.47803
3.18498
3.88383
4.63811
4.28965
4.34731
4.2334
2.82231
2.91414
4.30168
3.47907
3.09304
4.25193
3.23642
3.30767
3.4281
5.61156
2.87367
2.86164
3.95708
4.31987
4.1199
3.46068
4.07334
4.1828
2.87967
3.21745
3.01981
3.5857
3.32033
3.40553
3.49702
4.76123
5.59918
3.86189
3.04759
5.14577
4.65078
4.25863
4.55086
3.40071
3.99391
3.69518
2.93373
3.93282
3.51726
4.69744
2.92443
3.93513
2.83467
4.71889
3.52253
4.08546
3.66365
3.18769
3.13574
3.68591
3.77774
2.64367
3.92639
4.43
4.03458
3.13656
3.22995
5.40692
3.36291
5.36745
3.43428
2.96145
3.48864
3.8146
3.99975
3.95051
3.46541
4.56232
4.03871
4.17686
4.57804
4.36874
4.54911
3.50053
4.33733
3.52067
3.48248
3.51655
3.38941
3.00046
3.63764
3.0073
4.44007
3.4402
2.74485
5.81753
4.04284
3.16289
3.62755
5.02581
4.91202
3.61325
3.49952
3.1534
3.41262
3.541
4.52429
3.95539
3.40736
3.3556
3.82656
4.46908
3.87856
3.51813
4.79866
3.15961
4.34792
3.80948
3.35264
3.65476
3.49339
3.61051
3.54905
3.57608
4.28501
4.0994
3.58273
4.37998
3.98741
4.71787
4.19274
3.34246
4.717
3.89974
5.02373
3.51306
2.99847
4.20442
2.90064
3.95227
3.22614
4.44657
3.95843
3.22583
4.59234
3.52551
5.16141
4.30097
2.58488
3.24925
4.39857
4.1061
4.14073
3.9451
3.49063
3.42495
4.94195
3.59435
4.50992
4.36824
3.24486
3.0277
3.9242
3.83948
3.35881
4.69847
3.30325
4.1598
3.48785
4.34395
3.28526
4.55828
3.9078
3.77093
3.17232
3.49949
3.43751
4.16144
3.89021
3.44705
3.28392
4.28423
4.25892
4.65818
3.12334
3.39884
3.5932
3.85874
4.61218
3.571
3.61158
3.11813
3.06488
3.63674
3.96187
3.20755
5.02378
3.37557
3.92182
3.66564
3.83727
4.51707
3.22657
3.9315
3.51625
4.63712
3.55715
3.84702
4.5133
4.58287
4.29523
4.14265
3.53219
4.81068
3.38971
4.22735
4.66854
3.86158
3.76214
3.98923
3.41195
3.00351
3.158
4.26689
2.9535
2.97027
4.05285
3.58326
4.2406
3.88539
3.33647
3.46186
3.34822
2.82114
3.96306
3.45109
4.67063
3.4342
3.29349
3.81457
3.1739
3.66396
2.91867
3.45791
4.95859
3.86541
4.20214
3.17842
3.59646
3.60868
3.29697
4.42175
3.65004
4.25431
3.57747
4.25698
4.11991
3.63966
3.84867
3.62986
3.52412
3.79325
3.96461
3.54474
3.67098
3.89343
3.68643
3.87612
3.1118
3.21003
3.68792
3.01178
3.47309
3.83947
3.05922
5.10637
4.01578
3.37703
4.02877
3.65947
3.55683
3.43138
3.46644
4.11899
3.80362
3.82821
3.93341
3.6982
4.71572
4.50966
3.80061
3.07812
4.38381
3.81722
3.95529
2.81849
3.48588
3.71805
4.46438
3.84558
3.97709
3.45438
3.12091
3.87566
4.14176
3.33748
4.00321
2.99618
4.48099
3.19883
4.30371
4.31332
3.57747
3.6126
3.65258
4.42627
3.71426
5.26563
3.86931
3.29875
4.01858
3.95487
3.31083
4.3523
4.0184
3.8937
3.93309
3.87744
3.7784
4.53207
4.00256
4.21591
4.76074
3.59519
6.19476
4.43948
3.81426
3.33372
3.46615
3.75945
5.12746
3.66734
4.02315
3.48909
3.85528
3.30904
3.33545
2.90006
4.56834
4.41127
3.76537
4.2231
3.47206
4.05958
2.99119
3.37794
3.27602
3.905
4.02012
3.76044
3.09295
5.27721
3.30681
4.28994
3.52769
3.24995
4.05923
4.21407
3.29268
4.11589
