3.65193
3.71467
3.54492
3.81941
3.49892
3.63254
3.5137
3.94128
3.98776
4.38499
3.91435
3.67895
3.83964
3.57364
3.95802
3.60982
4.11196
3.64344
3.79844
3.80368
3.76262
3.74088
3.66278
3.92546
4.0797
3.22736
3.53967
3.4821
4.33159
3.70475
3.3465
3.94568
3.63309
3.90211
3.71853
3.48634
3.42172
3.77228
4.27518
3.75115
3.33241
3.72477
3.66517
3.42027
3.62217
3.7491
3.44793
3.83814
3.99544
4.22705
3.65339
3.70983
4.09732
3.61783
3.61866
4.54549
4.08826
3.77443
3.50389
4.12663
3.49667
3.71675
3.90612
4.713
3.76933
3.96913
4.04608
3.71001
3.47758
3.812
3.66328
3.81922
3.73125
4.32974
3.7004
3.52414
4.02066
4.00042
3.41586
3.29704
3.71568
4.3011
3.70377
3.98984
3.7175
3.66592
3.94118
4.00518
3.91192
3.897
3.67075
3.79102
3.81348
4.02175
3.8418
4.06092
3.5403
4.01078
3.83586
3.80289
3.48369
4.10948
3.77817
3.84438
3.92789
3.46866
3.75634
3.53705
3.72643
3.7904
3.84289
3.66948
4.01523
3.79527
3.78513
3.8419
4.12808
3.99398
3.44465
4.06055
3.70717
4.06979
3.86417
4.20967
4.09232
3.62934
4.51847
3.24059
4.37135
3.82628
3.89819
3.96648
3.868
3.58372
3.90418
3.67917
3.93672
3.94504
3.9488
3.74653
3.9471
3.95329
3.85614
4.11113
3.9987
3.94904
3.62456
3.95138
3.81498
4.48731
3.71974
3.36821
4.06727
4.00156
4.26595
3.83422
4.03371
4.01403
3.83801
4.19247
3.94565
3.57802
3.68277
3.59543
3.93816
4.06681
5.18582
4.17828
3.8944
3.81711
3.92238
4.16544
3.5606
3.70214
3.75098
3.61557
3.63277
3.97953
3.7172
4.46935
3.69594
3.61164
3.95833
3.37815
3.78837
3.9017
3.75081
3.58144
3.7706
3.58872
4.19314
3.80511
4.64651
3.71108
3.81439
3.82089
3.69087
3.74734
4.27457
3.96045
3.46345
3.63923
3.62394
4.01846
3.82426
4.12994
3.67966
4.41938
4.08909
3.78552
3.88131
3.75195
3.63977
3.84809
3.88661
3.88512
3.86865
3.90363
3.69861
4.22698
4.07685
3.99536
3.71612
3.73189
3.91986
3.40639
3.81927
4.33548
3.40454
4.83874
4.15538
3.99442
3.4307
3.53028
3.9176
3.83975
3.37123
3.44727
3.54341
3.71442
3.37515
3.90817
4.0144
3.86164
3.67196
5.95518
3.63494
3.919
3.75556
3.31176
3.45613
4.22674
3.61437
3.75653
4.0319
3.87481
3.31433
3.90449
3.79994
3.77051
3.42568
3.53419
3.61042
3.97062
3.87761
4.24017
3.85444
3.86558
3.75485
3.63905
4.60962
3.4552
3.84478
3.9328
3.98464
3.59803
4.22182
3.78772
3.67425
3.77637
4.61381
3.67871
3.85028
3.9387
4.09549
3.92563
4.13598
4.17079
3.90383
4.88851
3.67457
3.68112
3.76023
4.1182
3.4637
3.98218
3.53379
3.30461
3.68029
3.8957
4.30872
4.647
3.90131
3.70807
4.02558
3.35221
3.91538
3.71896
4.38463
3.77635
4.19153
3.9224
3.83267
3.61712
4.0055
3.62329
3.86385
3.76001
4.42756
3.50039
3.85427
4.12725
4.03492
3.74009
3.91542
3.70022
3.94058
4.03913
3.92336
3.41466
3.85858
4.47082
3.34575
3.86637
3.80596
3.2931
3.67748
3.63684
4.04673
4.18618
3.66127
3.65581
3.65688
3.7242
3.63477
3.90356
3.56899
3.47456
3.98033
3.62612
3.75975
3.7766
4.1005
3.69758
3.84884
3.91609
3.85846
3.83185
3.70445
3.67831
3.46978
3.52912
3.48783
4.1494
3.83359
4.15608
4.09764
3.85488
3.81608
3.96867
3.73119
4.55271
3.71602
3.63279
3.45694
3.66894
3.7825
3.66421
3.43242
3.86527
4.00546
4.29495
3.5869
4.50212
3.94363
3.69717
4.10309
3.70521
3.73353
3.44625
3.81362
4.14711
3.71492
3.88589
3.60537
3.85793
3.9721
3.9783
3.15987
3.15424
3.82564
3.63647
3.19
3.49915
3.98533
4.10213
4.19385
4.147
3.73257
3.78292
3.75673
3.8263
3.6993
4.1919
3.43942
3.73978
3.6388
3.97791
3.64199
3.71895
3.66282
3.89696
3.9934
3.40894
4.00738
3.66527
3.5868
3.55485
3.53677
3.84503
3.46016
4.17082
4.28715
3.90015
3.74546
4.55058
3.62842
4.04123
3.66867
3.56314
3.72057
3.62801
3.64003
4.0477
3.90289
3.45666
3.4358
3.59945
3.62352
3.78057
4.10063
4.01581
3.88045
3.92118
3.58604
4.11146
3.90649
4.04675
3.53693
4.51868
3.91136
4.0447
3.32078
3.96718
3.56275
3.94536
3.63014
3.66073
4.16653
3.90564
3.38283
4.37735
3.95763
3.70588
3.48146
3.48414
3.35136
3.68424
3.64337
4.09933
3.60511
3.62527
3.33964
3.69227
3.75088
3.73173
4.07845
3.56198
3.60125
4.08349
3.59582
3.72075
3.59191
3.69918
4.0205
3.70689
4.31688
3.83983
3.51748
3.75107
