3.86835
2.26402
3.3613
4.53788
2.68194
3.70024
4.38945
4.16832
4.28228
3.5613
4.46373
2.81279
3.59229
3.47272
3.48842
4.43977
3.41314
3.56144
2.77438
3.93396
3.99899
3.47478
4.16
4.27825
5.10254
3.71534
3.47489
4.10869
4.72413
3.98395
3.27464
4.9079
2.73122
2.2367
4.35539
4.68715
4.08372
3.18131
2.41073
3.54818
4.02892
2.94105
4.53143
3.10033
2.75112
4.21644
4.03082
3.63423
5.35667
4.12164
4.08391
3.81297
4.04736
3.30825
4.28874
4.39795
4.57676
2.55927
3.93778
4.34227
4.66495
3.67544
5.39756
4.05635
4.01466
4.80804
4.56004
4.53485
4.25367
3.83872
4.30105
4.21599
2.89811
4.57905
2.73909
3.04364
2.74841
2.38799
2.64574
5.17376
5.54537
3.94944
2.58854
5.46003
3.07966
5.49726
4.0657
3.02592
4.92857
2.47326
4.61892
3.28429
2.75576
3.68677
4.32138
6.06061
3.66007
5.58103
4.31183
4.77068
3.87685
3.54852
4.90997
2.83891
3.8703
4.04484
4.31336
3.18028
5.21661
3.20929
3.34698
3.58294
4.16002
2.82018
2.86986
6.06471
3.39492
3.50969
4.7117
3.7632
3.98928
4.70582
3.94536
3.70047
3.97766
1.87023
3.35958
3.49378
3.66093
3.30174
5.5133
4.30144
3.34165
3.4243
4.68909
4.73498
3.91805
3.9837
3.04126
4.00168
3.97729
2.59082
3.83274
3.06362
4.47352
3.59004
4.78321
4.42414
4.37298
3.72443
2.5151
4.30107
4.07205
4.06424
3.98581
2.50886
3.07031
4.70207
3.64688
3.74047
3.29957
5.45873
5.20489
4.26624
3.10269
3.41059
4.2083
4.71789
3.05636
3.24786
7.48559
2.621
3.04509
3.89306
4.29747
2.90094
3.51133
4.6971
5.20673
3.63046
3.54369
4.4257
2.57931
4.2254
4.47299
2.77269
2.63674
2.59431
3.23315
3.3804
4.17749
4.29307
3.80259
3.00636
2.90144
3.34822
5.27444
3.15669
4.41597
3.49081
3.90107
4.77621
5.07037
2.63119
2.45141
4.63257
3.5312
2.64375
3.47165
3.0364
4.80435
3.39881
4.7576
3.62396
3.64353
5.69319
2.711
4.57688
4.70677
2.92573
4.45084
2.68177
2.77472
3.8479
4.0242
2.69891
5.72052
4.06423
3.35656
3.76329
3.22608
4.29141
3.18782
2.25697
2.74909
4.29685
3.88342
2.85046
4.03586
3.9004
4.56719
4.39413
4.39193
4.38037
3.62165
5.25104
3.72129
3.40439
4.29537
5.7623
5.58562
4.62106
3.27643
3.38431
3.68028
2.94719
3.9668
4.64172
2.9166
2.39894
3.84734
4.56037
2.75188
3.79971
4.35555
3.88332
3.7525
5.5782
3.52345
4.03716
3.38245
4.23578
2.76651
3.21242
3.07872
4.3287
2.4836
3.56179
4.22511
2.99249
3.69958
3.6484
3.89748
4.04038
3.5223
2.4139
2.81904
3.73802
3.65111
4.1407
4.74353
2.39054
1.91716
4.89028
6.33373
2.67133
2.31718
4.94467
5.05526
2.63526
3.99623
3.96856
3.29998
3.18881
5.22123
4.62839
3.73527
5.28014
2.22163
4.54308
4.75507
5.03294
3.25362
3.22949
3.60496
4.0118
5.91928
3.43426
3.57043
3.81489
4.9735
3.90639
2.2011
3.89362
2.92469
3.93565
3.41314
4.95361
4.61352
4.23654
2.08963
3.1545
4.25214
3.67816
6.57141
4.19766
2.98835
3.97487
4.29509
4.79926
2.86445
3.91609
4.041
4.20688
4.61426
4.19607
3.68024
3.66146
5.31617
5.68658
4.06223
4.09565
4.28785
6.85681
3.6569
4.092
5.59786
3.79898
4.07998
5.28848
3.96668
4.09456
2.98777
3.90092
5.45639
3.56722
3.99989
3.595
4.06241
5.21459
3.22555
2.85744
3.33132
4.44858
4.12081
2.79311
4.20905
4.12161
2.65079
4.10735
3.85852
4.1156
4.72699
3.95167
4.55982
4.85615
2.66507
2.44439
3.6828
3.61194
3.98735
4.09556
3.33724
3.43693
2.54267
2.43644
2.67639
3.36749
4.60676
3.4196
4.34883
4.29619
3.54597
3.89352
2.25914
4.47755
2.45388
4.27599
3.33191
2.34993
4.65642
4.69586
4.82007
4.74537
5.37582
5.3813
4.09142
3.26313
5.99679
4.90751
3.93308
2.72138
5.94979
4.53897
4.11107
5.19194
5.28319
3.69532
3.14979
3.60172
3.59859
4.29457
3.525
3.25417
4.98567
3.37615
3.84429
3.75099
3.47377
4.1202
4.25378
3.84073
3.53536
3.30212
4.64676
3.3375
3.20572
4.10757
2.72253
3.14776
2.83108
4.59023
3.08459
3.9868
7.60545
3.20797
2.3799
3.94448
2.78538
2.99981
6.65938
3.83597
2.35483
4.67864
4.36446
3.7379
6.23079
3.15356
3.74213
3.81754
4.44587
1.83484
3.06724
4.03712
3.85703
2.38613
4.09364
3.84726
3.82602
4.44406
2.36301
3.4678
3.01526
4.23793
3.24009
3.15741
5.65152
5.89331
4.42488
4.21832
4.28582
2.59037
3.68877
3.1204
3.72282
5.12056
3.40911
2.76903
3.29731
2.91311
