6.19745
6.85439
6.4509
6.31473
6.23186
6.1105
6.19336
6.66609
7.38148
7.65387
7.6391
6.45026
6.84512
6.16497
6.81818
6.39498
6.90765
6.28561
6.33225
6.34424
6.45881
6.14742
6.21251
6.7981
6.54703
5.48586
5.91489
5.8571
7.38894
6.03201
5.78898
6.41424
6.31669
6.21984
6.22846
6.12915
6.03722
6.49625
7.53371
6.03506
5.99765
7.01724
6.47298
6.07296
7.19476
6.18094
5.86625
6.81265
6.58967
7.38067
6.31427
6.14111
6.65265
6.24847
6.52703
7.7403
6.70225
6.46923
6.12443
6.88921
6.58975
6.26867
6.72792
7.88641
6.32979
6.84299
6.87285
6.36012
6.0173
6.44887
6.58065
6.50794
6.53796
7.12693
6.34974
6.14814
6.48704
6.69984
5.91801
5.94193
6.31656
6.92682
6.57441
7.1734
6.40864
6.21555
6.6443
7.03784
6.64378
6.88492
6.44834
6.23494
6.66977
7.01704
6.36042
7.82136
6.59391
7.30225
6.46477
6.64107
5.9986
6.93171
6.45228
7.05696
6.72292
5.85405
6.23009
6.32928
6.39346
6.44024
6.40657
6.2362
6.95053
6.49498
7.05623
6.50844
6.94702
7.37648
5.79327
6.81756
6.12978
6.61572
7.03718
6.88621
7.49193
6.80706
7.32749
5.29577
7.11808
6.57566
6.39246
6.43596
6.49367
6.31288
6.31771
6.242
6.54898
6.50683
6.47676
6.34785
6.90595
6.49402
6.32815
6.70555
7.35775
7.13557
6.01593
6.71511
7.06712
7.43367
6.32919
5.6694
6.56216
6.86449
7.69661
6.08803
7.20304
6.6012
6.61404
6.99909
7.04803
5.9795
6.35041
6.12026
6.79608
6.77184
8.32825
7.10774
6.61492
6.76118
6.76014
6.7749
6.11443
6.42667
6.52789
6.65389
6.25135
6.86558
6.22955
7.01211
6.1601
6.53631
6.73499
5.83016
6.31381
6.32812
6.14849
6.18514
7.07393
6.70554
6.99131
6.86968
7.36164
6.24593
6.23142
6.37818
6.03502
6.28348
7.47821
6.80078
6.01591
5.6064
6.11257
6.62831
6.5876
6.48093
6.07836
9.03349
7.15895
6.46633
6.65795
6.29857
6.26751
6.29836
6.43622
6.45607
6.57044
6.57416
6.19033
6.93002
7.22509
6.8657
6.81022
6.11198
6.37692
6.5672
6.32969
6.69663
5.92049
8.1154
6.84932
6.8189
7.03268
6.33089
6.75216
6.7015
6.21732
6.17018
6.21581
6.44131
6.18581
6.21623
8.01085
6.62987
6.21597
9.88665
6.39387
6.449
6.03978
5.76458
6.16531
6.78288
6.91913
6.14773
6.8195
6.61387
5.53801
6.60416
6.5135
6.19329
5.73145
6.09297
5.8819
6.89654
6.41398
7.14268
6.9178
6.16591
7.64017
6.21665
7.5069
6.09736
7.86023
7.09285
7.00115
5.99774
7.59351
7.20419
6.69146
6.25656
7.12383
6.33139
6.43602
6.45862
7.41139
7.82135
6.93765
7.3749
6.5829
7.85107
6.64487
6.31534
6.39191
6.88563
5.97742
6.54144
6.74983
5.97855
6.2998
6.28283
7.62052
7.80965
7.06514
6.30068
6.81864
5.69365
6.65269
6.46581
6.70574
6.64064
7.05338
7.04154
6.64072
6.02292
6.6939
6.04174
6.55022
6.779
7.10564
7.64804
6.91299
6.66879
7.05757
6.25093
6.45149
6.16391
6.80732
6.53065
6.66798
5.80759
6.31916
7.13175
6.40801
6.72689
7.43563
5.76142
6.34777
6.04718
7.3104
6.6648
6.09111
6.23283
6.46543
6.32626
6.49392
6.62653
6.36673
6.3306
6.77369
6.3318
6.50186
6.7743
7.27831
5.98152
6.6273
6.98202
6.37626
7.06901
6.60125
6.21617
5.96428
5.81471
5.69117
7.1494
6.51132
7.37384
6.90698
6.73833
6.53677
6.4814
6.58769
7.5544
6.6029
6.07762
6.08056
6.36143
6.43845
6.44136
6.38173
6.37421
6.57571
7.4188
5.90777
8.12938
6.42507
6.20125
6.66272
6.14146
6.21587
5.92335
6.48065
7.01903
6.56796
6.67789
6.18117
6.36089
6.5639
6.5015
5.46775
5.58998
6.67682
6.16544
5.27175
5.95785
6.58946
6.64253
6.76941
7.20282
6.31476
6.19842
6.17679
6.58984
6.24891
7.05478
6.21773
6.40791
6.1418
6.58538
6.10942
6.54745
6.45018
6.56715
6.63304
5.81139
6.79993
6.26669
6.07322
5.93651
5.81457
7.54812
5.69263
6.97825
6.50886
6.67651
6.49287
7.29912
6.91755
6.80855
7.03822
5.96834
6.38051
6.48023
6.16489
7.43379
6.60139
6.1978
5.90524
6.28301
6.12981
6.23344
6.93271
6.61875
6.50885
6.83224
6.22756
6.84686
6.6023
6.71336
5.99051
7.35053
6.35263
6.71607
6.03585
6.64145
6.41509
6.20784
6.23258
7.24782
7.00878
7.35007
5.94839
7.3891
6.89596
6.49371
5.9997
5.83193
5.7404
6.26873
6.30167
6.89721
6.28227
6.10941
5.68839
6.46484
6.48038
6.33039
6.62243
6.40557
5.97805
6.84362
6.01609
6.49279
5.97613
6.39672
6.76192
6.5528
7.40471
6.49551
5.89486
6.22699
