2.7417
1.53889
2.42003
3.60957
1.78224
2.60831
3.20447
3.13338
2.99076
2.5974
3.0724
1.65992
2.69494
2.39888
2.13289
3.42818
2.3944
2.26764
1.89694
2.95575
2.73547
2.49867
3.24565
2.7686
3.2794
2.34867
2.31575
3.01918
3.50413
3.04407
2.36275
3.44964
1.70328
1.38478
3.02024
3.46195
2.67031
2.1456
1.69806
2.52645
2.65033
2.05992
3.19013
2.11798
1.95231
3.19967
2.56083
2.74165
2.75855
2.76895
2.56435
2.73496
2.74049
2.42067
2.59627
3.32368
3.36366
1.85329
2.52233
3.03219
3.44871
2.12567
4.0198
3.01039
2.91001
3.14997
2.94474
3.00201
2.95309
2.80756
2.66584
2.96382
2.00228
2.81119
1.99551
2.06664
1.94112
1.65015
1.67974
2.58385
3.78793
2.81313
1.71818
3.61783
2.30103
3.52657
2.3928
2.31251
3.18328
1.60831
2.83582
2.37081
1.97148
2.7021
3.11673
4.04846
2.36879
3.75261
2.98032
3.37454
2.75891
2.48576
2.89294
1.95338
2.75477
2.58177
3.18769
2.18288
3.691
2.16372
2.31556
2.06582
2.40049
1.81381
1.94812
2.99679
2.6543
2.43916
3.13522
2.78659
2.87996
3.03074
2.49503
2.59794
2.93021
1.39984
2.52888
2.21974
2.69748
2.47087
3.08719
2.98578
2.21041
2.09349
3.33553
3.572
2.78495
2.73174
2.07924
2.65902
2.51383
1.74911
2.54409
2.10582
3.15001
2.56014
3.30253
3.19214
2.87349
2.52489
1.6478
3.1282
2.79471
2.74264
2.94627
1.78419
1.89414
3.35994
2.72782
2.61404
2.32384
3.68456
4.11069
2.84025
2.08419
2.53527
2.81493
3.23721
2.20728
2.26653
4.16925
1.82219
2.02795
2.62382
2.68688
1.94874
2.37143
3.33156
3.51529
2.30383
2.51744
2.54414
1.8139
3.07357
3.13969
1.73239
1.76606
1.97283
2.14643
2.56168
2.7766
2.97235
2.58541
2.21693
2.09064
2.35247
3.59868
1.92501
3.16088
2.35194
2.76026
3.46272
3.77169
1.86126
1.31233
3.46641
2.62151
1.78986
2.25172
1.98957
3.07398
2.40626
3.26242
2.37167
2.22352
3.80345
1.77084
2.83413
3.17502
2.09713
3.06135
1.99674
1.83759
2.51543
2.82768
1.94602
3.99975
2.86207
2.33366
2.79549
2.24758
2.88089
1.89427
1.47279
1.92363
3.10114
2.21745
2.02516
2.98891
2.6628
3.53063
2.75458
3.079
2.82386
2.52351
3.52714
2.65006
2.36207
2.9456
4.67029
3.60479
3.34192
2.31331
2.36621
2.66073
2.24168
2.51997
2.98862
2.11852
1.73107
1.95901
3.04095
1.96354
2.51319
2.73607
2.30498
2.53727
3.14838
2.0467
2.97291
2.27053
2.64137
2.02141
2.20186
2.1497
2.92297
1.76772
2.49806
3.22355
2.03366
2.8138
2.15728
2.6871
2.81508
2.23013
1.66411
1.96899
2.67901
2.35379
2.90432
2.64531
1.71056
1.33133
3.31183
4.70396
1.93327
1.55044
3.26632
3.4322
1.93481
2.87817
2.62767
2.36067
1.95582
3.70105
3.50924
2.62244
3.33506
1.555
2.84644
3.45074
3.64064
2.25491
2.20467
2.745
2.67904
4.12537
2.01573
2.27015
2.50573
3.50015
2.71311
1.59919
3.02403
1.89114
2.65892
2.45855
2.94853
3.27374
3.29773
1.45554
1.96183
2.65762
2.56257
4.12874
3.08383
2.05576
2.75962
2.96328
3.14687
2.02778
2.5884
2.00388
3.04401
3.41582
3.00543
2.35351
2.68141
2.91901
3.32244
2.7384
2.76045
2.8333
3.32438
2.63978
2.96411
3.28016
2.69045
2.58358
3.56657
2.92893
2.76475
2.19996
2.79389
3.90879
2.63394
3.00078
2.40636
3.01058
3.73773
2.12045
2.01505
2.33015
3.01444
2.9547
1.89876
2.76205
3.20288
1.74141
2.59146
2.7396
2.64105
3.0828
2.42022
3.08772
2.68226
1.77106
1.80425
2.57443
2.63645
2.43859
3.0182
2.01175
2.4918
1.77915
1.73673
1.91636
2.32082
2.83717
2.23624
2.71782
2.82126
2.53817
2.92915
1.6584
3.05704
1.66398
2.95426
2.39188
1.69945
3.06387
2.99871
3.44236
3.18224
3.13445
3.54605
3.12131
2.19495
4.02313
3.38721
2.70454
2.02682
4.04896
3.22886
2.96806
3.58141
3.4433
2.51785
2.18583
2.67264
2.51431
2.8732
2.58857
2.22899
3.13547
2.32277
2.85983
2.37558
2.31954
2.89126
3.14719
2.76019
2.70502
2.36671
3.13879
2.27878
2.19611
2.94747
1.97088
2.3177
1.84757
3.08643
2.12666
2.5168
3.54634
2.40535
1.45374
2.73824
1.85055
2.22687
4.1374
2.65763
1.57366
2.87914
3.02239
2.69113
3.97325
2.13892
2.57398
2.49862
2.74619
1.11847
2.26214
2.67656
2.78654
1.59813
2.94591
2.7125
2.38706
3.30413
1.7147
2.52254
2.27921
2.98559
2.34472
2.26192
4.59274
3.74298
2.60283
2.69602
3.04205
1.6855
2.57775
2.09886
2.6462
3.54961
2.62727
1.72075
2.27848
2.11324
