3.99838
3.91064
3.40305
4.0472
3.89924
3.60347
4.32232
3.6509
3.89286
4.66123
4.24029
4.26052
3.84633
3.45727
4.13624
3.8417
3.83941
3.30809
3.65008
3.56297
3.48126
3.83549
3.79124
3.85847
4.08955
3.75131
4.14346
3.70989
4.31605
4.30461
3.46161
4.51068
4.38073
3.8696
4.28355
3.83909
3.74527
3.7755
3.70953
3.87122
4.00168
3.61374
3.29217
4.01878
3.55415
4.10553
3.7741
4.59244
3.81174
4.36819
4.05594
4.09254
3.39478
4.0698
4.67004
3.80006
3.77327
3.40389
4.01347
3.90705
3.84774
3.78129
3.86417
4.63926
3.924
4.33119
4.18405
3.94912
4.32989
4.12397
3.76874
4.08795
3.46383
4.26684
3.71954
3.81482
4.05908
4.23067
5.36983
3.6515
3.67631
3.94768
4.60371
4.04269
3.65325
3.95021
4.02644
4.08401
4.23631
3.72978
3.65864
4.15565
3.90232
4.4092
3.81892
3.77663
4.12076
4.05071
3.82879
3.9081
3.52347
4.5264
4.21018
4.18871
3.5403
3.97332
4.31786
3.68178
4.43754
3.97948
3.96806
3.64356
3.97823
3.94665
3.72321
3.993
3.69956
3.48878
5.06243
3.82798
4.73052
3.60785
4.05828
3.58053
4.61246
4.18069
4.44588
4.24592
4.28598
3.59218
3.76295
4.51287
3.89108
4.17805
3.93932
3.86756
4.61705
3.76648
4.18687
3.54353
3.52964
3.71652
3.89362
4.02928
4.08765
3.90415
3.98064
4.02581
3.62383
3.91564
3.76008
3.93031
3.7733
4.11142
4.29296
3.57217
3.6204
3.56674
3.68265
4.30488
3.41119
4.39077
4.18551
3.63294
3.47785
3.32414
3.89063
4.0559
3.66789
3.99298
4.43861
3.47519
3.47665
4.18717
4.06414
3.97479
4.14044
3.85577
3.91103
3.96781
4.01573
4.77492
3.83074
3.69792
3.97225
5.08567
4.40686
4.65112
3.63224
4.02226
4.10815
3.80587
3.84971
3.93981
5.40633
3.7059
3.9234
3.71569
3.99353
3.83066
3.54184
4.35608
3.80932
3.73856
4.03648
4.11775
3.72621
3.74548
3.96136
3.79453
3.86142
3.73935
3.81262
3.66969
4.35617
4.93137
3.83426
3.74291
3.05745
3.93145
3.61457
4.03196
3.57062
3.91304
4.04166
4.47187
4.02269
3.79369
3.97839
4.38744
3.9941
3.48004
3.86123
3.45423
4.38337
4.02594
3.9726
3.92592
3.69618
3.49647
4.49405
4.90445
3.57163
3.6391
4.29056
3.83725
4.03671
4.04473
4.15475
3.84422
3.9645
3.50214
3.80406
4.28936
3.6925
4.30471
4.03274
4.05564
3.99771
3.76537
4.11687
3.82899
3.80825
4.87788
4.08654
4.22635
3.50062
4.01476
3.87117
3.65958
4.25048
3.92859
4.13448
3.81508
3.7255
4.78022
3.696
4.00519
3.34441
3.63758
3.66157
4.33488
3.31702
3.82736
4.60619
3.97699
3.98298
3.62498
3.67386
3.56576
4.02734
3.6559
4.11971
4.04639
3.86991
3.55008
3.77502
4.24764
4.44171
3.2788
3.85165
4.85004
3.67609
3.65284
3.93451
4.04401
4.59079
4.32383
3.81895
4.42452
4.04091
4.44035
4.34829
4.25136
4.11706
3.90087
4.36278
3.84178
3.65111
3.88965
3.95458
3.61697
3.91392
3.78293
3.64944
3.40225
4.02869
3.68566
4.00872
4.09215
3.90619
4.11786
4.19911
3.38703
3.91202
3.88132
3.87432
3.81058
3.40284
3.36034
4.1096
5.09186
3.67457
3.93312
3.78382
4.16936
3.77623
3.98161
3.52171
3.78662
3.76782
4.43145
4.12723
3.77634
3.88388
3.97459
3.77012
3.83164
5.02056
3.7233
4.09214
4.55719
4.13474
3.66987
4.25403
4.27623
3.72067
3.77478
3.91234
4.75783
3.55309
3.87211
3.93322
4.28948
4.3652
3.52467
3.578
4.1813
4.25649
3.57957
3.76942
4.15635
3.69887
4.15135
3.60995
3.68191
3.98643
3.83237
4.30846
4.43496
3.55611
3.64956
4.82698
3.29261
3.8252
3.68276
4.00068
3.61992
3.73834
4.16868
3.66533
3.85315
4.23164
3.94736
3.86221
3.50073
3.93796
3.46594
4.11109
3.39204
4.25445
4.04286
4.00413
4.03636
3.91796
3.90702
3.80104
3.70578
4.07656
4.00387
4.70775
4.00739
4.40195
3.9229
4.01818
4.12446
3.93469
4.38151
4.08897
3.61293
3.38832
4.0035
3.97308
3.68345
3.84747
3.92427
3.71626
3.85695
3.89519
4.65622
3.83822
3.74452
4.24736
3.83281
3.59617
4.02179
4.16599
4.23705
4.0384
3.67014
4.14543
4.00932
3.7392
3.72105
4.48851
4.21493
3.94072
3.56816
4.44448
3.93005
3.54241
3.76933
4.32976
4.25398
3.63972
4.06221
4.28341
3.95041
4.84242
3.57099
3.8529
3.44263
4.00013
4.12868
3.47865
4.1972
4.00989
3.83942
3.85451
3.96261
3.46177
4.04307
3.9758
3.79019
4.44609
4.34438
4.59475
4.13121
3.81908
4.39082
3.51986
3.50929
4.66674
4.10646
3.95918
3.59052
3.9488
3.89474
3.78263
4.10345
