4.09405
4.00307
3.4696
4.13738
3.98521
3.67838
4.4208
3.75153
3.9858
4.77573
4.3623
4.36308
3.93084
3.54128
4.22535
3.93245
3.92167
3.37988
3.74285
3.64632
3.55734
3.92274
3.90048
3.97586
4.18833
3.85174
4.2251
3.79932
4.40122
4.39977
3.54244
4.62173
4.48622
3.96066
4.38604
3.92587
3.82224
3.87016
3.77995
3.95731
4.1113
3.68712
3.3754
4.1251
3.64268
4.20727
3.84713
4.84504
3.89333
4.4584
4.16812
4.18468
3.46607
4.18032
4.79113
3.88839
3.86289
3.47122
4.10009
3.99218
3.93595
3.88208
3.95658
4.74661
4.01385
4.44589
4.30203
4.04185
4.4593
4.23133
3.8536
4.19708
3.53774
4.37844
3.82702
3.91075
4.15345
4.4596
5.60079
3.75082
3.7577
4.05154
4.77089
4.12912
3.73315
4.03948
4.12973
4.18377
4.32992
3.82159
3.75494
4.26183
3.98861
4.50784
3.91092
3.87395
4.2434
4.16592
3.91799
3.9994
3.60797
4.63691
4.30942
4.30861
3.62842
4.06476
4.42474
3.79251
4.54497
4.08112
4.06967
3.72501
4.07029
4.03296
3.8107
4.10106
3.78328
3.56705
5.16998
3.91333
4.89852
3.68327
4.14513
3.65971
4.71031
4.27319
4.53095
4.34033
4.38394
3.67917
3.84886
4.64339
3.98164
4.25949
4.04534
3.96912
4.85909
3.84908
4.31838
3.61552
3.61211
3.79807
3.99611
4.12405
4.16989
4.03034
4.06747
4.12658
3.70218
4.004
3.85308
4.03932
3.85988
4.19917
4.39739
3.66463
3.69405
3.65381
3.75789
4.42623
3.48943
4.49471
4.36578
3.71197
3.55426
3.39481
3.98185
4.14497
3.75199
4.1087
4.53538
3.55143
3.55466
4.29869
4.16837
4.05955
4.2412
3.94297
4.01764
4.08647
4.10354
4.88298
3.92019
3.80326
4.07015
5.23926
4.51875
4.80163
3.71593
4.11046
4.20572
3.88924
3.94079
4.03356
5.7653
3.78065
4.07734
3.87715
4.07705
3.93689
3.62375
4.47517
3.90107
3.82182
4.12066
4.26582
3.80143
3.83578
4.04545
3.89625
3.94591
3.81304
3.89668
3.76925
4.45106
5.07103
3.93874
3.81346
3.13087
4.01752
3.6901
4.12489
3.66681
4.01617
4.15573
4.59589
4.1172
3.90008
4.08024
4.52738
4.06797
3.55726
3.94451
3.52456
4.55296
4.14189
4.06014
4.03775
3.7877
3.57485
4.64527
5.02314
3.65599
3.73292
4.39261
3.94223
4.12898
4.14296
4.27216
3.94315
4.08646
3.57521
3.95592
4.40723
3.77542
4.3981
4.12286
4.1504
4.12296
3.84578
4.20055
3.90925
3.8878
5.01237
4.19179
4.36539
3.5776
4.10316
3.96783
3.74666
4.37005
4.02664
4.23617
3.90438
3.80786
4.90228
3.77368
4.09444
3.42576
3.72422
3.74637
4.41735
3.38744
3.93667
4.70626
4.07657
4.06773
3.70978
3.75308
3.64158
4.11727
3.74163
4.19299
4.13041
3.95238
3.62672
3.85512
4.37833
4.55016
3.35105
3.94133
5.03615
3.76039
3.75654
4.01948
4.14424
4.73842
4.43555
3.90777
4.54338
4.13687
4.55415
4.44144
4.35245
4.19666
4.00437
4.52304
3.93929
3.74228
3.98527
4.03544
3.69242
3.99843
3.87041
3.73002
3.48189
4.10789
3.75339
4.10229
4.19505
3.99166
4.21188
4.293
3.46539
3.98607
3.97032
3.96832
3.89939
3.51534
3.44075
4.20811
5.38979
3.75102
4.0224
3.86452
4.26385
3.86076
4.08273
3.59769
3.87248
3.85504
4.54478
4.22288
3.86323
3.95726
4.07162
3.86162
3.91516
5.22103
3.82321
4.19135
4.65391
4.24211
3.74955
4.35624
4.36914
3.80039
3.87413
4.01609
4.90847
3.63037
3.95889
4.02047
4.37901
4.55857
3.60232
3.67681
4.2972
4.37368
3.663
3.85037
4.25093
3.87828
4.2512
3.68471
3.75426
4.09098
3.9437
4.55748
4.52499
3.64875
3.73362
4.97711
3.36243
3.91684
3.75578
4.08971
3.70288
3.82823
4.26239
3.74272
3.9411
4.33711
4.03418
3.95799
3.58582
4.02018
3.54897
4.22691
3.4731
4.3597
4.12595
4.1217
4.13067
4.00568
3.99302
3.89108
3.80365
4.17357
4.09431
4.84581
4.10783
4.48194
4.00573
4.10254
4.21377
4.02306
4.50006
4.23514
3.71028
3.465
4.09497
4.06798
3.75823
3.94754
4.00534
3.79818
3.95093
3.98671
4.76039
3.92387
3.82172
4.35254
3.91999
3.67381
4.12732
4.25926
4.35194
4.12852
3.75863
4.27941
4.1121
3.8134
3.80707
4.71997
4.32454
4.03276
3.64911
4.55654
4.00661
3.62105
3.86154
4.42608
4.38184
3.7236
4.15785
4.38485
4.04057
5.07815
3.65231
3.93699
3.52607
4.08431
4.21403
3.54885
4.34032
4.11319
3.93699
3.93721
4.0469
3.53743
4.13637
4.05554
3.87267
4.56108
4.45768
4.68491
4.32895
3.9062
4.49243
3.59876
3.57829
4.79807
4.22418
4.06338
3.66359
4.06551
3.98214
3.86182
4.20359
