2.93282
3.3737
2.78998
2.62889
2.71963
2.44341
3.02383
2.88771
3.50987
3.48501
3.00205
2.53582
2.57143
3.49116
3.03254
2.94007
2.81495
2.91918
3.57239
3.14906
3.66295
2.44088
3.17518
2.74903
2.82659
4.16697
3.49959
3.61044
2.43814
2.19785
3.3975
2.76372
2.92873
3.30519
3.11413
3.36632
3.53638
3.29544
3.41046
2.9024
3.25322
3.32778
2.65453
3.07985
2.55571
3.18876
2.98544
2.56307
2.66072
3.20437
3.56847
3.42047
2.25416
2.91168
3.81196
2.54006
2.88375
2.31782
3.03694
3.09742
3.41925
2.6978
2.07544
2.80518
3.78672
1.74458
4.20724
3.48303
3.20806
2.47559
2.87959
2.32326
2.71387
3.26836
2.80014
2.91068
3.36376
3.33585
2.55711
2.96318
2.56619
2.61309
2.59228
3.01527
2.62478
2.84907
3.14439
2.93408
2.62787
3.48181
3.17493
3.66762
3.50038
2.95048
2.96176
2.86216
3.2181
3.3119
2.815
2.47701
2.91566
2.96506
3.28671
3.26646
3.0418
3.12655
3.70946
3.09604
2.99799
3.50923
2.9719
2.97222
3.03887
2.75349
3.22418
2.46178
2.69359
2.77267
2.77672
3.39431
3.12408
3.33822
2.74225
2.54785
2.78064
2.73873
2.72859
2.2017
2.76002
2.62796
3.31141
3.1925
2.69408
3.57721
2.57025
3.02608
3.58602
3.37896
3.42701
3.32109
2.25831
2.31897
3.34833
2.71201
2.41663
3.454
2.61815
2.54095
2.81674
3.78117
2.22987
2.22631
2.97695
3.41957
3.1833
2.69695
3.19824
3.21084
2.39555
2.61951
2.33419
2.79108
2.71006
2.69482
2.74376
3.62337
4.16148
2.97531
2.40736
4.02933
3.93273
3.28686
3.58228
2.69115
3.12066
3.01524
2.34218
3.15438
2.8526
3.42371
2.34817
3.2567
2.29764
3.35348
2.76646
3.34712
2.95455
2.53976
2.53762
2.83181
3.08261
1.91358
3.22281
3.41941
3.30758
2.58628
2.60347
3.88818
2.76827
4.00271
2.62912
2.43765
2.77735
3.12701
3.00188
3.16357
2.63738
3.13168
3.01261
3.24597
3.3293
3.38533
2.72827
2.70677
3.48342
2.86905
2.61955
2.79854
2.61713
2.38179
2.63671
2.42653
3.57181
2.81919
2.22972
4.32929
3.25939
2.49788
2.91861
3.88813
3.59667
2.89573
2.8026
2.48771
2.70944
2.78459
3.21936
3.22046
2.72889
2.56952
3.13048
3.39068
2.99686
2.86997
3.62434
2.55762
3.42065
3.08873
2.57543
2.98846
2.82379
2.96344
2.97111
2.8085
3.36626
3.31014
2.87934
3.41136
3.22308
3.52208
3.30029
2.72412
3.62212
3.08584
4.10922
2.70126
2.44107
3.16937
2.28525
2.8861
2.60361
3.48829
3.15908
2.61045
3.69687
2.86223
4.05508
3.0877
2.00704
2.48179
3.52786
3.46879
3.21424
3.02181
2.56725
2.74137
3.43848
2.84126
3.73254
3.54082
2.58338
2.4286
3.26564
3.10464
2.70562
3.34631
2.67024
3.2867
2.85065
3.41673
2.64154
3.68712
3.08918
3.05642
2.49614
2.73305
2.7761
3.29397
3.11061
2.80112
2.55775
3.0228
3.26528
3.54126
2.48522
2.7645
2.64355
3.17457
3.58462
2.78756
2.81954
2.53774
2.41859
2.97276
3.24385
2.57797
3.39574
2.6762
3.07321
2.89456
3.11908
3.63204
2.55889
3.12617
2.8937
3.7487
2.82298
3.10559
3.59613
3.53052
3.21189
3.14333
2.83025
3.90132
2.71757
3.19962
3.365
2.95359
2.82801
3.07589
2.61928
2.41416
2.57143
3.36865
2.23972
2.40676
3.15126
2.81846
3.3645
2.98211
2.57248
2.73006
2.65041
2.26029
3.15115
2.53727
3.83765
2.83685
2.63443
2.94758
2.53326
2.89574
2.35436
2.68629
3.60647
2.96338
3.4151
2.59871
2.77748
2.84404
2.54179
3.43175
2.80604
3.34366
2.6965
3.1855
3.26329
2.99097
2.87458
2.90742
2.79025
3.02834
3.1254
2.70795
2.90573
3.03296
3.01214
3.07186
2.49167
2.56824
2.83577
2.34615
2.80366
3.13232
2.487
4.07692
3.31028
2.64137
3.23398
2.52013
2.93637
2.77045
2.72916
3.308
3.02859
2.99999
3.07214
2.80491
3.59646
3.39252
3.12618
2.4499
3.44496
2.90209
3.21642
2.3249
2.80216
3.07991
3.43994
3.03215
3.09364
2.7061
2.51901
3.12611
3.28504
2.62889
2.91991
2.38008
3.42012
2.54256
3.47572
3.46265
2.8717
2.84791
2.87113
3.05866
2.95281
4.01976
3.01076
2.60329
3.24003
2.91185
2.6464
3.42851
3.18801
3.15343
3.10975
3.21061
2.97024
3.33663
3.24827
3.31216
3.86099
2.98859
4.09018
3.55248
2.98849
2.69533
2.80957
2.83807
3.29337
2.85447
3.28557
2.73247
3.11049
2.5822
2.63429
2.29287
3.56767
3.51969
3.02994
3.29656
2.68009
2.99481
2.44351
2.69453
2.61858
3.15057
3.25786
3.01199
2.43657
3.79594
2.66041
3.40627
2.84697
2.58187
3.29977
3.39992
2.60695
3.26513
