2.50619
2.50526
2.65463
2.89434
2.52963
2.67892
2.66182
2.65178
2.59062
2.75874
2.55676
2.59958
2.98962
3.00142
3.16504
2.72385
2.55544
2.80772
3.13335
2.48928
2.52182
2.50473
2.81878
2.83775
2.5333
2.77817
2.73728
2.90783
2.92974
2.81044
2.62571
3.16588
2.61067
2.9091
2.74255
2.85099
2.82153
2.60028
2.95895
3.03447
2.54682
2.53956
2.6362
2.58931
2.56494
2.68251
2.71267
2.73208
2.61163
2.7941
2.68597
2.7125
2.58391
2.78264
2.8159
2.65839
2.5147
2.44827
2.51708
2.4744
2.58129
2.65398
2.60847
2.58714
2.88125
2.65056
2.82214
2.97924
3.07984
2.4831
2.72368
2.66779
2.4457
2.60427
2.57871
2.67405
3.06783
3.3047
2.43007
2.64188
2.70074
2.55352
2.69427
2.641
2.80382
2.97099
2.54597
2.63584
2.69936
2.62638
2.94049
2.78743
2.90754
2.86324
2.81068
2.60563
2.63098
2.5976
2.39506
2.65789
2.72996
2.93474
2.50634
2.88002
2.76925
2.991
2.65324
2.69972
2.77519
2.77836
2.8411
2.73797
2.70962
2.84378
2.62754
2.76936
2.47041
2.68989
2.76395
2.94677
3.2028
2.93128
2.99786
2.69998
2.88913
2.55822
2.55308
2.69254
2.78116
2.6394
2.85234
2.64863
2.69715
2.41875
2.59046
2.59713
2.76207
2.53322
2.71554
2.74055
2.97434
2.80094
2.59805
2.71433
2.64427
2.38802
2.44205
2.44313
2.66008
2.57467
2.86858
2.75968
2.6197
2.59539
2.68236
2.61649
2.60595
2.62188
2.88006
2.75759
2.7984
2.64971
2.96161
2.57934
2.8859
2.54472
2.88439
2.56641
2.64388
2.66836
2.93761
2.81921
2.84841
2.64456
2.64852
2.63496
2.73592
2.55398
2.43365
2.76254
2.74009
2.52065
2.74594
2.64405
2.64464
2.74422
2.70866
2.64884
2.8784
2.70649
2.95533
2.44016
2.48138
2.75177
2.72608
2.74878
2.65773
2.75557
2.63785
2.69433
2.84514
2.5774
2.66916
2.50049
2.63353
2.7574
2.65767
2.8626
2.57511
2.40363
2.88446
2.89427
2.69148
2.72937
2.70929
2.80182
2.80051
2.82001
2.31754
2.61983
2.83294
2.81188
2.80685
2.38355
2.93657
2.97849
2.88674
2.94549
2.63484
2.58006
2.67703
2.38898
3.11883
2.46418
2.3515
2.74981
2.59825
2.60741
2.74307
2.64773
2.61077
2.81861
2.65691
2.53188
2.87815
2.80639
2.53156
2.58059
2.90721
2.76859
3.01218
2.53978
2.555
2.32963
2.57318
2.36276
2.67342
2.60879
2.64266
2.68497
2.85306
2.53147
2.60839
2.45524
2.7415
2.87854
2.55913
2.57183
2.55873
2.75796
2.56571
2.55992
2.55302
2.99266
2.70159
2.81064
2.66797
2.86469
2.6638
2.84119
2.73281
2.60709
2.61926
2.45697
2.89328
2.43706
2.75874
2.75878
2.65125
2.86754
2.76691
2.66023
2.80326
2.65812
2.70638
2.84457
2.63641
2.49633
2.49945
2.6945
2.99601
3.11735
2.68797
2.30199
2.8701
2.46031
2.44958
2.77075
2.52825
2.54326
2.67252
2.67781
2.71449
2.71323
2.83359
2.57523
2.53813
2.68485
2.75965
2.74408
2.61219
2.61007
2.36034
2.47296
2.91388
2.73484
2.83975
2.7212
2.60011
2.49869
2.66027
2.77858
2.85658
2.71809
2.76952
2.70125
2.77133
3.08417
2.74742
2.95956
2.8138
2.50134
2.35378
2.698
2.53693
2.72831
2.72418
2.64984
2.41568
2.45302
2.5197
2.74054
2.76357
2.66945
2.79833
2.59493
3.10868
2.75736
2.88354
2.68971
2.88138
2.90577
2.56968
2.6182
2.86913
2.50769
2.60389
2.89495
2.78157
2.58938
2.54824
2.44717
2.83852
2.73513
2.71379
2.76848
2.66111
2.764
2.67701
2.72999
2.50559
2.57158
2.62586
2.63758
2.43177
2.67631
2.65438
2.64946
2.62731
2.89488
2.47396
2.6163
2.73737
2.78676
2.66275
2.99774
2.44617
2.37466
2.64643
2.78535
2.68718
2.64571
2.48054
2.46671
2.56658
2.70561
2.71571
2.53316
2.8401
2.74331
2.46154
2.77713
2.66837
2.71941
2.74711
2.80772
2.64509
2.52785
2.64295
2.80813
2.33372
2.68352
2.59678
2.71127
2.54594
2.84124
2.74429
2.74592
2.55245
2.39432
2.78759
2.62088
3.17235
2.76645
2.82528
2.51749
2.79443
2.63337
2.5822
3.05587
2.97048
2.86765
2.80821
2.81624
2.56105
2.69529
2.82792
3.14406
2.84141
2.73796
2.61296
2.7631
2.74286
2.84739
2.71875
2.87643
2.59051
2.73952
2.34649
2.74707
2.68806
2.42055
2.91702
2.95488
2.68778
2.53169
2.72082
3.15833
2.83281
2.5455
2.60919
2.8534
2.47524
2.93921
3.25617
2.88478
2.52467
2.77919
2.78077
2.79796
2.91985
2.73147
2.62184
2.96672
2.68179
2.71094
2.64096
2.92074
2.93388
2.75668
2.73644
2.49353
3.09013
3.00769
2.74396
2.71305
2.79811
2.66
2.65829
2.73942
