4.05855
4.15953
3.93302
4.20119
3.90006
4.00218
3.94005
4.33877
4.512
5.01062
4.77274
4.08121
4.40781
3.9436
4.42024
4.093
4.5749
4.03806
4.1817
4.18229
4.17775
4.12945
4.0376
4.35843
4.49225
3.56875
3.86702
3.86695
4.8627
4.06684
3.67902
4.35173
3.99408
4.28706
4.09647
3.86092
3.82511
4.18176
4.90337
4.07633
3.70263
4.24425
4.09953
3.76761
4.24662
4.13956
3.78887
4.34302
4.394
4.77322
4.04622
4.06888
4.48994
4.00141
4.07449
5.08068
4.50165
4.1333
3.88248
4.53937
3.99549
4.09513
4.38025
5.41646
4.15311
4.44192
4.48102
4.11215
3.8289
4.23939
4.11132
4.20415
4.17758
4.8075
4.10717
3.94698
4.42884
4.44507
3.78942
3.66595
4.11774
4.73375
4.13184
4.5026
4.14013
4.0481
4.40807
4.521
4.33682
4.37326
4.11409
4.17741
4.27783
4.44102
4.23167
4.8211
4.02994
4.53144
4.23183
4.25718
3.83368
4.57334
4.1875
4.30418
4.4141
3.80538
4.12552
3.93667
4.10061
4.18701
4.23416
4.07222
4.51167
4.22716
4.29639
4.29843
4.54266
4.64112
3.80638
4.48436
4.09776
4.51035
4.41046
4.64639
4.78239
4.05786
4.99843
3.56353
4.85545
4.23234
4.34116
4.35415
4.25237
3.96544
4.28783
4.03349
4.34959
4.34471
4.36909
4.1256
4.44776
4.37771
4.22976
4.55201
4.51974
4.41402
3.94056
4.44304
4.32743
5.04212
4.10476
3.6929
4.47636
4.48081
4.89914
4.18373
4.56631
4.44199
4.251
4.72146
4.39745
3.96769
4.10426
3.96801
4.35279
4.50158
5.75196
4.67736
4.37843
4.26539
4.42726
4.62983
3.94265
4.10193
4.22738
4.05924
4.02356
4.39484
4.09326
4.91983
4.0978
4.07836
4.39267
3.72439
4.18006
4.30068
4.13136
3.9498
4.34017
4.06758
4.6947
4.34859
5.16104
4.08578
4.18612
4.26871
4.03292
4.14085
4.83223
4.44966
3.81201
3.93457
3.99245
4.4462
4.2147
4.54149
4.04732
5.81038
4.58373
4.17645
4.34439
4.17029
4.03069
4.2517
4.31403
4.3049
4.35078
4.27074
4.10525
4.70964
4.70832
4.45321
4.17023
4.08054
4.31414
3.85272
4.20491
4.76642
3.80877
5.56035
4.61649
4.45234
4.01051
3.94735
4.42148
4.28162
3.75837
3.84949
3.94882
4.14205
3.78997
4.2847
4.84374
4.32792
4.03583
7.35102
4.05685
4.29636
4.12906
3.65961
3.82616
4.70216
4.13752
4.12316
4.50387
4.25234
3.63255
4.33883
4.2382
4.14583
3.77821
3.93643
3.95936
4.40328
4.33981
4.78012
4.33319
4.22518
4.46303
4.02227
5.13499
3.84086
4.82027
4.53548
4.46075
3.96986
4.75738
4.28843
4.08073
4.18979
5.05998
4.13402
4.20344
4.34529
4.68764
4.70666
4.57826
4.68473
4.33167
5.49591
4.11005
4.14184
4.14223
4.55759
3.79861
4.38827
3.97731
3.69008
4.05854
4.26454
4.8864
5.28259
4.3965
4.12011
4.45343
3.67322
4.36395
4.14434
4.81153
4.24764
4.67601
4.56538
4.29053
3.98589
4.4425
3.99628
4.28323
4.25173
4.88106
4.37296
4.37327
4.57827
4.60319
4.14069
4.33033
4.07595
4.39026
4.45716
4.42342
3.76631
4.26393
4.96246
3.77356
4.33249
4.38345
3.59632
4.07608
3.98302
4.59043
4.63527
4.02524
4.00629
4.06471
4.14595
4.013
4.2908
4.04689
3.87276
4.4169
3.99308
4.23623
4.25789
4.70912
4.03103
4.23425
4.49753
4.24761
4.37337
4.129
4.07685
3.83774
3.88034
3.80072
4.66007
4.27895
4.72775
4.57885
4.29123
4.26328
4.37769
4.16516
5.04944
4.18605
4.0139
3.83491
4.09165
4.18679
4.08105
3.83608
4.25826
4.36589
4.78437
3.94021
5.16263
4.33746
4.05139
4.54801
4.1122
4.10264
3.7977
4.23902
4.66025
4.13995
4.33232
3.97852
4.26802
4.39972
4.3917
3.49613
3.49224
4.23041
4.02279
3.49949
3.85786
4.44507
4.56553
4.6455
4.69178
4.09863
4.14573
4.13866
4.28739
4.1068
4.74168
3.78252
4.16546
3.99888
4.41545
4.00338
4.14051
4.07283
4.32328
4.41947
3.76857
4.5147
4.02824
3.97425
3.91513
3.88817
4.47873
3.78796
4.73097
4.6886
4.32188
4.17174
5.12284
4.15653
4.46416
4.11964
3.92346
4.13026
4.03102
4.03077
4.70011
4.33012
3.82154
3.79705
3.99941
4.02051
4.13689
4.56576
4.42141
4.33153
4.47053
3.92774
4.64645
4.35797
4.46007
3.88859
5.0355
4.34549
4.51682
3.70484
4.40285
4.00376
4.33591
4.04924
4.26188
4.68061
4.41438
3.77362
4.91282
4.46514
4.09824
3.86155
3.83567
3.72076
4.05231
4.03189
4.58086
4.01193
4.01728
3.69108
4.13332
4.16424
4.12096
4.53827
3.96344
3.95763
4.5238
3.94686
4.11157
3.97327
4.13262
4.4898
4.11805
4.85412
4.25561
3.84835
4.13998
